0.850651 0.525731 0.000000
-0.850651 0.525731 0.000000
-0.850651 -0.525731 0.000000
0.850651 -0.525731 0.000000
0.525731 0.000000 0.850651
0.525731 0.000000 -0.850651
-0.525731 0.000000 -0.850651
-0.525731 0.000000 0.850651
0.000000 0.850651 0.525731
0.000000 -0.850651 0.525731
0.000000 -0.850651 -0.525731
0.000000 0.850651 -0.525731
0.309017 0.500000 0.809017
-0.309017 0.500000 0.809017
0.000000 0.000000 1.000000
-0.309017 -0.500000 0.809017
0.309017 -0.500000 0.809017
0.000000 0.000000 -1.000000
-0.309017 0.500000 -0.809017
0.309017 0.500000 -0.809017
0.309017 -0.500000 -0.809017
-0.309017 -0.500000 -0.809017
0.809017 0.309017 0.500000
0.809017 -0.309017 0.500000
1.000000 0.000000 0.000000
0.809017 -0.309017 -0.500000
0.809017 0.309017 -0.500000
-0.809017 -0.309017 0.500000
-0.809017 0.309017 0.500000
-1.000000 0.000000 0.000000
-0.809017 0.309017 -0.500000
-0.809017 -0.309017 -0.500000
0.500000 0.809017 0.309017
0.500000 0.809017 -0.309017
0.000000 1.000000 0.000000
-0.500000 0.809017 -0.309017
-0.500000 0.809017 0.309017
0.000000 -1.000000 0.000000
0.500000 -0.809017 -0.309017
0.500000 -0.809017 0.309017
-0.500000 -0.809017 0.309017
-0.500000 -0.809017 -0.309017
0.433889 0.259892 0.862669
0.162460 0.262866 0.951057
0.273266 0.000000 0.961938
0.000000 0.525731 0.850651
-0.162460 0.262866 0.951057
-0.433889 0.259892 0.862669
-0.273266 0.000000 0.961938
0.160622 0.702046 0.693780
-0.160622 0.702046 0.693780
0.162460 -0.262866 0.951057
0.433889 -0.259892 0.862669
-0.162460 -0.262866 0.951057
0.000000 -0.525731 0.850651
-0.160622 -0.702046 0.693780
0.160622 -0.702046 0.693780
-0.433889 -0.259892 0.862669
0.273266 0.000000 -0.961938
0.162460 0.262866 -0.951057
0.433889 0.259892 -0.862669
-0.162460 0.262866 -0.951057
0.000000 0.525731 -0.850651
-0.160622 0.702046 -0.693780
0.160622 0.702046 -0.693780
-0.273266 0.000000 -0.961938
-0.433889 0.259892 -0.862669
0.433889 -0.259892 -0.862669
0.162460 -0.262866 -0.951057
0.000000 -0.525731 -0.850651
-0.162460 -0.262866 -0.951057
-0.433889 -0.259892 -0.862669
0.160622 -0.702046 -0.693780
-0.160622 -0.702046 -0.693780
0.862669 0.433889 0.259892
0.951057 0.162460 0.262866
0.961938 0.273266 0.000000
0.850651 0.000000 0.525731
0.951057 -0.162460 0.262866
0.862669 -0.433889 0.259892
0.961938 -0.273266 0.000000
0.693780 0.160622 0.702046
0.693780 -0.160622 0.702046
0.951057 0.162460 -0.262866
0.862669 0.433889 -0.259892
0.951057 -0.162460 -0.262866
0.850651 0.000000 -0.525731
0.693780 -0.160622 -0.702046
0.693780 0.160622 -0.702046
0.862669 -0.433889 -0.259892
-0.862669 -0.433889 0.259892
-0.951057 -0.162460 0.262866
-0.961938 -0.273266 0.000000
-0.850651 0.000000 0.525731
-0.951057 0.162460 0.262866
-0.862669 0.433889 0.259892
-0.961938 0.273266 0.000000
-0.693780 -0.160622 0.702046
-0.693780 0.160622 0.702046
-0.951057 -0.162460 -0.262866
-0.862669 -0.433889 -0.259892
-0.951057 0.162460 -0.262866
-0.850651 0.000000 -0.525731
-0.693780 0.160622 -0.702046
-0.693780 -0.160622 -0.702046
-0.862669 0.433889 -0.259892
0.259892 0.862669 0.433889
0.262866 0.951057 0.162460
0.000000 0.961938 0.273266
0.525731 0.850651 0.000000
0.262866 0.951057 -0.162460
0.259892 0.862669 -0.433889
0.000000 0.961938 -0.273266
0.702046 0.693780 0.160622
0.702046 0.693780 -0.160622
-0.262866 0.951057 0.162460
-0.259892 0.862669 0.433889
-0.262866 0.951057 -0.162460
-0.525731 0.850651 0.000000
-0.702046 0.693780 -0.160622
-0.702046 0.693780 0.160622
-0.259892 0.862669 -0.433889
0.000000 -0.961938 0.273266
0.262866 -0.951057 0.162460
0.259892 -0.862669 0.433889
0.262866 -0.951057 -0.162460
0.525731 -0.850651 0.000000
0.702046 -0.693780 -0.160622
0.702046 -0.693780 0.160622
0.000000 -0.961938 -0.273266
0.259892 -0.862669 -0.433889
-0.259892 -0.862669 0.433889
-0.262866 -0.951057 0.162460
-0.525731 -0.850651 0.000000
-0.262866 -0.951057 -0.162460
-0.259892 -0.862669 -0.433889
-0.702046 -0.693780 0.160622
-0.702046 -0.693780 -0.160622
0.425325 0.688191 0.587785
0.587785 0.425325 0.688191
0.688191 0.587785 0.425325
0.425325 0.688191 -0.587785
0.688191 0.587785 -0.425325
0.587785 0.425325 -0.688191
0.587785 -0.425325 0.688191
0.425325 -0.688191 0.587785
0.688191 -0.587785 0.425325
0.587785 -0.425325 -0.688191
0.688191 -0.587785 -0.425325
0.425325 -0.688191 -0.587785
-0.587785 0.425325 0.688191
-0.425325 0.688191 0.587785
-0.688191 0.587785 0.425325
-0.587785 0.425325 -0.688191
-0.688191 0.587785 -0.425325
-0.425325 0.688191 -0.587785
-0.587785 -0.425325 0.688191
-0.688191 -0.587785 0.425325
-0.425325 -0.688191 0.587785
-0.587785 -0.425325 -0.688191
-0.425325 -0.688191 -0.587785
-0.688191 -0.587785 -0.425325
