0.850651 0.525731 0.000000
-0.850651 0.525731 0.000000
-0.850651 -0.525731 0.000000
0.850651 -0.525731 0.000000
0.525731 0.000000 0.850651
0.525731 0.000000 -0.850651
-0.525731 0.000000 -0.850651
-0.525731 0.000000 0.850651
0.000000 0.850651 0.525731
0.000000 -0.850651 0.525731
0.000000 -0.850651 -0.525731
0.000000 0.850651 -0.525731
0.309017 0.500000 0.809017
-0.309017 0.500000 0.809017
0.000000 0.000000 1.000000
-0.309017 -0.500000 0.809017
0.309017 -0.500000 0.809017
0.000000 0.000000 -1.000000
-0.309017 0.500000 -0.809017
0.309017 0.500000 -0.809017
0.309017 -0.500000 -0.809017
-0.309017 -0.500000 -0.809017
0.809017 0.309017 0.500000
0.809017 -0.309017 0.500000
1.000000 0.000000 0.000000
0.809017 -0.309017 -0.500000
0.809017 0.309017 -0.500000
-0.809017 -0.309017 0.500000
-0.809017 0.309017 0.500000
-1.000000 0.000000 0.000000
-0.809017 0.309017 -0.500000
-0.809017 -0.309017 -0.500000
0.500000 0.809017 0.309017
0.500000 0.809017 -0.309017
0.000000 1.000000 0.000000
-0.500000 0.809017 -0.309017
-0.500000 0.809017 0.309017
0.000000 -1.000000 0.000000
0.500000 -0.809017 -0.309017
0.500000 -0.809017 0.309017
-0.500000 -0.809017 0.309017
-0.500000 -0.809017 -0.309017
0.433889 0.259892 0.862669
0.162460 0.262866 0.951057
0.273266 0.000000 0.961938
0.000000 0.525731 0.850651
-0.162460 0.262866 0.951057
-0.433889 0.259892 0.862669
-0.273266 0.000000 0.961938
0.160622 0.702046 0.693780
-0.160622 0.702046 0.693780
0.162460 -0.262866 0.951057
0.433889 -0.259892 0.862669
-0.162460 -0.262866 0.951057
0.000000 -0.525731 0.850651
-0.160622 -0.702046 0.693780
0.160622 -0.702046 0.693780
-0.433889 -0.259892 0.862669
0.273266 0.000000 -0.961938
0.162460 0.262866 -0.951057
0.433889 0.259892 -0.862669
-0.162460 0.262866 -0.951057
0.000000 0.525731 -0.850651
-0.160622 0.702046 -0.693780
0.160622 0.702046 -0.693780
-0.273266 0.000000 -0.961938
-0.433889 0.259892 -0.862669
0.433889 -0.259892 -0.862669
0.162460 -0.262866 -0.951057
0.000000 -0.525731 -0.850651
-0.162460 -0.262866 -0.951057
-0.433889 -0.259892 -0.862669
0.160622 -0.702046 -0.693780
-0.160622 -0.702046 -0.693780
0.862669 0.433889 0.259892
0.951057 0.162460 0.262866
0.961938 0.273266 0.000000
0.850651 0.000000 0.525731
0.951057 -0.162460 0.262866
0.862669 -0.433889 0.259892
0.961938 -0.273266 0.000000
0.693780 0.160622 0.702046
0.693780 -0.160622 0.702046
0.951057 0.162460 -0.262866
0.862669 0.433889 -0.259892
0.951057 -0.162460 -0.262866
0.850651 0.000000 -0.525731
0.693780 -0.160622 -0.702046
0.693780 0.160622 -0.702046
0.862669 -0.433889 -0.259892
-0.862669 -0.433889 0.259892
-0.951057 -0.162460 0.262866
-0.961938 -0.273266 0.000000
-0.850651 0.000000 0.525731
-0.951057 0.162460 0.262866
-0.862669 0.433889 0.259892
-0.961938 0.273266 0.000000
-0.693780 -0.160622 0.702046
-0.693780 0.160622 0.702046
-0.951057 -0.162460 -0.262866
-0.862669 -0.433889 -0.259892
-0.951057 0.162460 -0.262866
-0.850651 0.000000 -0.525731
-0.693780 0.160622 -0.702046
-0.693780 -0.160622 -0.702046
-0.862669 0.433889 -0.259892
0.259892 0.862669 0.433889
0.262866 0.951057 0.162460
0.000000 0.961938 0.273266
0.525731 0.850651 0.000000
0.262866 0.951057 -0.162460
0.259892 0.862669 -0.433889
0.000000 0.961938 -0.273266
0.702046 0.693780 0.160622
0.702046 0.693780 -0.160622
-0.262866 0.951057 0.162460
-0.259892 0.862669 0.433889
-0.262866 0.951057 -0.162460
-0.525731 0.850651 0.000000
-0.702046 0.693780 -0.160622
-0.702046 0.693780 0.160622
-0.259892 0.862669 -0.433889
0.000000 -0.961938 0.273266
0.262866 -0.951057 0.162460
0.259892 -0.862669 0.433889
0.262866 -0.951057 -0.162460
0.525731 -0.850651 0.000000
0.702046 -0.693780 -0.160622
0.702046 -0.693780 0.160622
0.000000 -0.961938 -0.273266
0.259892 -0.862669 -0.433889
-0.259892 -0.862669 0.433889
-0.262866 -0.951057 0.162460
-0.525731 -0.850651 0.000000
-0.262866 -0.951057 -0.162460
-0.259892 -0.862669 -0.433889
-0.702046 -0.693780 0.160622
-0.702046 -0.693780 -0.160622
0.425325 0.688191 0.587785
0.587785 0.425325 0.688191
0.688191 0.587785 0.425325
0.425325 0.688191 -0.587785
0.688191 0.587785 -0.425325
0.587785 0.425325 -0.688191
0.587785 -0.425325 0.688191
0.425325 -0.688191 0.587785
0.688191 -0.587785 0.425325
0.587785 -0.425325 -0.688191
0.688191 -0.587785 -0.425325
0.425325 -0.688191 -0.587785
-0.587785 0.425325 0.688191
-0.425325 0.688191 0.587785
-0.688191 0.587785 0.425325
-0.587785 0.425325 -0.688191
-0.688191 0.587785 -0.425325
-0.425325 0.688191 -0.587785
-0.587785 -0.425325 0.688191
-0.688191 -0.587785 0.425325
-0.425325 -0.688191 0.587785
-0.587785 -0.425325 -0.688191
-0.425325 -0.688191 -0.587785
-0.688191 -0.587785 -0.425325
0.484442 0.131200 0.864929
0.358229 0.131655 0.924305
0.403355 0.000000 0.915043
0.301259 0.264083 0.916244
0.220117 0.132792 0.966393
0.082242 0.133071 0.987688
0.137952 0.000000 0.990439
0.375039 0.383614 0.843911
0.238677 0.386187 0.891006
0.000000 0.266405 0.963861
-0.082242 0.133071 0.987688
0.082324 0.399607 0.912982
-0.082324 0.399607 0.912982
-0.156434 0.519258 0.840178
-0.238677 0.386187 0.891006
0.156434 0.519258 0.840178
-0.220117 0.132792 0.966393
-0.137952 0.000000 0.990439
-0.301259 0.264083 0.916244
-0.358229 0.131655 0.924305
-0.484442 0.131200 0.864929
-0.403355 0.000000 0.915043
-0.375039 0.383614 0.843911
0.237086 0.606825 0.758652
0.081142 0.620240 0.780204
0.000000 0.711282 0.702907
-0.081142 0.620240 0.780204
-0.237086 0.606825 0.758652
0.081086 0.783843 0.615642
-0.081086 0.783843 0.615642
0.358229 -0.131655 0.924305
0.484442 -0.131200 0.864929
0.220117 -0.132792 0.966393
0.301259 -0.264083 0.916244
0.238677 -0.386187 0.891006
0.375039 -0.383614 0.843911
0.082242 -0.133071 0.987688
0.082324 -0.399607 0.912982
0.156434 -0.519258 0.840178
0.000000 -0.266405 0.963861
-0.082324 -0.399607 0.912982
-0.238677 -0.386187 0.891006
-0.156434 -0.519258 0.840178
-0.082242 -0.133071 0.987688
0.081142 -0.620240 0.780204
0.237086 -0.606825 0.758652
-0.081142 -0.620240 0.780204
0.000000 -0.711282 0.702907
-0.081086 -0.783843 0.615642
0.081086 -0.783843 0.615642
-0.237086 -0.606825 0.758652
-0.220117 -0.132792 0.966393
-0.358229 -0.131655 0.924305
-0.301259 -0.264083 0.916244
-0.375039 -0.383614 0.843911
-0.484442 -0.131200 0.864929
0.403355 0.000000 -0.915043
0.358229 0.131655 -0.924305
0.484442 0.131200 -0.864929
0.220117 0.132792 -0.966393
0.301259 0.264083 -0.916244
0.238677 0.386187 -0.891006
0.375039 0.383614 -0.843911
0.137952 0.000000 -0.990439
0.082242 0.133071 -0.987688
0.082324 0.399607 -0.912982
0.156434 0.519258 -0.840178
0.000000 0.266405 -0.963861
-0.082324 0.399607 -0.912982
-0.238677 0.386187 -0.891006
-0.156434 0.519258 -0.840178
-0.082242 0.133071 -0.987688
0.081142 0.620240 -0.780204
0.237086 0.606825 -0.758652
-0.081142 0.620240 -0.780204
0.000000 0.711282 -0.702907
-0.081086 0.783843 -0.615642
0.081086 0.783843 -0.615642
-0.237086 0.606825 -0.758652
-0.137952 0.000000 -0.990439
-0.220117 0.132792 -0.966393
-0.358229 0.131655 -0.924305
-0.301259 0.264083 -0.916244
-0.375039 0.383614 -0.843911
-0.403355 0.000000 -0.915043
-0.484442 0.131200 -0.864929
0.484442 -0.131200 -0.864929
0.358229 -0.131655 -0.924305
0.301259 -0.264083 -0.916244
0.220117 -0.132792 -0.966393
0.082242 -0.133071 -0.987688
0.375039 -0.383614 -0.843911
0.238677 -0.386187 -0.891006
0.000000 -0.266405 -0.963861
-0.082242 -0.133071 -0.987688
0.082324 -0.399607 -0.912982
-0.082324 -0.399607 -0.912982
-0.156434 -0.519258 -0.840178
-0.238677 -0.386187 -0.891006
0.156434 -0.519258 -0.840178
-0.220117 -0.132792 -0.966393
-0.301259 -0.264083 -0.916244
-0.358229 -0.131655 -0.924305
-0.484442 -0.131200 -0.864929
-0.375039 -0.383614 -0.843911
0.237086 -0.606825 -0.758652
0.081142 -0.620240 -0.780204
0.000000 -0.711282 -0.702907
-0.081142 -0.620240 -0.780204
-0.237086 -0.606825 -0.758652
0.081086 -0.783843 -0.615642
-0.081086 -0.783843 -0.615642
0.864929 0.484442 0.131200
0.924305 0.358229 0.131655
0.915043 0.403355 0.000000
0.916244 0.301259 0.264083
0.966393 0.220117 0.132792
0.987688 0.082242 0.133071
0.990439 0.137952 0.000000
0.843911 0.375039 0.383614
0.891006 0.238677 0.386187
0.963861 0.000000 0.266405
0.987688 -0.082242 0.133071
0.912982 0.082324 0.399607
0.912982 -0.082324 0.399607
0.840178 -0.156434 0.519258
0.891006 -0.238677 0.386187
0.840178 0.156434 0.519258
0.966393 -0.220117 0.132792
0.990439 -0.137952 0.000000
0.916244 -0.301259 0.264083
0.924305 -0.358229 0.131655
0.864929 -0.484442 0.131200
0.915043 -0.403355 0.000000
0.843911 -0.375039 0.383614
0.758652 0.237086 0.606825
0.780204 0.081142 0.620240
0.702907 0.000000 0.711282
0.780204 -0.081142 0.620240
0.758652 -0.237086 0.606825
0.615642 0.081086 0.783843
0.615642 -0.081086 0.783843
0.924305 0.358229 -0.131655
0.864929 0.484442 -0.131200
0.966393 0.220117 -0.132792
0.916244 0.301259 -0.264083
0.891006 0.238677 -0.386187
0.843911 0.375039 -0.383614
0.987688 0.082242 -0.133071
0.912982 0.082324 -0.399607
0.840178 0.156434 -0.519258
0.963861 0.000000 -0.266405
0.912982 -0.082324 -0.399607
0.891006 -0.238677 -0.386187
0.840178 -0.156434 -0.519258
0.987688 -0.082242 -0.133071
0.780204 0.081142 -0.620240
0.758652 0.237086 -0.606825
0.780204 -0.081142 -0.620240
0.702907 0.000000 -0.711282
0.615642 -0.081086 -0.783843
0.615642 0.081086 -0.783843
0.758652 -0.237086 -0.606825
0.966393 -0.220117 -0.132792
0.924305 -0.358229 -0.131655
0.916244 -0.301259 -0.264083
0.843911 -0.375039 -0.383614
0.864929 -0.484442 -0.131200
-0.864929 -0.484442 0.131200
-0.924305 -0.358229 0.131655
-0.915043 -0.403355 0.000000
-0.916244 -0.301259 0.264083
-0.966393 -0.220117 0.132792
-0.987688 -0.082242 0.133071
-0.990439 -0.137952 0.000000
-0.843911 -0.375039 0.383614
-0.891006 -0.238677 0.386187
-0.963861 0.000000 0.266405
-0.987688 0.082242 0.133071
-0.912982 -0.082324 0.399607
-0.912982 0.082324 0.399607
-0.840178 0.156434 0.519258
-0.891006 0.238677 0.386187
-0.840178 -0.156434 0.519258
-0.966393 0.220117 0.132792
-0.990439 0.137952 0.000000
-0.916244 0.301259 0.264083
-0.924305 0.358229 0.131655
-0.864929 0.484442 0.131200
-0.915043 0.403355 0.000000
-0.843911 0.375039 0.383614
-0.758652 -0.237086 0.606825
-0.780204 -0.081142 0.620240
-0.702907 0.000000 0.711282
-0.780204 0.081142 0.620240
-0.758652 0.237086 0.606825
-0.615642 -0.081086 0.783843
-0.615642 0.081086 0.783843
-0.924305 -0.358229 -0.131655
-0.864929 -0.484442 -0.131200
-0.966393 -0.220117 -0.132792
-0.916244 -0.301259 -0.264083
-0.891006 -0.238677 -0.386187
-0.843911 -0.375039 -0.383614
-0.987688 -0.082242 -0.133071
-0.912982 -0.082324 -0.399607
-0.840178 -0.156434 -0.519258
-0.963861 0.000000 -0.266405
-0.912982 0.082324 -0.399607
-0.891006 0.238677 -0.386187
-0.840178 0.156434 -0.519258
-0.987688 0.082242 -0.133071
-0.780204 -0.081142 -0.620240
-0.758652 -0.237086 -0.606825
-0.780204 0.081142 -0.620240
-0.702907 0.000000 -0.711282
-0.615642 0.081086 -0.783843
-0.615642 -0.081086 -0.783843
-0.758652 0.237086 -0.606825
-0.966393 0.220117 -0.132792
-0.924305 0.358229 -0.131655
-0.916244 0.301259 -0.264083
-0.843911 0.375039 -0.383614
-0.864929 0.484442 -0.131200
0.131200 0.864929 0.484442
0.131655 0.924305 0.358229
0.000000 0.915043 0.403355
0.264083 0.916244 0.301259
0.132792 0.966393 0.220117
0.133071 0.987688 0.082242
0.000000 0.990439 0.137952
0.383614 0.843911 0.375039
0.386187 0.891007 0.238677
0.266405 0.963861 0.000000
0.133071 0.987688 -0.082242
0.399607 0.912982 0.082324
0.399607 0.912982 -0.082324
0.519258 0.840178 -0.156434
0.386187 0.891007 -0.238677
0.519258 0.840178 0.156434
0.132792 0.966393 -0.220117
0.000000 0.990439 -0.137952
0.264083 0.916244 -0.301259
0.131655 0.924305 -0.358229
0.131200 0.864929 -0.484442
0.000000 0.915043 -0.403355
0.383614 0.843911 -0.375039
0.606825 0.758652 0.237086
0.620240 0.780204 0.081142
0.711282 0.702907 0.000000
0.620240 0.780204 -0.081142
0.606825 0.758652 -0.237086
0.783843 0.615642 0.081086
0.783843 0.615642 -0.081086
-0.131655 0.924305 0.358229
-0.131200 0.864929 0.484442
-0.132792 0.966393 0.220117
-0.264083 0.916244 0.301259
-0.386187 0.891007 0.238677
-0.383614 0.843911 0.375039
-0.133071 0.987688 0.082242
-0.399607 0.912982 0.082324
-0.519258 0.840178 0.156434
-0.266405 0.963861 0.000000
-0.399607 0.912982 -0.082324
-0.386187 0.891007 -0.238677
-0.519258 0.840178 -0.156434
-0.133071 0.987688 -0.082242
-0.620240 0.780204 0.081142
-0.606825 0.758652 0.237086
-0.620240 0.780204 -0.081142
-0.711282 0.702907 0.000000
-0.783843 0.615642 -0.081086
-0.783843 0.615642 0.081086
-0.606825 0.758652 -0.237086
-0.132792 0.966393 -0.220117
-0.131655 0.924305 -0.358229
-0.264083 0.916244 -0.301259
-0.383614 0.843911 -0.375039
-0.131200 0.864929 -0.484442
0.000000 -0.915043 0.403355
0.131655 -0.924305 0.358229
0.131200 -0.864929 0.484442
0.132792 -0.966393 0.220117
0.264083 -0.916244 0.301259
0.386187 -0.891007 0.238677
0.383614 -0.843911 0.375039
0.000000 -0.990439 0.137952
0.133071 -0.987688 0.082242
0.399607 -0.912982 0.082324
0.519258 -0.840178 0.156434
0.266405 -0.963861 0.000000
0.399607 -0.912982 -0.082324
0.386187 -0.891007 -0.238677
0.519258 -0.840178 -0.156434
0.133071 -0.987688 -0.082242
0.620240 -0.780204 0.081142
0.606825 -0.758652 0.237086
0.620240 -0.780204 -0.081142
0.711282 -0.702907 0.000000
0.783843 -0.615642 -0.081086
0.783843 -0.615642 0.081086
0.606825 -0.758652 -0.237086
0.000000 -0.990439 -0.137952
0.132792 -0.966393 -0.220117
0.131655 -0.924305 -0.358229
0.264083 -0.916244 -0.301259
0.383614 -0.843911 -0.375039
0.000000 -0.915043 -0.403355
0.131200 -0.864929 -0.484442
-0.131200 -0.864929 0.484442
-0.131655 -0.924305 0.358229
-0.264083 -0.916244 0.301259
-0.132792 -0.966393 0.220117
-0.133071 -0.987688 0.082242
-0.383614 -0.843911 0.375039
-0.386187 -0.891007 0.238677
-0.266405 -0.963861 0.000000
-0.133071 -0.987688 -0.082242
-0.399607 -0.912982 0.082324
-0.399607 -0.912982 -0.082324
-0.519258 -0.840178 -0.156434
-0.386187 -0.891007 -0.238677
-0.519258 -0.840178 0.156434
-0.132792 -0.966393 -0.220117
-0.264083 -0.916244 -0.301259
-0.131655 -0.924305 -0.358229
-0.131200 -0.864929 -0.484442
-0.383614 -0.843911 -0.375039
-0.606825 -0.758652 0.237086
-0.620240 -0.780204 0.081142
-0.711282 -0.702907 0.000000
-0.620240 -0.780204 -0.081142
-0.606825 -0.758652 -0.237086
-0.783843 -0.615642 0.081086
-0.783843 -0.615642 -0.081086
0.213023 0.792649 0.571252
0.296005 0.702310 0.647412
0.346153 0.783452 0.516122
0.468430 0.757935 0.453990
0.371748 0.601501 0.707107
0.564254 0.646578 0.513375
0.601501 0.707107 0.371748
0.513375 0.564254 0.646578
0.646578 0.513375 0.564254
0.707107 0.371748 0.601501
0.757935 0.453990 0.468430
0.453990 0.468430 0.757935
0.702310 0.647412 0.296005
0.783452 0.516122 0.346153
0.792649 0.571252 0.213023
0.516122 0.346153 0.783452
0.571252 0.213023 0.792649
0.647412 0.296005 0.702310
0.213023 0.792649 -0.571252
0.346153 0.783452 -0.516122
0.296005 0.702310 -0.647412
0.371748 0.601501 -0.707107
0.468430 0.757935 -0.453990
0.513375 0.564254 -0.646578
0.453990 0.468430 -0.757935
0.564254 0.646578 -0.513375
0.646578 0.513375 -0.564254
0.757935 0.453990 -0.468430
0.707107 0.371748 -0.601501
0.601501 0.707107 -0.371748
0.516122 0.346153 -0.783452
0.647412 0.296005 -0.702310
0.571252 0.213023 -0.792649
0.702310 0.647412 -0.296005
0.792649 0.571252 -0.213023
0.783452 0.516122 -0.346153
0.571252 -0.213023 0.792649
0.516122 -0.346153 0.783452
0.647412 -0.296005 0.702310
0.707107 -0.371748 0.601501
0.453990 -0.468430 0.757935
0.646578 -0.513375 0.564254
0.757935 -0.453990 0.468430
0.513375 -0.564254 0.646578
0.564254 -0.646578 0.513375
0.468430 -0.757935 0.453990
0.601501 -0.707107 0.371748
0.371748 -0.601501 0.707107
0.783452 -0.516122 0.346153
0.702310 -0.647412 0.296005
0.792649 -0.571252 0.213023
0.296005 -0.702310 0.647412
0.213023 -0.792649 0.571252
0.346153 -0.783452 0.516122
0.571252 -0.213023 -0.792649
0.647412 -0.296005 -0.702310
0.516122 -0.346153 -0.783452
0.453990 -0.468430 -0.757935
0.707107 -0.371748 -0.601501
0.513375 -0.564254 -0.646578
0.371748 -0.601501 -0.707107
0.646578 -0.513375 -0.564254
0.564254 -0.646578 -0.513375
0.601501 -0.707107 -0.371748
0.468430 -0.757935 -0.453990
0.757935 -0.453990 -0.468430
0.296005 -0.702310 -0.647412
0.346153 -0.783452 -0.516122
0.213023 -0.792649 -0.571252
0.783452 -0.516122 -0.346153
0.792649 -0.571252 -0.213023
0.702310 -0.647412 -0.296005
-0.571252 0.213023 0.792649
-0.516122 0.346153 0.783452
-0.647412 0.296005 0.702310
-0.707107 0.371748 0.601501
-0.453990 0.468430 0.757935
-0.646578 0.513375 0.564254
-0.757935 0.453990 0.468430
-0.513375 0.564254 0.646578
-0.564254 0.646578 0.513375
-0.468430 0.757935 0.453990
-0.601501 0.707107 0.371748
-0.371748 0.601501 0.707107
-0.783452 0.516122 0.346153
-0.702310 0.647412 0.296005
-0.792649 0.571252 0.213023
-0.296005 0.702310 0.647412
-0.213023 0.792649 0.571252
-0.346153 0.783452 0.516122
-0.571252 0.213023 -0.792649
-0.647412 0.296005 -0.702310
-0.516122 0.346153 -0.783452
-0.453990 0.468430 -0.757935
-0.707107 0.371748 -0.601501
-0.513375 0.564254 -0.646578
-0.371748 0.601501 -0.707107
-0.646578 0.513375 -0.564254
-0.564254 0.646578 -0.513375
-0.601501 0.707107 -0.371748
-0.468430 0.757935 -0.453990
-0.757935 0.453990 -0.468430
-0.296005 0.702310 -0.647412
-0.346153 0.783452 -0.516122
-0.213023 0.792649 -0.571252
-0.783452 0.516122 -0.346153
-0.792649 0.571252 -0.213023
-0.702310 0.647412 -0.296005
-0.571252 -0.213023 0.792649
-0.647412 -0.296005 0.702310
-0.516122 -0.346153 0.783452
-0.453990 -0.468430 0.757935
-0.707107 -0.371748 0.601501
-0.513375 -0.564254 0.646578
-0.371748 -0.601501 0.707107
-0.646578 -0.513375 0.564254
-0.564254 -0.646578 0.513375
-0.601501 -0.707107 0.371748
-0.468430 -0.757935 0.453990
-0.757935 -0.453990 0.468430
-0.296005 -0.702310 0.647412
-0.346153 -0.783452 0.516122
-0.213023 -0.792649 0.571252
-0.783452 -0.516122 0.346153
-0.792649 -0.571252 0.213023
-0.702310 -0.647412 0.296005
-0.571252 -0.213023 -0.792649
-0.516122 -0.346153 -0.783452
-0.647412 -0.296005 -0.702310
-0.707107 -0.371748 -0.601501
-0.453990 -0.468430 -0.757935
-0.646578 -0.513375 -0.564254
-0.757935 -0.453990 -0.468430
-0.513375 -0.564254 -0.646578
-0.564254 -0.646578 -0.513375
-0.468430 -0.757935 -0.453990
-0.601501 -0.707107 -0.371748
-0.371748 -0.601501 -0.707107
-0.783452 -0.516122 -0.346153
-0.702310 -0.647412 -0.296005
-0.792649 -0.571252 -0.213023
-0.296005 -0.702310 -0.647412
-0.213023 -0.792649 -0.571252
-0.346153 -0.783452 -0.516122
