   3.3878412e+04   4.1633363e-16
   3.3878238e+04   1.1102230e-16
   3.3878064e+04   2.7755576e-16
   3.3877889e+04   1.0547119e-15
   3.3877715e+04   2.7755576e-16
   3.3877541e+04   5.5511151e-17
   3.3877367e+04   1.1657342e-15
   3.3877192e+04   4.9960036e-16
   3.3877018e+04   6.6613381e-16
   3.3876844e+04   6.2450045e-16
   3.3876669e+04   3.8163916e-16
   3.3876495e+04   1.3183898e-15
   3.3876321e+04   4.7184479e-16
   3.3876146e+04   7.4940054e-16
   3.3875972e+04   1.1102230e-16
   3.3875798e+04   9.9920072e-16
   3.3875623e+04   5.5511151e-16
   3.3875449e+04   1.1102230e-16
   3.3875275e+04   8.8817842e-16
   3.3875100e+04   6.6613381e-16
   3.3874926e+04   1.7208457e-15
   3.3874752e+04   9.4368957e-16
   3.3874577e+04   7.4940054e-16
   3.3874403e+04   3.3306691e-16
   3.3874229e+04   1.1102230e-15
   3.3874055e+04   6.3837824e-16
   3.3873880e+04   1.2212453e-15
   3.3873706e+04   1.6098234e-15
   3.3873532e+04   5.6898930e-16
   3.3873357e+04   1.5404344e-15
   3.3873183e+04   3.7470027e-16
   3.3873009e+04   1.2212453e-15
   3.3872834e+04   5.2735594e-16
   3.3872660e+04   1.1102230e-16
   3.3872486e+04   1.1102230e-15
   3.3872311e+04   9.1593400e-16
   3.3872137e+04   8.6042284e-16
   3.3871963e+04   1.3877788e-16
   3.3871788e+04   1.4155344e-15
   3.3871614e+04   1.3322676e-15
   3.3871440e+04   8.8817842e-16
   3.3871265e+04   3.3306691e-16
   3.3871091e+04   3.3306691e-16
   3.3870917e+04   8.8817842e-16
   3.3870743e+04   5.5511151e-17
   3.3870568e+04   5.5511151e-16
   3.3870394e+04   9.9920072e-16
   3.3870220e+04   1.2212453e-15
   3.3870045e+04   1.3322676e-15
   3.3869871e+04   1.2212453e-15
   3.3869697e+04   6.6613381e-16
   3.3869522e+04   1.6653345e-16
   3.3869348e+04   7.7715612e-16
   3.3869174e+04   1.6653345e-15
   3.3868999e+04   2.4980018e-16
   3.3868825e+04   8.3266727e-17
   3.3868651e+04   2.6367797e-15
   3.3868476e+04   0.0000000e+00
   3.3868302e+04   3.8857806e-16
   3.3868128e+04   8.3266727e-16
   3.3867953e+04   1.4432899e-15
   3.3867779e+04   1.3322676e-15
   3.3867605e+04   3.8857806e-16
   3.3867431e+04   1.8873791e-15
   3.3867256e+04   7.3552275e-16
   3.3867082e+04   9.1593400e-16
   3.3866908e+04   5.1347815e-16
   3.3866733e+04   7.2164497e-16
   3.3866559e+04   7.3552275e-16
   3.3866385e+04   6.2970462e-16
   3.3866210e+04   8.1488635e-16
   3.3866036e+04   6.2257599e-16
   3.3865862e+04   8.0914516e-16
   3.3865687e+04   2.4129385e-16
   3.3865513e+04   5.5099594e-16
   3.3865339e+04   2.3180698e-16
   3.3865164e+04   1.1956446e-15
   3.3864990e+04   1.8657662e-15
   3.3864816e+04   1.7422045e-15
   3.3864641e+04   1.6618651e-15
   3.3864467e+04   1.7624791e-15
   3.3864293e+04   1.3322676e-15
   3.3864119e+04   6.1062266e-16
   3.3863944e+04   2.0539126e-15
   3.3863770e+04   1.8873791e-15
   3.3863596e+04   1.2212453e-15
   3.3863421e+04   1.2212453e-15
   3.3863247e+04   8.8817842e-16
   3.3863073e+04   1.8873791e-15
   3.3862898e+04   1.7208457e-15
   3.3862724e+04   1.1657342e-15
   3.3862550e+04   2.7755576e-17
   3.3862375e+04   1.4988011e-15
   3.3862201e+04   5.5511151e-17
   3.3862027e+04   4.9960036e-16
   3.3861852e+04   1.3877788e-15
   3.3861678e+04   1.6653345e-16
   3.3861504e+04   1.8873791e-15
   3.3861329e+04   9.9920072e-16
   3.3861155e+04   4.4408921e-16
   3.3860981e+04   8.8817842e-16
   3.3860807e+04   1.3322676e-15
   3.3860632e+04   2.2204460e-16
   3.3860458e+04   1.8873791e-15
   3.3860284e+04   1.1102230e-16
   3.3860109e+04   1.4988011e-15
   3.3859935e+04   2.7755576e-17
   3.3859761e+04   1.4571677e-15
   3.3859586e+04   1.0685897e-15
   3.3859412e+04   9.4889374e-16
   3.3859238e+04   1.3050745e-15
   3.3859063e+04   1.2775078e-15
   3.3858889e+04   1.2740536e-15
   3.3858715e+04   1.0640750e-15
   3.3858540e+04   2.0741572e-15
   3.3858366e+04   9.4782305e-17
   3.3858192e+04   4.7206314e-16
   3.3858017e+04   1.0841563e-15
   3.3857843e+04   5.6030552e-16
   3.3857669e+04   2.7717200e-16
   3.3857495e+04   3.6489798e-16
   3.3857320e+04   2.1740752e-16
   3.3857146e+04   1.3521695e-16
   3.3856972e+04   5.9772066e-16
   3.3856797e+04   3.8684334e-16
   3.3856623e+04   2.7755576e-16
   3.3856449e+04   5.9674488e-16
   3.3856274e+04   5.8286709e-16
   3.3856100e+04   1.4432899e-15
   3.3855926e+04   3.3306691e-16
   3.3855751e+04   1.3322676e-15
   3.3855577e+04   2.2204460e-15
   3.3855403e+04   8.8817842e-16
   3.3855228e+04   1.9984014e-15
   3.3855054e+04   0.0000000e+00
   3.3854880e+04   8.8817842e-16
   3.3854705e+04   4.4408921e-16
   3.3854531e+04   1.6653345e-15
   3.3854357e+04   4.9960036e-16
   3.3854183e+04   2.2204460e-16
   3.3854008e+04   7.7715612e-16
   3.3853834e+04   1.9428903e-15
   3.3853660e+04   5.5511151e-16
   3.3853485e+04   2.1094237e-15
   3.3853311e+04   1.8873791e-15
   3.3853137e+04   1.2212453e-15
   3.3852962e+04   6.6613381e-16
   3.3852788e+04   3.3306691e-16
   3.3852614e+04   1.1102230e-16
   3.3852439e+04   7.2164497e-16
   3.3852265e+04   2.2204460e-16
   3.3852091e+04   1.9428903e-16
   3.3851916e+04   1.5681900e-15
   3.3851742e+04   5.8980598e-16
   3.3851568e+04   7.6089308e-16
   3.3851393e+04   2.3830086e-16
   3.3851219e+04   3.7748955e-16
   3.3851045e+04   6.7048735e-16
   3.3850870e+04   1.8794189e-15
   3.3850696e+04   2.2656159e-15
   3.3850522e+04   1.2930153e-15
   3.3850348e+04   1.2787290e-15
   3.3850173e+04   1.8873791e-15
   3.3849999e+04   1.8663582e-15
   3.3849825e+04   1.3619957e-15
   3.3849650e+04   1.6863555e-15
   3.3849476e+04   2.0979270e-15
   3.3849302e+04   1.4651279e-15
   3.3849127e+04   2.9864679e-16
   3.3848953e+04   8.3151179e-16
   3.3848779e+04   1.3564987e-16
   3.3848604e+04   2.3585230e-16
   3.3848430e+04   1.4588018e-15
   3.3848256e+04   1.2192728e-15
   3.3848081e+04   1.7966429e-16
   3.3847907e+04   9.6355503e-16
   3.3847733e+04   3.3660344e-16
   3.3847558e+04   3.2435975e-16
   3.3847384e+04   4.3535800e-18
   3.3847210e+04   1.3360725e-16
   3.3847036e+04   1.7555402e-15
   3.3846861e+04   2.7238513e-16
   3.3846687e+04   1.9859680e-15
   3.3846513e+04   1.4252278e-15
   3.3846338e+04   4.4942905e-16
   3.3846164e+04   1.7505738e-15
   3.3845990e+04   1.2071282e-15
   3.3845815e+04   2.3219441e-15
   3.3845641e+04   2.5187834e-15
   3.3845467e+04   1.8092830e-15
   3.3845292e+04   1.5360809e-15
   3.3845118e+04   1.9325490e-15
   3.3844944e+04   1.5543122e-15
   3.3844769e+04   1.6653345e-15
   3.3844595e+04   2.0539126e-15
   3.3844421e+04   6.6613381e-16
   3.3844246e+04   1.1657342e-15
   3.3844072e+04   1.2212453e-15
   3.3843898e+04   8.5001450e-16
   3.3843724e+04   6.9258835e-16
   3.3843549e+04   9.8849761e-16
   3.3843375e+04   4.3673866e-16
   3.3843201e+04   2.5137047e-16
   3.3843026e+04   6.4558199e-16
   3.3842852e+04   3.9042268e-16
   3.3842678e+04   9.1513270e-16
   3.3842503e+04   1.0485319e-15
   3.3842329e+04   3.6082248e-16
   3.3842155e+04   4.8919202e-16
   3.3841980e+04   3.3306691e-16
   3.3841806e+04   2.3592239e-16
   3.3841632e+04   4.9960036e-16
   3.3841457e+04   3.1918912e-16
   3.3841283e+04   4.4408921e-16
   3.3841109e+04   1.0963452e-15
   3.3840934e+04   6.3837824e-16
   3.3840760e+04   1.3045121e-15
   3.3840586e+04   9.7144515e-16
   3.3840412e+04   1.5265567e-16
   3.3840237e+04   1.5820678e-15
   3.3840063e+04   7.6327833e-16
   3.3839889e+04   1.4432899e-15
   3.3839714e+04   9.0205621e-16
   3.3839540e+04   1.3045121e-15
   3.3839366e+04   2.0955460e-15
   3.3839191e+04   1.0408341e-15
   3.3839017e+04   5.6898930e-16
   3.3838843e+04   1.9151347e-15
   3.3838668e+04   1.0755286e-15
   3.3838494e+04   0.0000000e+00
   3.3838320e+04   4.3021142e-16
   3.3838145e+04   3.0531133e-16
   3.3837971e+04   1.2490009e-16
   3.3837797e+04   7.6327833e-16
   3.3837622e+04   4.0245585e-16
   3.3837448e+04   6.4531713e-16
   3.3837274e+04   5.6551985e-16
   3.3837100e+04   1.8197249e-15
   3.3836925e+04   1.7725960e-15
   3.3836751e+04   8.4301589e-16
   3.3836577e+04   7.9140581e-16
   3.3836402e+04   1.5067189e-15
   3.3836228e+04   2.0405442e-15
   3.3836054e+04   1.5868524e-15
   3.3835879e+04   3.0821653e-17
   3.3835705e+04   1.3456327e-15
   3.3835531e+04   1.3917886e-15
   3.3835356e+04   4.8213825e-16
   3.3835182e+04   2.3760714e-16
   3.3835008e+04   1.5024552e-15
   3.3834833e+04   1.4595936e-15
   3.3834659e+04   3.1669545e-16
   3.3834485e+04   3.0531133e-16
   3.3834310e+04   5.5511151e-16
   3.3834136e+04   1.5265567e-15
   3.3833962e+04   1.1657342e-15
   3.3833788e+04   2.9177404e-16
   3.3833613e+04   4.1577361e-17
   3.3833439e+04   6.6065671e-16
   3.3833265e+04   3.3794927e-16
   3.3833090e+04   2.6614526e-16
   3.3832916e+04   1.9338403e-16
   3.3832742e+04   2.2323994e-16
   3.3832567e+04   1.0698235e-15
   3.3832393e+04   1.9651958e-16
   3.3832219e+04   1.3318134e-15
   3.3832044e+04   8.9267372e-16
   3.3831870e+04   1.2575524e-15
   3.3831696e+04   1.5626803e-15
   3.3831521e+04   2.1157908e-15
   3.3831347e+04   7.7403907e-16
   3.3831173e+04   8.0091582e-16
   3.3830998e+04   1.5100260e-15
   3.3830824e+04   1.4681784e-16
   3.3830650e+04   9.0131286e-17
   3.3830476e+04   2.5894752e-16
   3.3830301e+04   6.0575339e-16
   3.3830127e+04   2.0665162e-16
   3.3829953e+04   5.0493062e-16
   3.3829778e+04   1.0601932e-16
   3.3829604e+04   1.5911114e-16
   3.3829430e+04   5.6105255e-16
   3.3829255e+04   3.4543157e-16
   3.3829081e+04   1.1791768e-15
   3.3828907e+04   4.6156284e-16
   3.3828732e+04   1.3498451e-15
   3.3828558e+04   4.8046967e-16
   3.3828384e+04   2.1114660e-16
   3.3828209e+04   8.4777574e-16
   3.3828035e+04   9.7135086e-17
   3.3827861e+04   6.4940148e-16
   3.3827686e+04   1.8810856e-15
   3.3827512e+04   1.8345045e-16
   3.3827338e+04   4.5542293e-16
   3.3827164e+04   3.4145592e-16
   3.3826989e+04   7.8394593e-16
   3.3826815e+04   8.5348395e-16
   3.3826641e+04   5.0653925e-16
   3.3826466e+04   4.9960036e-16
   3.3826292e+04   1.3877788e-15
   3.3826118e+04   1.5543122e-15
   3.3825943e+04   2.6645353e-15
   3.3825769e+04   2.8865799e-15
   3.3825595e+04   2.8865799e-15
   3.3825420e+04   3.1086245e-15
   3.3825246e+04   3.5527137e-15
   3.3825072e+04   2.6645353e-15
   3.3824897e+04   2.6645353e-15
   3.3824723e+04   3.1086245e-15
   3.3824549e+04   2.6645353e-15
   3.3824374e+04   2.2204460e-15
   3.3824200e+04   3.9968029e-15
   3.3824026e+04   8.8817842e-16
   3.3823852e+04   0.0000000e+00
   3.3823677e+04   2.6645353e-15
   3.3823503e+04   4.4408921e-16
   3.3823329e+04   4.4408921e-16
   3.3823154e+04   1.3322676e-15
   3.3822980e+04   3.5527137e-15
   3.3822806e+04   4.4408921e-16
   3.3822631e+04   0.0000000e+00
   3.3822457e+04   8.8817842e-16
   3.3822283e+04   5.5511151e-16
   3.3822108e+04   1.3322676e-15
   3.3821934e+04   5.5511151e-16
   3.3821760e+04   1.6653345e-16
   3.3821585e+04   6.5572547e-16
   3.3821411e+04   4.4213765e-16
   3.3821237e+04   9.2558339e-16
   3.3821062e+04   2.5517206e-16
   3.3820888e+04   4.6079016e-16
   3.3820714e+04   1.1893743e-15
   3.3820540e+04   7.3767739e-16
   3.3820365e+04   8.8044501e-16
   3.3820191e+04   7.0137039e-16
   3.3820017e+04   1.9081958e-16
   3.3819842e+04   1.4467594e-15
   3.3819668e+04   4.9960036e-16
   3.3819494e+04   9.2981178e-16
   3.3819319e+04   6.9388939e-16
   3.3819145e+04   1.1657342e-15
   3.3818971e+04   5.2735594e-16
   3.3818796e+04   5.2735594e-16
   3.3818622e+04   1.3183898e-15
   3.3818448e+04   1.8041124e-15
   3.3818273e+04   3.1918912e-16
   3.3818099e+04   1.3877788e-16
   3.3817925e+04   9.0205621e-16
   3.3817750e+04   5.5511151e-16
   3.3817576e+04   1.1241008e-15
   3.3817402e+04   5.5511151e-16
   3.3817228e+04   5.8286709e-16
   3.3817053e+04   9.7144515e-17
   3.3816879e+04   1.3877788e-16
   3.3816705e+04   7.4940054e-16
   3.3816530e+04   3.6082248e-16
   3.3816356e+04   7.2164497e-16
   3.3816182e+04   1.3322676e-15
   3.3816007e+04   6.6613381e-16
   3.3815833e+04   4.7184479e-16
   3.3815659e+04   8.0491169e-16
   3.3815484e+04   8.3266727e-16
   3.3815310e+04   4.3021142e-16
   3.3815136e+04   6.1756156e-16
   3.3814961e+04   4.0245585e-16
   3.3814787e+04   3.0054084e-16
   3.3814613e+04   2.5036261e-16
   3.3814438e+04   9.9995246e-16
   3.3814264e+04   6.1332549e-16
   3.3814090e+04   1.7589654e-16
   3.3813916e+04   2.7004480e-16
   3.3813741e+04   1.7804903e-16
   3.3813567e+04   5.5532987e-16
   3.3813393e+04   5.7199989e-17
   3.3813218e+04   9.2112800e-16
   3.3813044e+04   5.5127339e-17
   3.3812870e+04   5.9266980e-16
   3.3812695e+04   5.6435264e-16
   3.3812521e+04   1.1970541e-15
   3.3812347e+04   8.7343327e-16
   3.3812172e+04   1.4710455e-15
   3.3811998e+04   2.0539126e-15
   3.3811824e+04   2.0539126e-15
   3.3811649e+04   1.1102230e-16
   3.3811475e+04   1.7763568e-15
   3.3811301e+04   1.9984014e-15
   3.3811126e+04   1.3322676e-15
   3.3810952e+04   1.3322676e-15
   3.3810778e+04   4.4408921e-16
   3.3810604e+04   8.8817842e-16
   3.3810429e+04   4.4408921e-16
   3.3810255e+04   1.7763568e-15
   3.3810081e+04   1.3322676e-15
   3.3809906e+04   4.4408921e-16
   3.3809732e+04   1.3322676e-15
   3.3809558e+04   1.7763568e-15
   3.3809383e+04   8.8817842e-16
   3.3809209e+04   8.8817842e-16
   3.3809035e+04   4.4408921e-16
   3.3808860e+04   0.0000000e+00
   3.3808686e+04   4.4408921e-16
   3.3808512e+04   0.0000000e+00
   3.3808337e+04   4.4408921e-16
   3.3808163e+04   8.8817842e-16
   3.3807989e+04   1.1102230e-15
   3.3807814e+04   5.5511151e-16
   3.3807640e+04   5.5511151e-16
   3.3807466e+04   4.4408921e-16
   3.3807291e+04   4.4408921e-16
   3.3807117e+04   3.5388359e-16
   3.3806943e+04   1.9363851e-16
   3.3806769e+04   8.3792565e-16
   3.3806594e+04   4.8602751e-17
   3.3806420e+04   1.0553607e-15
   3.3806246e+04   2.6666101e-16
   3.3806071e+04   9.0347562e-16
   3.3805897e+04   1.8650567e-16
   3.3805723e+04   2.4506373e-16
   3.3805548e+04   4.5589299e-16
   3.3805374e+04   5.8660737e-16
   3.3805200e+04   3.6103158e-16
   3.3805025e+04   6.2678797e-16
   3.3804851e+04   1.3211752e-15
   3.3804677e+04   4.2734421e-16
   3.3804502e+04   1.5685329e-15
   3.3804328e+04   8.7857625e-16
   3.3804154e+04   1.6515958e-15
   3.3803979e+04   6.5424428e-16
   3.3803805e+04   5.6228634e-16
   3.3803631e+04   5.4944260e-16
   3.3803457e+04   6.4949175e-16
   3.3803282e+04   8.5000844e-16
   3.3803108e+04   2.1653392e-16
   3.3802934e+04   1.0274258e-17
   3.3802759e+04   1.0532844e-15
   3.3802585e+04   6.7848666e-16
   3.3802411e+04   3.4988982e-16
   3.3802236e+04   1.1259546e-15
   3.3802062e+04   9.2921036e-16
   3.3801888e+04   1.3606609e-15
   3.3801713e+04   3.5043694e-16
   3.3801539e+04   3.4274957e-16
   3.3801365e+04   5.4040169e-16
   3.3801190e+04   6.3409156e-17
   3.3801016e+04   5.3942373e-16
   3.3800842e+04   3.6264263e-16
   3.3800667e+04   1.0232102e-15
   3.3800493e+04   1.5081061e-16
   3.3800319e+04   6.0021432e-16
   3.3800145e+04   1.1518564e-15
   3.3799970e+04   1.7555402e-15
   3.3799796e+04   5.8980598e-16
   3.3799622e+04   6.1062266e-16
   3.3799447e+04   7.8062556e-16
   3.3799273e+04   8.3310095e-16
   3.3799099e+04   8.9037393e-16
   3.3798924e+04   3.0928561e-17
   3.3798750e+04   5.4776096e-16
   3.3798576e+04   9.6607655e-16
   3.3798401e+04   6.0741791e-16
   3.3798227e+04   8.4838989e-16
   3.3798053e+04   2.3672199e-16
   3.3797878e+04   5.6974824e-16
   3.3797704e+04   9.5756736e-16
   3.3797530e+04   1.8041124e-16
   3.3797355e+04   6.1062266e-16
   3.3797181e+04   3.3306691e-16
   3.3797007e+04   4.4408921e-16
   3.3796833e+04   1.1102230e-15
   3.3796658e+04   1.1102230e-15
   3.3796484e+04   1.7763568e-15
   3.3796310e+04   0.0000000e+00
   3.3796135e+04   1.7763568e-15
   3.3795961e+04   8.8817842e-16
   3.3795787e+04   8.8817842e-16
   3.3795612e+04   1.7763568e-15
   3.3795438e+04   4.4408921e-16
   3.3795264e+04   4.4408921e-16
   3.3795089e+04   1.7763568e-15
   3.3794915e+04   1.7763568e-15
   3.3794741e+04   4.4408921e-16
   3.3794566e+04   3.1086245e-15
   3.3794392e+04   2.2204460e-15
   3.3794218e+04   0.0000000e+00
   3.3794043e+04   8.8817842e-16
   3.3793869e+04   1.3322676e-15
   3.3793695e+04   1.1102230e-15
   3.3793521e+04   0.0000000e+00
   3.3793346e+04   2.2204460e-16
   3.3793172e+04   6.6613381e-16
   3.3792998e+04   2.2204460e-16
   3.3792823e+04   3.3306691e-16
   3.3792649e+04   1.8041124e-16
   3.3792475e+04   5.9847960e-16
   3.3792300e+04   2.5356778e-16
   3.3792126e+04   5.7251973e-16
   3.3791952e+04   7.0739533e-16
   3.3791777e+04   6.3046039e-16
   3.3791603e+04   9.8481350e-16
   3.3791429e+04   1.6174884e-16
   3.3791254e+04   3.3613298e-16
   3.3791080e+04   5.6847654e-16
   3.3790906e+04   1.0032106e-15
   3.3790731e+04   4.5438267e-16
   3.3790557e+04   5.0128511e-16
   3.3790383e+04   7.1142170e-16
   3.3790209e+04   3.2161163e-16
   3.3790034e+04   5.3017486e-17
   3.3789860e+04   1.0685897e-15
   3.3789686e+04   3.1918912e-16
   3.3789511e+04   1.0685897e-15
   3.3789337e+04   9.5756736e-16
   3.3789163e+04   3.0531133e-16
   3.3788988e+04   1.1102230e-15
   3.3788814e+04   5.5511151e-17
   3.3788640e+04   1.1657342e-15
   3.3788465e+04   4.4408921e-16
   3.3788291e+04   1.1102230e-16
   3.3788117e+04   6.9388939e-16
   3.3787942e+04   2.7755576e-17
   3.3787768e+04   1.1657342e-15
   3.3787594e+04   4.3021142e-16
   3.3787419e+04   6.2450045e-17
   3.3787245e+04   5.6898930e-16
   3.3787071e+04   4.7184479e-16
   3.3786897e+04   7.2164497e-16
   3.3786722e+04   2.7755576e-17
   3.3786548e+04   2.7755576e-16
   3.3786374e+04   9.4368957e-16
   3.3786199e+04   2.2204460e-16
   3.3786025e+04   1.6653345e-16
   3.3785851e+04   2.7755576e-16
   3.3785676e+04   1.6653345e-16
   3.3785502e+04   1.2212453e-15
   3.3785328e+04   5.8286709e-16
   3.3785153e+04   4.4408921e-16
   3.3784979e+04   3.3306691e-16
   3.3784805e+04   8.3266727e-17
   3.3784630e+04   6.6613381e-16
   3.3784456e+04   2.7755576e-16
   3.3784282e+04   1.2490009e-16
   3.3784107e+04   2.6367797e-16
   3.3783933e+04   1.6514567e-15
   3.3783759e+04   1.5543122e-15
   3.3783585e+04   1.2490009e-15
   3.3783410e+04   4.4408921e-16
   3.3783236e+04   1.4988011e-15
   3.3783062e+04   1.9151347e-15
   3.3782887e+04   1.2490009e-15
   3.3782713e+04   1.0824674e-15
   3.3782539e+04   3.6082248e-16
   3.3782364e+04   6.1062266e-16
   3.3782190e+04   6.1062266e-16
   3.3782016e+04   2.7755576e-16
   3.3781841e+04   5.5511151e-17
   3.3781667e+04   7.7715612e-16
   3.3781493e+04   2.2204460e-16
   3.3781318e+04   8.8817842e-16
   3.3781144e+04   2.2204460e-16
   3.3780970e+04   1.1102230e-16
   3.3780795e+04   1.1102230e-15
   3.3780621e+04   5.2735594e-16
   3.3780447e+04   1.1102230e-16
   3.3780273e+04   1.1102230e-16
   3.3780098e+04   8.8817842e-16
   3.3779924e+04   1.8873791e-15
   3.3779750e+04   8.3266727e-17
   3.3779575e+04   1.9428903e-16
   3.3779401e+04   9.1593400e-16
   3.3779227e+04   2.2204460e-16
   3.3779052e+04   1.7208457e-15
   3.3778878e+04   4.4408921e-16
   3.3778704e+04   5.5511151e-16
   3.3778529e+04   2.1649349e-15
   3.3778355e+04   3.0531133e-16
   3.3778181e+04   2.7755576e-16
   3.3778006e+04   3.4347525e-16
   3.3777832e+04   5.1347815e-16
   3.3777658e+04   9.2287289e-16
   3.3777483e+04   2.5673907e-16
   3.3777309e+04   7.4940054e-16
   3.3777135e+04   1.7520707e-15
   3.3776961e+04   7.7065090e-16
   3.3776786e+04   1.8611686e-15
   3.3776612e+04   1.7443678e-15
   3.3776438e+04   8.5505138e-16
   3.3776263e+04   1.6057077e-15
   3.3776089e+04   2.2059224e-15
   3.3775915e+04   2.0283119e-15
   3.3775740e+04   8.6656214e-16
   3.3775566e+04   1.6659851e-15
   3.3775392e+04   2.0816682e-15
   3.3775217e+04   9.9920072e-16
   3.3775043e+04   1.6653345e-15
   3.3774869e+04   6.6613381e-16
   3.3774694e+04   8.8817842e-16
   3.3774520e+04   8.8817842e-16
   3.3774346e+04   1.7763568e-15
   3.3774171e+04   1.7763568e-15
   3.3773997e+04   1.7763568e-15
   3.3773823e+04   1.7763568e-15
   3.3773649e+04   8.8817842e-16
   3.3773474e+04   0.0000000e+00
   3.3773300e+04   0.0000000e+00
   3.3773126e+04   0.0000000e+00
   3.3772951e+04   8.8817842e-16
   3.3772777e+04   0.0000000e+00
   3.3772603e+04   0.0000000e+00
   3.3772428e+04   8.8817842e-16
   3.3772254e+04   0.0000000e+00
   3.3772080e+04   8.8817842e-16
   3.3771905e+04   0.0000000e+00
   3.3771731e+04   8.8817842e-16
   3.3771557e+04   0.0000000e+00
   3.3771382e+04   4.4408921e-16
   3.3771208e+04   8.8817842e-16
   3.3771034e+04   1.3322676e-15
   3.3770859e+04   8.8817842e-16
   3.3770685e+04   8.8817842e-16
   3.3770511e+04   0.0000000e+00
   3.3770337e+04   1.2628787e-15
   3.3770162e+04   2.6142283e-15
   3.3769988e+04   1.0552811e-15
   3.3769814e+04   1.0832196e-15
   3.3769639e+04   1.6903872e-15
   3.3769465e+04   1.2028529e-15
   3.3769291e+04   1.3802678e-15
   3.3769116e+04   2.2319616e-15
   3.3768942e+04   1.8875975e-15
   3.3768768e+04   1.6115122e-15
   3.3768593e+04   1.2438069e-15
   3.3768419e+04   2.6086403e-15
   3.3768245e+04   1.6335035e-15
   3.3768070e+04   1.3276305e-15
   3.3767896e+04   5.0316129e-16
   3.3767722e+04   1.7753811e-15
   3.3767547e+04   9.5583264e-16
   3.3767373e+04   7.2164497e-16
   3.3767199e+04   1.3877788e-17
   3.3767025e+04   1.7347235e-15
   3.3766850e+04   0.0000000e+00
   3.3766676e+04   4.4408921e-16
   3.3766502e+04   0.0000000e+00
   3.3766327e+04   0.0000000e+00
   3.3766153e+04   0.0000000e+00
   3.3765979e+04   8.8817842e-16
   3.3765804e+04   1.7763568e-15
   3.3765630e+04   0.0000000e+00
   3.3765456e+04   8.8817842e-16
   3.3765281e+04   1.7763568e-15
   3.3765107e+04   1.7763568e-15
   3.3764933e+04   0.0000000e+00
   3.3764758e+04   1.7763568e-15
   3.3764584e+04   0.0000000e+00
   3.3764410e+04   1.7763568e-15
   3.3764235e+04   0.0000000e+00
   3.3764061e+04   0.0000000e+00
   3.3763887e+04   0.0000000e+00
   3.3763712e+04   8.8817842e-16
   3.3763538e+04   0.0000000e+00
   3.3763364e+04   1.7763568e-15
   3.3763190e+04   1.3322676e-15
   3.3763015e+04   4.4408921e-16
   3.3762841e+04   2.2204460e-16
   3.3762667e+04   2.2204460e-16
   3.3762492e+04   3.1225023e-16
   3.3762318e+04   4.0505793e-16
   3.3762144e+04   1.2882490e-15
   3.3761969e+04   1.0935568e-15
   3.3761795e+04   8.5606909e-16
   3.3761621e+04   8.6838305e-16
   3.3761446e+04   9.2627521e-16
   3.3761272e+04   2.3354136e-16
   3.3761098e+04   5.7483679e-17
   3.3760923e+04   1.6098234e-15
   3.3760749e+04   8.5368821e-16
   3.3760575e+04   8.5845032e-16
   3.3760400e+04   1.4777801e-15
   3.3760226e+04   1.3160088e-15
   3.3760052e+04   1.6434965e-15
   3.3759878e+04   2.5462997e-15
   3.3759703e+04   9.7260063e-16
   3.3759529e+04   1.9321405e-15
   3.3759355e+04   2.2342537e-15
   3.3759180e+04   2.1494230e-15
   3.3759006e+04   1.2093401e-15
   3.3758832e+04   1.3468924e-15
   3.3758657e+04   1.5622023e-15
   3.3758483e+04   9.1947053e-16
   3.3758309e+04   1.2299525e-15
   3.3758134e+04   6.8436518e-16
   3.3757960e+04   4.3891858e-16
   3.3757786e+04   1.2906343e-15
   3.3757611e+04   7.1647434e-16
   3.3757437e+04   8.8673407e-16
   3.3757263e+04   1.0683794e-16
   3.3757088e+04   6.5759587e-16
   3.3756914e+04   8.1294199e-17
   3.3756740e+04   2.3930780e-19
   3.3756566e+04   9.5242078e-18
   3.3756391e+04   3.5391863e-16
   3.3756217e+04   1.3409748e-15
   3.3756043e+04   5.1783173e-16
   3.3755868e+04   8.8464189e-16
   3.3755694e+04   1.7763568e-15
   3.3755520e+04   4.4408921e-16
   3.3755345e+04   1.7763568e-15
   3.3755171e+04   1.7763568e-15
   3.3754997e+04   1.3322676e-15
   3.3754822e+04   1.1102230e-15
   3.3754648e+04   9.0552565e-16
   3.3754474e+04   1.2476999e-15
   3.3754299e+04   1.0717610e-15
   3.3754125e+04   6.5878326e-16
   3.3753951e+04   1.0146489e-15
   3.3753776e+04   2.0149262e-16
   3.3753602e+04   1.1120677e-15
   3.3753428e+04   1.0539106e-15
   3.3753254e+04   6.1680262e-16
   3.3753079e+04   7.6327833e-16
   3.3752905e+04   5.0306981e-16
   3.3752731e+04   9.7144515e-16
   3.3752556e+04   1.3877788e-17
   3.3752382e+04   4.1633363e-16
   3.3752208e+04   1.2767565e-15
   3.3752033e+04   1.5820678e-15
   3.3751859e+04   1.2490009e-15
   3.3751685e+04   3.4694470e-16
   3.3751510e+04   9.7144515e-16
   3.3751336e+04   4.3021142e-16
   3.3751162e+04   1.0269563e-15
   3.3750987e+04   5.6898930e-16
   3.3750813e+04   9.9920072e-16
   3.3750639e+04   1.4016566e-15
   3.3750464e+04   7.7715612e-16
   3.3750290e+04   1.1379786e-15
   3.3750116e+04   4.0245585e-16
   3.3749942e+04   2.7755576e-17
   3.3749767e+04   4.1633363e-16
   3.3749593e+04   8.3266727e-17
   3.3749419e+04   6.1062266e-16
   3.3749244e+04   1.1102230e-16
   3.3749070e+04   1.3322676e-15
   3.3748896e+04   2.7755576e-17
   3.3748721e+04   1.8596236e-15
   3.3748547e+04   1.1102230e-15
   3.3748373e+04   4.8572257e-16
   3.3748198e+04   1.3183898e-16
   3.3748024e+04   2.6714742e-16
   3.3747850e+04   2.0643209e-16
   3.3747675e+04   6.6989464e-16
   3.3747501e+04   7.1129634e-16
   3.3747327e+04   9.5719546e-16
   3.3747152e+04   4.7593312e-17
   3.3746978e+04   1.0690991e-15
   3.3746804e+04   7.7237150e-16
   3.3746630e+04   3.9164413e-16
   3.3746455e+04   8.4603231e-16
   3.3746281e+04   1.0587217e-15
   3.3746107e+04   2.8784911e-16
   3.3745932e+04   1.2368079e-15
   3.3745758e+04   1.0583677e-15
   3.3745584e+04   1.2930466e-15
   3.3745409e+04   1.8205923e-15
   3.3745235e+04   1.6098234e-15
   3.3745061e+04   8.3266727e-16
   3.3744886e+04   1.2212453e-15
   3.3744712e+04   1.1102230e-15
   3.3744538e+04   1.2568910e-15
   3.3744363e+04   8.0803970e-16
   3.3744189e+04   2.5571776e-16
   3.3744015e+04   1.9816640e-15
   3.3743840e+04   7.7157697e-16
   3.3743666e+04   8.9606853e-16
   3.3743492e+04   8.1871939e-16
   3.3743318e+04   4.2898585e-16
   3.3743143e+04   6.0504351e-16
   3.3742969e+04   6.3261080e-18
   3.3742795e+04   2.7333635e-16
   3.3742620e+04   8.6395938e-16
   3.3742446e+04   1.0360019e-15
   3.3742272e+04   7.4897999e-17
   3.3742097e+04   5.1864878e-16
   3.3741923e+04   7.2001087e-16
   3.3741749e+04   1.9816640e-15
   3.3741574e+04   8.4450244e-16
   3.3741400e+04   6.3477162e-16
   3.3741226e+04   3.7068512e-16
   3.3741051e+04   5.2490479e-16
   3.3740877e+04   3.0333880e-16
   3.3740703e+04   4.4163807e-16
   3.3740528e+04   8.2449679e-17
   3.3740354e+04   1.1719902e-15
   3.3740180e+04   5.6381867e-16
   3.3740006e+04   1.0707725e-16
   3.3739831e+04   4.0041323e-16
   3.3739657e+04   1.1359360e-15
   3.3739483e+04   9.9327316e-18
   3.3739308e+04   9.0205621e-16
   3.3739134e+04   2.5456228e-16
   3.3738960e+04   1.5153984e-15
   3.3738785e+04   3.0449428e-16
   3.3738611e+04   3.4653616e-16
   3.3738437e+04   2.9578713e-16
   3.3738262e+04   6.2885409e-16
   3.3738088e+04   3.8776110e-16
   3.3737914e+04   1.6340282e-16
   3.3737739e+04   3.2355303e-16
   3.3737565e+04   5.2041704e-16
   3.3737391e+04   5.4123372e-16
   3.3737216e+04   1.1102230e-16
   3.3737042e+04   7.7715612e-16
   3.3736868e+04   4.4408921e-16
   3.3736694e+04   0.0000000e+00
   3.3736519e+04   4.4408921e-16
   3.3736345e+04   4.4408921e-16
   3.3736171e+04   8.8817842e-16
   3.3735996e+04   1.7763568e-15
   3.3735822e+04   8.8817842e-16
   3.3735648e+04   1.7763568e-15
   3.3735473e+04   1.7763568e-15
   3.3735299e+04   1.7763568e-15
   3.3735125e+04   1.7763568e-15
   3.3734950e+04   0.0000000e+00
   3.3734776e+04   1.7763568e-15
   3.3734602e+04   1.7763568e-15
   3.3734427e+04   1.7763568e-15
   3.3734253e+04   0.0000000e+00
   3.3734079e+04   1.7763568e-15
   3.3733904e+04   8.8817842e-16
   3.3733730e+04   0.0000000e+00
   3.3733556e+04   0.0000000e+00
   3.3733382e+04   8.8817842e-16
   3.3733207e+04   7.7715612e-16
   3.3733033e+04   1.6653345e-16
   3.3732859e+04   5.5511151e-16
   3.3732684e+04   4.9960036e-16
   3.3732510e+04   5.8286709e-16
   3.3732336e+04   8.4307561e-16
   3.3732161e+04   6.6808538e-16
   3.3731987e+04   5.0924637e-16
   3.3731813e+04   4.1096175e-16
   3.3731638e+04   8.6089994e-17
   3.3731464e+04   1.4751609e-15
   3.3731290e+04   6.2665509e-16
   3.3731115e+04   7.0162280e-16
   3.3730941e+04   9.9171973e-16
   3.3730767e+04   3.2265857e-16
   3.3730592e+04   1.2594092e-15
   3.3730418e+04   1.1657342e-15
   3.3730244e+04   6.2450045e-16
   3.3730070e+04   1.3877788e-15
   3.3729895e+04   2.1788127e-15
   3.3729721e+04   1.8873791e-15
   3.3729547e+04   1.6792123e-15
   3.3729372e+04   8.0491169e-16
   3.3729198e+04   7.4940054e-16
   3.3729024e+04   1.9428903e-16
   3.3728849e+04   1.6237012e-15
   3.3728675e+04   1.1934898e-15
   3.3728501e+04   3.7470027e-16
   3.3728326e+04   6.6613381e-16
   3.3728152e+04   1.8041124e-16
   3.3727978e+04   6.3837824e-16
   3.3727803e+04   2.9143354e-16
   3.3727629e+04   7.3552275e-16
   3.3727455e+04   1.2490009e-16
   3.3727280e+04   8.6042284e-16
   3.3727106e+04   3.1225023e-16
   3.3726932e+04   6.6613381e-16
   3.3726758e+04   1.2351231e-15
   3.3726583e+04   1.9706459e-15
   3.3726409e+04   3.1918912e-16
   3.3726235e+04   1.9290125e-15
   3.3726060e+04   1.9845237e-15
   3.3725886e+04   1.6167623e-15
   3.3725712e+04   1.2351231e-15
   3.3725537e+04   1.2815270e-15
   3.3725363e+04   1.5826302e-15
   3.3725189e+04   9.9995246e-16
   3.3725014e+04   1.4683427e-15
   3.3724840e+04   1.5081642e-15
   3.3724666e+04   2.1296684e-15
   3.3724491e+04   4.2784921e-16
   3.3724317e+04   9.7166351e-16
   3.3724143e+04   7.7884496e-16
   3.3723968e+04   8.1010570e-16
   3.3723794e+04   1.9467284e-16
   3.3723620e+04   2.5960247e-16
   3.3723446e+04   3.4230804e-16
   3.3723271e+04   1.0789031e-15
   3.3723097e+04   1.0676139e-15
   3.3722923e+04   1.2212453e-15
   3.3722748e+04   5.5511151e-16
   3.3722574e+04   8.6042284e-16
   3.3722400e+04   8.3266727e-16
   3.3722225e+04   2.2204460e-16
   3.3722051e+04   1.1102230e-16
   3.3721877e+04   1.3322676e-15
   3.3721702e+04   1.3322676e-15
   3.3721528e+04   1.7763568e-15
   3.3721354e+04   0.0000000e+00
   3.3721179e+04   1.3322676e-15
   3.3721005e+04   6.6613381e-16
   3.3720831e+04   1.3322676e-15
   3.3720656e+04   1.8873791e-15
   3.3720482e+04   6.1062266e-16
   3.3720308e+04   3.3306691e-16
   3.3720133e+04   7.7715612e-16
   3.3719959e+04   8.3266727e-16
   3.3719785e+04   1.2212453e-15
   3.3719611e+04   1.1102230e-16
   3.3719436e+04   5.5511151e-16
   3.3719262e+04   1.6653345e-15
   3.3719088e+04   6.6613381e-16
   3.3718913e+04   1.1102230e-16
   3.3718739e+04   1.6653345e-15
   3.3718565e+04   8.3266727e-16
   3.3718390e+04   6.6613381e-16
   3.3718216e+04   2.4980018e-16
   3.3718042e+04   1.3877788e-17
   3.3717867e+04   5.1694760e-16
   3.3717693e+04   6.9323887e-16
   3.3717519e+04   7.8001570e-17
   3.3717344e+04   1.2003990e-15
   3.3717170e+04   1.9493764e-16
   3.3716996e+04   5.7197244e-16
   3.3716821e+04   9.8563930e-17
   3.3716647e+04   1.0624952e-15
   3.3716473e+04   8.0017524e-16
   3.3716299e+04   1.2282608e-16
   3.3716124e+04   6.9014911e-16
   3.3715950e+04   1.0267472e-15
   3.3715776e+04   9.4856993e-17
   3.3715601e+04   1.6663100e-17
   3.3715427e+04   6.2736767e-16
   3.3715253e+04   1.3843504e-16
   3.3715078e+04   9.2868898e-17
   3.3714904e+04   8.3127668e-17
   3.3714730e+04   1.2331349e-15
   3.3714555e+04   3.5364766e-16
   3.3714381e+04   3.8036918e-16
   3.3714207e+04   1.2213581e-16
   3.3714032e+04   7.1123056e-16
   3.3713858e+04   9.9369003e-16
   3.3713684e+04   1.4330157e-15
   3.3713509e+04   9.2838434e-16
   3.3713335e+04   5.4275867e-16
   3.3713161e+04   1.0702853e-16
   3.3712987e+04   1.6218473e-15
   3.3712812e+04   1.9157361e-15
   3.3712638e+04   1.0957075e-15
   3.3712464e+04   3.6431473e-16
   3.3712289e+04   1.0450292e-15
   3.3712115e+04   1.6106554e-15
   3.3711941e+04   8.1280970e-16
   3.3711766e+04   2.0002114e-15
   3.3711592e+04   9.0023606e-16
   3.3711418e+04   1.7523473e-15
   3.3711243e+04   1.3896238e-15
   3.3711069e+04   1.7069679e-15
   3.3710895e+04   1.6375790e-15
   3.3710720e+04   3.7470027e-16
   3.3710546e+04   1.6653345e-16
   3.3710372e+04   1.5265567e-16
   3.3710197e+04   1.1969592e-16
   3.3710023e+04   4.6880902e-16
   3.3709849e+04   1.5151725e-17
   3.3709675e+04   6.4155122e-16
   3.3709500e+04   8.2614003e-16
   3.3709326e+04   4.1096509e-16
   3.3709152e+04   1.8761494e-16
   3.3708977e+04   9.0390105e-16
   3.3708803e+04   3.1838613e-16
   3.3708629e+04   7.5568891e-17
   3.3708454e+04   3.4694470e-16
   3.3708280e+04   5.6898930e-16
   3.3708106e+04   4.9960036e-16
   3.3707931e+04   6.1062266e-16
   3.3707757e+04   5.5511151e-17
   3.3707583e+04   1.1102230e-16
   3.3707408e+04   1.1102230e-16
   3.3707234e+04   1.4432899e-15
   3.3707060e+04   8.8817842e-16
   3.3706885e+04   3.3306691e-16
   3.3706711e+04   7.2164497e-16
   3.3706537e+04   1.0547119e-15
   3.3706363e+04   6.3837824e-16
   3.3706188e+04   9.4368957e-16
   3.3706014e+04   1.3877788e-15
   3.3705840e+04   1.3877788e-15
   3.3705665e+04   2.2759572e-15
   3.3705491e+04   2.2759572e-15
   3.3705317e+04   3.2196468e-15
   3.3705142e+04   2.3314684e-15
   3.3704968e+04   8.8817842e-16
   3.3704794e+04   2.6645353e-15
   3.3704619e+04   1.7763568e-15
   3.3704445e+04   2.2204460e-15
   3.3704271e+04   1.6653345e-15
   3.3704096e+04   1.8873791e-15
   3.3703922e+04   2.2759572e-15
   3.3703748e+04   1.5820678e-15
   3.3703573e+04   6.8001160e-16
   3.3703399e+04   1.7624791e-15
   3.3703225e+04   1.2888995e-15
   3.3703051e+04   9.4745040e-16
   3.3702876e+04   5.4476331e-16
   3.3702702e+04   1.4852951e-15
   3.3702528e+04   5.0751821e-16
   3.3702353e+04   7.6378777e-16
   3.3702179e+04   1.9907365e-16
   3.3702005e+04   1.2520670e-15
   3.3701830e+04   1.0403213e-15
   3.3701656e+04   1.1974996e-15
   3.3701482e+04   9.5398303e-16
   3.3701307e+04   1.2784412e-15
   3.3701133e+04   1.7106224e-15
   3.3700959e+04   2.0702129e-15
   3.3700784e+04   2.6118430e-16
   3.3700610e+04   1.8596236e-15
   3.3700436e+04   1.8179902e-15
   3.3700261e+04   4.0245585e-16
   3.3700087e+04   5.8286709e-16
   3.3699913e+04   1.5820678e-15
   3.3699739e+04   1.1102230e-16
   3.3699564e+04   4.9960036e-16
   3.3699390e+04   4.9960036e-16
   3.3699216e+04   8.3266727e-16
   3.3699041e+04   1.0547119e-15
   3.3698867e+04   5.5511151e-17
   3.3698693e+04   4.9960036e-16
   3.3698518e+04   2.2204460e-16
   3.3698344e+04   1.8041124e-16
   3.3698170e+04   9.5062846e-16
   3.3697995e+04   4.5796700e-16
   3.3697821e+04   1.5265567e-15
   3.3697647e+04   1.4155344e-15
   3.3697472e+04   1.1102230e-16
   3.3697298e+04   1.2212453e-15
   3.3697124e+04   1.2212453e-15
   3.3696949e+04   1.4432899e-15
   3.3696775e+04   1.9984014e-15
   3.3696601e+04   6.6613381e-16
   3.3696427e+04   2.7755576e-16
   3.3696252e+04   2.7755576e-16
   3.3696078e+04   5.8286709e-16
   3.3695904e+04   1.1102230e-16
   3.3695729e+04   1.1102230e-15
   3.3695555e+04   1.3600232e-15
   3.3695381e+04   9.9920072e-16
   3.3695206e+04   1.7208457e-15
   3.3695032e+04   1.4294121e-15
   3.3694858e+04   1.1241008e-15
   3.3694683e+04   5.1347815e-16
   3.3694509e+04   7.7715612e-16
   3.3694335e+04   8.0491169e-16
   3.3694160e+04   1.2212453e-15
   3.3693986e+04   1.7763568e-15
   3.3693812e+04   1.3045121e-15
   3.3693637e+04   2.2482016e-15
   3.3693463e+04   2.1926905e-15
   3.3693289e+04   1.9151347e-15
   3.3693115e+04   1.4432899e-15
   3.3692940e+04   9.9920072e-16
   3.3692766e+04   4.4408921e-16
   3.3692592e+04   4.4408921e-16
   3.3692417e+04   4.4408921e-16
   3.3692243e+04   8.3266727e-16
   3.3692069e+04   5.5511151e-16
   3.3691894e+04   5.5511151e-16
   3.3691720e+04   2.1094237e-15
   3.3691546e+04   4.4408921e-16
   3.3691371e+04   1.2212453e-15
   3.3691197e+04   1.5543122e-15
   3.3691023e+04   1.2767565e-15
   3.3690848e+04   1.6653345e-15
   3.3690674e+04   1.1102230e-16
   3.3690500e+04   1.1379786e-15
   3.3690325e+04   1.6375790e-15
   3.3690151e+04   4.7184479e-16
   3.3689977e+04   1.7763568e-15
   3.3689803e+04   7.2164497e-16
   3.3689628e+04   1.6653345e-16
   3.3689454e+04   2.9976022e-15
   3.3689280e+04   2.2204460e-16
   3.3689105e+04   6.1062266e-16
   3.3688931e+04   1.8873791e-15
   3.3688757e+04   9.2981178e-16
   3.3688582e+04   9.7144515e-16
   3.3688408e+04   7.6327833e-16
   3.3688234e+04   1.5543122e-15
   3.3688059e+04   1.3877788e-17
   3.3687885e+04   2.5413699e-15
   3.3687711e+04   7.1774184e-16
   3.3687536e+04   1.9586925e-15
   3.3687362e+04   2.8908133e-15
   3.3687188e+04   2.8780735e-15
   3.3687013e+04   2.4466062e-15
   3.3686839e+04   3.6539736e-15
   3.3686665e+04   2.4125802e-15
   3.3686491e+04   2.3530812e-15
   3.3686316e+04   1.5884646e-15
   3.3686142e+04   2.2239155e-15
   3.3685968e+04   1.3461454e-15
   3.3685793e+04   1.7763568e-15
   3.3685619e+04   9.4368957e-16
   3.3685445e+04   6.1062266e-16
   3.3685270e+04   1.4432899e-15
   3.3685096e+04   5.5511151e-16
   3.3684922e+04   1.6653345e-15
   3.3684747e+04   1.3322676e-15
   3.3684573e+04   1.4432899e-15
   3.3684399e+04   2.6090241e-15
   3.3684224e+04   2.7755576e-16
   3.3684050e+04   1.3600232e-15
   3.3683876e+04   1.0547119e-15
   3.3683701e+04   2.7200464e-15
   3.3683527e+04   4.9960036e-16
   3.3683353e+04   4.9960036e-16
   3.3683179e+04   1.1657342e-15
   3.3683004e+04   5.5511151e-16
   3.3682830e+04   5.5511151e-16
   3.3682656e+04   0.0000000e+00
   3.3682481e+04   0.0000000e+00
   3.3682307e+04   1.7763568e-15
   3.3682133e+04   6.6613381e-16
   3.3681958e+04   1.2212453e-15
   3.3681784e+04   2.1094237e-15
   3.3681610e+04   1.6098234e-15
   3.3681435e+04   1.3600232e-15
   3.3681261e+04   1.6514567e-15
   3.3681087e+04   9.2981178e-16
   3.3680912e+04   2.1597307e-15
   3.3680738e+04   1.8035500e-15
   3.3680564e+04   2.0531613e-15
   3.3680389e+04   7.2434785e-16
   3.3680215e+04   1.6004603e-15
   3.3680041e+04   1.4785565e-15
   3.3679867e+04   1.6815745e-15
   3.3679692e+04   2.9696282e-15
   3.3679518e+04   2.4685574e-15
   3.3679344e+04   1.8925731e-15
   3.3679169e+04   3.1645194e-15
   3.3678995e+04   2.5853440e-15
   3.3678821e+04   2.1140608e-15
   3.3678646e+04   2.6887299e-15
   3.3678472e+04   2.5961221e-15
   3.3678298e+04   1.7225804e-15
   3.3678123e+04   1.1657342e-15
   3.3677949e+04   1.7069679e-15
   3.3677775e+04   2.2482016e-15
   3.3677600e+04   5.5511151e-16
   3.3677426e+04   7.7715612e-16
   3.3677252e+04   4.4408921e-16
   3.3677077e+04   8.8817842e-16
   3.3676903e+04   1.3322676e-15
   3.3676729e+04   2.2204460e-16
   3.3676554e+04   4.4408921e-16
   3.3676380e+04   0.0000000e+00
   3.3676206e+04   1.3322676e-15
   3.3676032e+04   1.2212453e-15
   3.3675857e+04   9.4368957e-16
   3.3675683e+04   1.5543122e-15
   3.3675509e+04   2.1094237e-15
   3.3675334e+04   1.9428903e-15
   3.3675160e+04   1.8873791e-15
   3.3674986e+04   1.2212453e-15
   3.3674811e+04   5.5511151e-16
   3.3674637e+04   1.1102230e-16
   3.3674463e+04   2.2204460e-16
   3.3674288e+04   2.3314684e-15
   3.3674114e+04   1.1102230e-16
   3.3673940e+04   1.0547119e-15
   3.3673765e+04   6.6613381e-16
   3.3673591e+04   6.3837824e-16
   3.3673417e+04   1.0963452e-15
   3.3673242e+04   1.4571677e-16
   3.3673068e+04   7.9341915e-16
   3.3672894e+04   1.6256256e-17
   3.3672720e+04   9.5477808e-16
   3.3672545e+04   4.3535376e-18
   3.3672371e+04   1.1898251e-16
   3.3672197e+04   5.0994163e-16
   3.3672022e+04   1.4825422e-15
   3.3671848e+04   8.3069474e-16
   3.3671674e+04   1.2767565e-15
   3.3671499e+04   9.0919936e-16
   3.3671325e+04   3.0333880e-16
   3.3671151e+04   8.1164632e-16
   3.3670976e+04   1.0106975e-15
   3.3670802e+04   1.6434965e-15
   3.3670628e+04   3.1152890e-15
   3.3670453e+04   1.6109789e-15
   3.3670279e+04   1.8627516e-15
   3.3670105e+04   2.1232314e-15
   3.3669930e+04   2.0661563e-15
   3.3669756e+04   1.7228182e-15
   3.3669582e+04   2.3183375e-15
   3.3669408e+04   2.2005806e-15
   3.3669233e+04   2.6958274e-15
   3.3669059e+04   1.1744413e-15
   3.3668885e+04   9.7579873e-16
   3.3668710e+04   1.8266974e-15
   3.3668536e+04   9.7838404e-16
   3.3668362e+04   2.2584948e-17
   3.3668187e+04   9.5700164e-17
   3.3668013e+04   3.7888463e-16
   3.3667839e+04   7.1630512e-16
   3.3667664e+04   7.4742801e-16
   3.3667490e+04   2.3568308e-16
   3.3667316e+04   5.6463572e-16
   3.3667141e+04   1.1449525e-15
   3.3666967e+04   2.1042531e-15
   3.3666793e+04   1.1839655e-15
   3.3666618e+04   4.3374795e-16
   3.3666444e+04   2.2204460e-16
   3.3666270e+04   1.4432899e-15
   3.3666096e+04   1.4988011e-15
   3.3665921e+04   1.5543122e-15
   3.3665747e+04   2.6090241e-15
   3.3665573e+04   1.6653345e-15
   3.3665398e+04   1.3704315e-15
   3.3665224e+04   1.3058131e-15
   3.3665050e+04   1.7870599e-15
   3.3664875e+04   2.1167743e-15
   3.3664701e+04   1.1364083e-15
   3.3664527e+04   4.6464103e-16
   3.3664352e+04   1.3304230e-15
   3.3664178e+04   1.3053133e-15
   3.3664004e+04   9.7762510e-16
   3.3663829e+04   2.7755576e-16
   3.3663655e+04   1.9879931e-15
   3.3663481e+04   4.1633363e-16
   3.3663306e+04   5.6898930e-16
   3.3663132e+04   1.6653345e-15
   3.3662958e+04   1.5681900e-15
   3.3662784e+04   1.8873791e-15
   3.3662609e+04   2.1233015e-15
   3.3662435e+04   3.4694470e-15
   3.3662261e+04   2.8588243e-15
   3.3662086e+04   1.3045121e-15
   3.3661912e+04   2.2343238e-15
   3.3661738e+04   2.5257574e-15
   3.3661563e+04   2.7894353e-15
   3.3661389e+04   1.4988011e-15
   3.3661215e+04   4.0939474e-15
   3.3661040e+04   1.6930901e-15
   3.3660866e+04   1.5126789e-15
   3.3660692e+04   1.4016566e-15
   3.3660517e+04   2.0955460e-15
   3.3660343e+04   3.6082248e-16
   3.3660169e+04   1.5890067e-15
   3.3659994e+04   1.7763568e-15
   3.3659820e+04   2.2343238e-15
   3.3659646e+04   3.0531133e-16
   3.3659472e+04   2.7616798e-15
   3.3659297e+04   4.8572257e-16
   3.3659123e+04   2.0400348e-15
   3.3658949e+04   1.0338952e-15
   3.3658774e+04   2.9316827e-15
   3.3658600e+04   9.3154651e-16
   3.3658426e+04   3.8340303e-15
   3.3658251e+04   2.3973281e-15
   3.3658077e+04   4.9262428e-15
   3.3657903e+04   4.6153434e-15
   3.3657728e+04   6.8967511e-15
   3.3657554e+04   7.9151237e-15
   3.3657380e+04   8.4068733e-15
   3.3657205e+04   1.0893551e-14
   3.3657031e+04   1.2708044e-14
   3.3656857e+04   1.6025261e-14
   3.3656682e+04   1.9080273e-14
   3.3656508e+04   2.1708514e-14
   3.3656334e+04   2.7628250e-14
   3.3656160e+04   3.4322263e-14
   3.3655985e+04   4.0717429e-14
   3.3655811e+04   4.9404925e-14
   3.3655637e+04   6.2422290e-14
   3.3655462e+04   7.1664896e-14
   3.3655288e+04   9.1357137e-14
   3.3655114e+04   1.0665086e-13
   3.3654939e+04   1.3632991e-13
   3.3654765e+04   1.6064439e-13
   3.3654591e+04   2.0579125e-13
   3.3654416e+04   2.4449977e-13
   3.3654242e+04   3.1041955e-13
   3.3654068e+04   3.7585089e-13
   3.3653893e+04   4.7193028e-13
   3.3653719e+04   5.7418005e-13
   3.3653545e+04   7.1663958e-13
   3.3653370e+04   8.8050933e-13
   3.3653196e+04   1.0848628e-12
   3.3653022e+04   1.3242121e-12
   3.3652848e+04   1.6135950e-12
   3.3652673e+04   1.9269903e-12
   3.3652499e+04   2.2630343e-12
   3.3652325e+04   2.5535882e-12
   3.3652150e+04   2.7095202e-12
   3.3651976e+04   2.4883060e-12
   3.3651802e+04   1.4884254e-12
   3.3651627e+04   1.1532040e-12
   3.3651453e+04   7.0338233e-12
   3.3651279e+04   1.9345631e-11
   3.3651104e+04   4.4310048e-11
   3.3650930e+04   9.4520441e-11
   3.3650756e+04   1.9570524e-10
   3.3650581e+04   4.0220376e-10
   3.3650407e+04   8.3212075e-10
   3.3650233e+04   1.7524916e-09
   3.3650058e+04   3.7943406e-09
   3.3649884e+04   8.5308820e-09
   3.3649710e+04   2.0141108e-08
   3.3649536e+04   5.0611018e-08
   3.3649361e+04   1.3770582e-07
   3.3649187e+04   4.1529929e-07
   3.3649013e+04   1.4362267e-06
   3.3648838e+04   6.0105667e-06
   3.3648664e+04   3.3558243e-05
   3.3648490e+04   3.1396768e-04
   3.3648315e+04   1.7796364e-02
   3.3648141e+04   1.7833834e-01
   3.3647967e+04   7.4985075e-01
   3.3647792e+04   1.8611032e+00
   3.3647618e+04   3.1472684e+00
   3.3647444e+04   4.1759829e+00
   3.3647269e+04   5.3447657e+00
   3.3647095e+04   7.4563853e+00
   3.3646921e+04   1.0059492e+01
   3.3646746e+04   1.1546187e+01
   3.3646572e+04   1.1627891e+01
   3.3646398e+04   1.2061884e+01
   3.3646224e+04   1.3739902e+01
   3.3646049e+04   1.4932479e+01
   3.3645875e+04   1.4170646e+01
   3.3645701e+04   1.2992960e+01
   3.3645526e+04   1.3504423e+01
   3.3645352e+04   1.4796358e+01
   3.3645178e+04   1.4501097e+01
   3.3645003e+04   1.2744036e+01
   3.3644829e+04   1.1668937e+01
   3.3644655e+04   1.1678050e+01
   3.3644480e+04   1.0965813e+01
   3.3644306e+04   8.6981074e+00
   3.3644132e+04   6.1909199e+00
   3.3643957e+04   4.6430073e+00
   3.3643783e+04   3.6576475e+00
   3.3643609e+04   2.4730311e+00
   3.3643434e+04   1.2087164e+00
   3.3643260e+04   3.7575485e-01
   3.3643086e+04   6.0445526e-02
   3.3642912e+04   2.1050068e-03
   3.3642737e+04   1.6167904e-04
   3.3642563e+04   2.7364390e-05
   3.3642389e+04   6.7418556e-06
   3.3642214e+04   2.0991146e-06
   3.3642040e+04   7.6955819e-07
   3.3641866e+04   3.1858519e-07
   3.3641691e+04   1.4492893e-07
   3.3641517e+04   7.1092856e-08
   3.3641343e+04   3.7093140e-08
   3.3641168e+04   2.0375442e-08
   3.3640994e+04   1.1690868e-08
   3.3640820e+04   6.9636032e-09
   3.3640645e+04   4.2848576e-09
   3.3640471e+04   2.7129618e-09
   3.3640297e+04   1.7619000e-09
   3.3640122e+04   1.1707323e-09
   3.3639948e+04   7.9443088e-10
   3.3639774e+04   5.4983600e-10
   3.3639600e+04   3.8797662e-10
   3.3639425e+04   2.7926182e-10
   3.3639251e+04   2.0550817e-10
   3.3639077e+04   1.5524541e-10
   3.3638902e+04   1.2129986e-10
   3.3638728e+04   9.9028313e-11
   3.3638554e+04   8.5673288e-11
   3.3638379e+04   7.9549339e-11
   3.3638205e+04   8.0090462e-11
   3.3638031e+04   8.7386237e-11
   3.3637856e+04   1.0261375e-10
   3.3637682e+04   1.2786483e-10
   3.3637508e+04   1.6699486e-10
   3.3637333e+04   2.2603983e-10
   3.3637159e+04   3.1499722e-10
   3.3636985e+04   4.4992365e-10
   3.3636810e+04   6.5762860e-10
   3.3636636e+04   9.8327468e-10
   3.3636462e+04   1.5054848e-09
   3.3636288e+04   2.3646503e-09
   3.3636113e+04   3.8204457e-09
   3.3635939e+04   6.3709705e-09
   3.3635765e+04   1.1013630e-08
   3.3635590e+04   1.9844541e-08
   3.3635416e+04   3.7523388e-08
   3.3635242e+04   7.5109268e-08
   3.3635067e+04   1.6096709e-07
   3.3634893e+04   3.7498374e-07
   3.3634719e+04   9.6969145e-07
   3.3634544e+04   2.8698214e-06
   3.3634370e+04   1.0194495e-05
   3.3634196e+04   4.7238334e-05
   3.3634021e+04   3.4130570e-04
   3.3633847e+04   7.4594797e-03
   3.3633673e+04   1.0984205e-01
   3.3633498e+04   5.4939899e-01
   3.3633324e+04   1.5360628e+00
   3.3633150e+04   2.8340515e+00
   3.3632975e+04   3.9340778e+00
   3.3632801e+04   4.9793868e+00
   3.3632627e+04   6.8184041e+00
   3.3632453e+04   9.4377483e+00
   3.3632278e+04   1.1338053e+01
   3.3632104e+04   1.1665256e+01
   3.3631930e+04   1.1824245e+01
   3.3631755e+04   1.3260869e+01
   3.3631581e+04   1.4808356e+01
   3.3631407e+04   1.4523189e+01
   3.3631232e+04   1.3188770e+01
   3.3631058e+04   1.3209387e+01
   3.3630884e+04   1.4548438e+01
   3.3630709e+04   1.4791108e+01
   3.3630535e+04   1.3221060e+01
   3.3630361e+04   1.1808889e+01
   3.3630186e+04   1.1667812e+01
   3.3630012e+04   1.1315285e+01
   3.3629838e+04   9.3837185e+00
   3.3629663e+04   6.7684011e+00
   3.3629489e+04   4.9520093e+00
   3.3629315e+04   3.9138597e+00
   3.3629141e+04   2.8074176e+00
   3.3628966e+04   1.5102704e+00
   3.3628792e+04   5.3471167e-01
   3.3628618e+04   1.0528968e-01
   3.3628443e+04   6.8818139e-03
   3.3628269e+04   3.3065500e-04
   3.3628095e+04   4.6516862e-05
   3.3627920e+04   1.0145648e-05
   3.3627746e+04   2.8794516e-06
   3.3627572e+04   9.7952385e-07
   3.3627397e+04   3.8097654e-07
   3.3627223e+04   1.6436398e-07
   3.3627049e+04   7.7034929e-08
   3.3626874e+04   3.8637009e-08
   3.3626700e+04   2.0505119e-08
   3.3626526e+04   1.1415852e-08
   3.3626351e+04   6.6220692e-09
   3.3626177e+04   3.9809217e-09
   3.3626003e+04   2.4694256e-09
   3.3625829e+04   1.5752820e-09
   3.3625654e+04   1.0306083e-09
   3.3625480e+04   6.9028870e-10
   3.3625306e+04   4.7280404e-10
   3.3625131e+04   3.3127453e-10
   3.3624957e+04   2.3778425e-10
   3.3624783e+04   1.7558828e-10
   3.3624608e+04   1.3425918e-10
   3.3624434e+04   1.0744279e-10
   3.3624260e+04   9.1130990e-11
   3.3624085e+04   8.3060432e-11
   3.3623911e+04   8.2024543e-11
   3.3623737e+04   8.7833118e-11
   3.3623562e+04   1.0108543e-10
   3.3623388e+04   1.2341292e-10
   3.3623214e+04   1.5766309e-10
   3.3623039e+04   2.0848874e-10
   3.3622865e+04   2.8324355e-10
   3.3622691e+04   3.9356068e-10
   3.3622517e+04   5.5803938e-10
   3.3622342e+04   8.0687654e-10
   3.3622168e+04   1.1902147e-09
   3.3621994e+04   1.7932462e-09
   3.3621819e+04   2.7649041e-09
   3.3621645e+04   4.3735529e-09
   3.3621471e+04   7.1202130e-09
   3.3621296e+04   1.1977852e-08
   3.3621122e+04   2.0924005e-08
   3.3620948e+04   3.8193857e-08
   3.3620773e+04   7.3430545e-08
   3.3620599e+04   1.5024037e-07
   3.3620425e+04   3.3168305e-07
   3.3620250e+04   8.0531873e-07
   3.3620076e+04   2.2103900e-06
   3.3619902e+04   7.1546460e-06
   3.3619727e+04   2.9337375e-05
   3.3619553e+04   1.7595443e-04
   3.3619379e+04   2.3669302e-03
   3.3619205e+04   6.3492136e-02
   3.3619030e+04   3.8773672e-01
   3.3618856e+04   1.2335357e+00
   3.3618682e+04   2.5033510e+00
   3.3618507e+04   3.6830034e+00
   3.3618333e+04   4.6713351e+00
   3.3618159e+04   6.2417991e+00
   3.3617984e+04   8.7640981e+00
   3.3617810e+04   1.1010144e+01
   3.3617636e+04   1.1690695e+01
   3.3617461e+04   1.1688743e+01
   3.3617287e+04   1.2794395e+01
   3.3617113e+04   1.4544220e+01
   3.3616938e+04   1.4795326e+01
   3.3616764e+04   1.3491096e+01
   3.3616590e+04   1.3017489e+01
   3.3616415e+04   1.4215824e+01
   3.3616241e+04   1.4943150e+01
   3.3616067e+04   1.3715323e+01
   3.3615893e+04   1.2050815e+01
   3.3615718e+04   1.1642230e+01
   3.3615544e+04   1.1545174e+01
   3.3615370e+04   1.0021548e+01
   3.3615195e+04   7.4098771e+00
   3.3615021e+04   5.3177753e+00
   3.3614847e+04   4.1604223e+00
   3.3614672e+04   3.1256229e+00
   3.3614498e+04   1.8357682e+00
   3.3614324e+04   7.3272462e-01
   3.3614149e+04   1.7194482e-01
   3.3613975e+04   1.6701475e-02
   3.3613801e+04   3.3331599e-04
   3.3613626e+04   3.6711015e-05
   3.3613452e+04   6.7449459e-06
   3.3613278e+04   1.6543288e-06
   3.3613103e+04   4.9218598e-07
   3.3612929e+04   1.6850438e-07
   3.3612755e+04   6.4233491e-08
   3.3612581e+04   2.6663162e-08
   3.3612406e+04   1.1862442e-08
   3.3612232e+04   5.5905211e-09
   3.3612058e+04   2.7661267e-09
   3.3611883e+04   1.4269654e-09
   3.3611709e+04   7.6332689e-10
   3.3611535e+04   4.2153583e-10
   3.3611360e+04   2.3950043e-10
   3.3611186e+04   1.3956693e-10
   3.3611012e+04   8.3265048e-11
   3.3610837e+04   5.0724883e-11
   3.3610663e+04   3.1544073e-11
   3.3610489e+04   1.9963808e-11
   3.3610314e+04   1.2887080e-11
   3.3610140e+04   8.4391938e-12
   3.3609966e+04   5.6438187e-12
   3.3609791e+04   3.8149484e-12
   3.3609617e+04   2.6426361e-12
   3.3609443e+04   1.8414992e-12
   3.3609269e+04   1.3213319e-12
   3.3609094e+04   9.4717290e-13
   3.3608920e+04   7.0483203e-13
   3.3608746e+04   5.1990356e-13
   3.3608571e+04   4.0115133e-13
   3.3608397e+04   3.0375702e-13
   3.3608223e+04   2.4183433e-13
   3.3608048e+04   1.8790525e-13
   3.3607874e+04   1.5415447e-13
   3.3607700e+04   1.2101431e-13
   3.3607525e+04   1.0264012e-13
   3.3607351e+04   8.1434859e-14
   3.3607177e+04   7.0110584e-14
   3.3607002e+04   5.6177285e-14
   3.3606828e+04   5.2319260e-14
   3.3606654e+04   4.0190073e-14
   3.3606479e+04   3.9190873e-14
   3.3606305e+04   3.0003777e-14
   3.3606131e+04   2.8421709e-14
   3.3605957e+04   2.0039526e-14
   3.3605782e+04   2.3189783e-14
   3.3605608e+04   1.5251689e-14
   3.3605434e+04   1.8665625e-14
   3.3605259e+04   9.1038288e-15
   3.3605085e+04   1.5737411e-14
   3.3604911e+04   7.7715612e-15
   3.3604736e+04   1.3267165e-14
   3.3604562e+04   3.9135362e-15
   3.3604388e+04   1.1518564e-14
   3.3604213e+04   3.9690473e-15
   3.3604039e+04   8.1323837e-15
   3.3603865e+04   2.8310687e-15
   3.3603690e+04   5.6066263e-15
   3.3603516e+04   2.4980018e-15
   3.3603342e+04   4.2743586e-15
   3.3603167e+04   3.2196468e-15
   3.3602993e+04   2.4424907e-15
   3.3602819e+04   4.4408921e-15
   3.3602645e+04   1.9984014e-15
   3.3602470e+04   3.4416914e-15
   3.3602296e+04   1.1102230e-15
   3.3602122e+04   3.1918912e-15
   3.3601947e+04   1.6653345e-15
   3.3601773e+04   3.4416914e-15
   3.3601599e+04   1.7763568e-15
   3.3601424e+04   2.5535130e-15
   3.3601250e+04   5.8286709e-16
   3.3601076e+04   1.1379786e-15
   3.3600901e+04   4.7184479e-16
   3.3600727e+04   2.8865799e-15
   3.3600553e+04   3.8857806e-16
   3.3600378e+04   6.6613381e-16
   3.3600204e+04   7.7715612e-16
   3.3600030e+04   1.0547119e-15
   3.3599855e+04   3.6082248e-16
   3.3599681e+04   2.7755576e-16
   3.3599507e+04   1.0998147e-15
   3.3599333e+04   6.2450045e-16
   3.3599158e+04   8.6736174e-16
   3.3598984e+04   7.9797280e-16
   3.3598810e+04   6.6613381e-16
   3.3598635e+04   6.2796990e-16
   3.3598461e+04   8.2833046e-17
   3.3598287e+04   2.4440627e-16
   3.3598112e+04   9.4792304e-16
   3.3597938e+04   6.4374970e-16
   3.3597764e+04   8.9229405e-16
   3.3597589e+04   1.1442716e-15
   3.3597415e+04   2.4764533e-16
   3.3597241e+04   6.4451753e-16
   3.3597066e+04   5.9728698e-16
   3.3596892e+04   5.8286709e-16
   3.3596718e+04   1.4016566e-15
   3.3596543e+04   1.7208457e-15
   3.3596369e+04   9.9920072e-16
   3.3596195e+04   1.9984014e-15
   3.3596021e+04   1.1102230e-15
   3.3595846e+04   2.8865799e-15
   3.3595672e+04   1.7763568e-15
   3.3595498e+04   1.7763568e-15
   3.3595323e+04   0.0000000e+00
   3.3595149e+04   8.8817842e-16
   3.3594975e+04   0.0000000e+00
   3.3594800e+04   0.0000000e+00
   3.3594626e+04   3.1086245e-15
   3.3594452e+04   1.3322676e-15
   3.3594277e+04   0.0000000e+00
   3.3594103e+04   0.0000000e+00
   3.3593929e+04   1.3322676e-15
   3.3593754e+04   4.4408921e-16
   3.3593580e+04   4.4408921e-16
   3.3593406e+04   0.0000000e+00
   3.3593231e+04   8.8817842e-16
   3.3593057e+04   2.2204460e-15
   3.3592883e+04   1.9984014e-15
   3.3592709e+04   8.8817842e-16
   3.3592534e+04   1.1102230e-15
   3.3592360e+04   1.3322676e-15
   3.3592186e+04   1.7763568e-15
   3.3592011e+04   1.6653345e-15
   3.3591837e+04   1.9012569e-15
   3.3591663e+04   1.6046192e-15
   3.3591488e+04   2.5529438e-15
   3.3591314e+04   2.5250052e-15
   3.3591140e+04   3.3611275e-15
   3.3590965e+04   2.4053720e-15
   3.3590791e+04   3.5602246e-15
   3.3590617e+04   2.8195531e-15
   3.3590442e+04   3.1639173e-15
   3.3590268e+04   2.2187572e-15
   3.3590094e+04   2.9195294e-15
   3.3589919e+04   1.7212294e-15
   3.3589745e+04   6.4245374e-16
   3.3589571e+04   4.4872629e-16
   3.3589396e+04   1.1137840e-15
   3.3589222e+04   1.3590474e-15
   3.3589048e+04   1.5092094e-16
   3.3588874e+04   1.7208457e-15
   3.3588699e+04   1.9290125e-15
   3.3588525e+04   5.4123372e-16
   3.3588351e+04   3.1086245e-15
   3.3588176e+04   2.4424907e-15
   3.3588002e+04   3.5527137e-15
   3.3587828e+04   2.2204460e-15
   3.3587653e+04   3.9968029e-15
   3.3587479e+04   2.6645353e-15
   3.3587305e+04   2.2204460e-15
   3.3587130e+04   4.4408921e-15
   3.3586956e+04   3.1086245e-15
   3.3586782e+04   3.9968029e-15
   3.3586607e+04   2.2204460e-15
   3.3586433e+04   8.8817842e-16
   3.3586259e+04   0.0000000e+00
   3.3586084e+04   1.7763568e-15
   3.3585910e+04   4.4408921e-16
   3.3585736e+04   8.8817842e-16
   3.3585562e+04   4.4408921e-16
   3.3585387e+04   1.7763568e-15
   3.3585213e+04   4.4408921e-16
   3.3585039e+04   4.4408921e-16
   3.3584864e+04   6.6613381e-16
   3.3584690e+04   3.3306691e-16
   3.3584516e+04   1.8873791e-15
   3.3584341e+04   1.2212453e-15
   3.3584167e+04   1.5543122e-15
   3.3583993e+04   2.0886071e-15
   3.3583818e+04   5.9435963e-16
   3.3583644e+04   8.7668588e-16
   3.3583470e+04   5.7177773e-16
   3.3583295e+04   8.0926544e-16
   3.3583121e+04   1.4630853e-15
   3.3582947e+04   1.6827489e-15
   3.3582772e+04   2.6605900e-16
   3.3582598e+04   2.7952828e-16
   3.3582424e+04   9.9920072e-16
   3.3582250e+04   3.6755711e-16
   3.3582075e+04   5.8483962e-16
   3.3581901e+04   1.3204325e-16
   3.3581727e+04   7.1769991e-17
   3.3581552e+04   5.3327352e-16
   3.3581378e+04   6.0340942e-16
   3.3581204e+04   9.1708948e-16
   3.3581029e+04   2.0503881e-16
   3.3580855e+04   9.0198612e-16
   3.3580681e+04   1.0114444e-15
   3.3580506e+04   9.2783926e-16
   3.3580332e+04   1.2564705e-16
   3.3580158e+04   3.4095702e-16
   3.3579983e+04   1.4397534e-15
   3.3579809e+04   8.2396011e-16
   3.3579635e+04   1.0364805e-15
   3.3579460e+04   1.1431492e-15
   3.3579286e+04   5.1347815e-16
   3.3579112e+04   2.4462955e-16
   3.3578938e+04   2.3329127e-15
   3.3578763e+04   4.9541600e-16
   3.3578589e+04   6.2984030e-16
   3.3578415e+04   1.3680535e-16
   3.3578240e+04   1.7761175e-15
   3.3578066e+04   1.1197472e-15
   3.3577892e+04   1.7277495e-15
   3.3577717e+04   3.7987090e-16
   3.3577543e+04   4.6232058e-16
   3.3577369e+04   1.0304928e-15
   3.3577194e+04   1.7763568e-15
   3.3577020e+04   0.0000000e+00
   3.3576846e+04   5.5511151e-16
   3.3576671e+04   1.9984014e-15
   3.3576497e+04   2.2204460e-15
   3.3576323e+04   1.9706459e-15
   3.3576148e+04   9.8185349e-16
   3.3575974e+04   2.4160361e-15
   3.3575800e+04   2.3699304e-15
   3.3575626e+04   1.8947297e-15
   3.3575451e+04   1.5388640e-15
   3.3575277e+04   3.4067321e-15
   3.3575103e+04   2.6071795e-15
   3.3574928e+04   2.7835705e-16
   3.3574754e+04   1.1996697e-15
   3.3574580e+04   1.4849233e-15
   3.3574405e+04   1.0859369e-15
   3.3574231e+04   1.3322676e-15
   3.3574057e+04   1.2073675e-15
   3.3573882e+04   1.9428903e-16
   3.3573708e+04   2.7755576e-16
   3.3573534e+04   2.0816682e-15
   3.3573359e+04   4.1633363e-16
   3.3573185e+04   1.3877788e-17
   3.3573011e+04   2.4980018e-16
   3.3572836e+04   9.5756736e-16
   3.3572662e+04   3.0531133e-16
   3.3572488e+04   2.3592239e-16
   3.3572314e+04   1.1102230e-16
   3.3572139e+04   1.2351231e-15
   3.3571965e+04   8.8817842e-16
   3.3571791e+04   1.3877788e-16
   3.3571616e+04   9.8532293e-16
   3.3571442e+04   6.9388939e-16
   3.3571268e+04   4.1633363e-16
   3.3571093e+04   5.8286709e-16
   3.3570919e+04   2.7755576e-16
   3.3570745e+04   5.5511151e-16
   3.3570570e+04   0.0000000e+00
   3.3570396e+04   4.7184479e-16
   3.3570222e+04   1.0269563e-15
   3.3570047e+04   9.4368957e-16
   3.3569873e+04   7.0776718e-16
   3.3569699e+04   1.2975732e-15
   3.3569524e+04   1.0061396e-16
   3.3569350e+04   1.7052332e-15
   3.3569176e+04   2.8131658e-16
   3.3569002e+04   1.7688208e-16
   3.3568827e+04   9.5719546e-16
   3.3568653e+04   7.1372713e-16
   3.3568479e+04   1.0403247e-15
   3.3568304e+04   3.9336268e-16
   3.3568130e+04   6.6306773e-16
   3.3567956e+04   4.2146123e-17
   3.3567781e+04   8.2865741e-16
   3.3567607e+04   8.7788496e-16
   3.3567433e+04   1.2056828e-15
   3.3567258e+04   9.4003547e-16
   3.3567084e+04   3.7227437e-16
   3.3566910e+04   1.0104764e-15
   3.3566735e+04   8.8817842e-16
   3.3566561e+04   1.0547119e-15
   3.3566387e+04   1.7208457e-15
   3.3566212e+04   5.5511151e-16
   3.3566038e+04   3.1320144e-16
   3.3565864e+04   9.1906200e-16
   3.3565690e+04   9.2185158e-16
   3.3565515e+04   1.3155302e-15
   3.3565341e+04   3.2748776e-16
   3.3565167e+04   6.7402393e-16
   3.3564992e+04   1.9289424e-15
   3.3564818e+04   9.8409736e-16
   3.3564644e+04   4.9402121e-16
   3.3564469e+04   7.0021550e-16
   3.3564295e+04   1.9247931e-15
   3.3564121e+04   3.9211459e-16
   3.3563946e+04   1.8686692e-15
   3.3563772e+04   1.5736991e-15
   3.3563598e+04   1.1466858e-15
   3.3563423e+04   1.1641001e-15
   3.3563249e+04   1.3155302e-15
   3.3563075e+04   1.5106363e-15
   3.3562900e+04   8.5681622e-16
   3.3562726e+04   1.5919305e-15
   3.3562552e+04   2.3012616e-15
   3.3562378e+04   6.9586192e-16
   3.3562203e+04   2.3845284e-15
   3.3562029e+04   8.5960580e-16
   3.3561855e+04   2.2822132e-15
   3.3561680e+04   6.4218311e-17
   3.3561506e+04   8.9212348e-16
   3.3561332e+04   1.9547255e-15
   3.3561157e+04   1.2192027e-15
   3.3560983e+04   7.9497896e-16
   3.3560809e+04   9.0205621e-16
   3.3560634e+04   4.1157153e-16
   3.3560460e+04   6.8273109e-16
   3.3560286e+04   6.3756119e-16
   3.3560111e+04   1.2449156e-16
   3.3559937e+04   1.8231365e-17
   3.3559763e+04   3.1483553e-16
   3.3559588e+04   5.5429455e-16
   3.3559414e+04   1.8905064e-15
   3.3559240e+04   9.5274266e-18
   3.3559066e+04   1.1466522e-15
   3.3558891e+04   9.0205621e-17
   3.3558717e+04   1.1657342e-15
   3.3558543e+04   6.1062266e-16
   3.3558368e+04   4.4408921e-16
   3.3558194e+04   4.4408921e-16
   3.3558020e+04   1.1102230e-15
   3.3557845e+04   6.6613381e-16
   3.3557671e+04   2.2204460e-15
   3.3557497e+04   8.8817842e-16
   3.3557322e+04   2.6645353e-15
   3.3557148e+04   0.0000000e+00
   3.3556974e+04   4.4408921e-16
   3.3556799e+04   1.7763568e-15
   3.3556625e+04   2.2204460e-15
   3.3556451e+04   4.4408921e-16
   3.3556276e+04   8.8817842e-16
   3.3556102e+04   8.8817842e-16
   3.3555928e+04   8.8817842e-16
   3.3555754e+04   4.4408921e-16
   3.3555579e+04   1.3322676e-15
   3.3555405e+04   1.3322676e-15
   3.3555231e+04   0.0000000e+00
   3.3555056e+04   4.4408921e-16
   3.3554882e+04   0.0000000e+00
   3.3554708e+04   3.3306691e-16
   3.3554533e+04   7.2164497e-16
   3.3554359e+04   7.7715612e-16
   3.3554185e+04   1.6653345e-16
   3.3554010e+04   9.7144515e-16
   3.3553836e+04   4.8919202e-16
   3.3553662e+04   4.4604077e-16
   3.3553487e+04   1.6001774e-15
   3.3553313e+04   1.0323282e-15
   3.3553139e+04   7.4657727e-16
   3.3552964e+04   1.4289324e-16
   3.3552790e+04   9.4989875e-17
   3.3552616e+04   4.7957820e-16
   3.3552442e+04   2.9783034e-16
   3.3552267e+04   3.5041414e-16
   3.3552093e+04   9.0552565e-16
   3.3551919e+04   6.9388939e-16
   3.3551744e+04   1.2906343e-15
   3.3551570e+04   5.5511151e-16
   3.3551396e+04   1.4016566e-15
   3.3551221e+04   1.5543122e-15
   3.3551047e+04   1.5681900e-15
   3.3550873e+04   1.5820678e-15
   3.3550698e+04   5.8286709e-16
   3.3550524e+04   2.8033131e-15
   3.3550350e+04   2.3453461e-15
   3.3550175e+04   1.9428903e-16
   3.3550001e+04   1.9290125e-15
   3.3549827e+04   2.0539126e-15
   3.3549652e+04   5.1347815e-16
   3.3549478e+04   2.5257574e-15
   3.3549304e+04   1.5404344e-15
   3.3549130e+04   1.7069679e-15
   3.3548955e+04   1.0130785e-15
   3.3548781e+04   1.1379786e-15
   3.3548607e+04   1.4641066e-15
   3.3548432e+04   1.1102230e-15
   3.3548258e+04   3.1918912e-16
   3.3548084e+04   4.7184479e-16
   3.3547909e+04   7.9103391e-16
   3.3547735e+04   1.1241008e-15
   3.3547561e+04   2.3592239e-16
   3.3547386e+04   4.5102810e-16
   3.3547212e+04   4.0245585e-16
   3.3547038e+04   4.9482987e-16
   3.3546863e+04   1.0830299e-15
   3.3546689e+04   3.3231517e-16
   3.3546515e+04   6.9659222e-16
   3.3546340e+04   4.9023727e-16
   3.3546166e+04   8.1242265e-16
   3.3545992e+04   3.4930691e-16
   3.3545817e+04   1.3855952e-16
   3.3545643e+04   1.1271114e-16
   3.3545469e+04   1.8909502e-16
   3.3545295e+04   1.9467284e-16
   3.3545120e+04   3.7557864e-17
   3.3544946e+04   1.2026343e-16
   3.3544772e+04   1.3009477e-15
   3.3544597e+04   1.1528322e-15
   3.3544423e+04   1.1102230e-16
   3.3544249e+04   1.2212453e-15
   3.3544074e+04   2.7755576e-17
   3.3543900e+04   5.5511151e-17
   3.3543726e+04   6.6613381e-16
   3.3543551e+04   3.3306691e-16
   3.3543377e+04   4.4408921e-16
   3.3543203e+04   8.8817842e-16
   3.3543028e+04   4.4408921e-16
   3.3542854e+04   4.4408921e-16
   3.3542680e+04   0.0000000e+00
   3.3542505e+04   2.2204460e-16
   3.3542331e+04   4.4408921e-16
   3.3542157e+04   3.3306691e-16
   3.3541983e+04   7.2164497e-16
   3.3541808e+04   1.1102230e-16
   3.3541634e+04   5.5511151e-16
   3.3541460e+04   9.4368957e-16
   3.3541285e+04   9.9920072e-16
   3.3541111e+04   9.9920072e-16
   3.3540937e+04   1.1102230e-16
   3.3540762e+04   5.5511151e-16
   3.3540588e+04   2.2204460e-16
   3.3540414e+04   7.7715612e-16
   3.3540239e+04   1.1102230e-16
   3.3540065e+04   8.3266727e-16
   3.3539891e+04   2.2204460e-16
   3.3539716e+04   1.5820678e-15
   3.3539542e+04   9.0205621e-16
   3.3539368e+04   7.2858386e-17
   3.3539193e+04   4.1698416e-16
   3.3539019e+04   1.6323138e-15
   3.3538845e+04   1.3186863e-16
   3.3538671e+04   2.7106960e-17
   3.3538496e+04   9.8233979e-16
   3.3538322e+04   2.0958623e-16
   3.3538148e+04   1.0469285e-15
   3.3537973e+04   2.4506372e-16
   3.3537799e+04   8.4447105e-16
   3.3537625e+04   1.3503760e-16
   3.3537450e+04   1.9449813e-16
   3.3537276e+04   1.4826358e-15
   3.3537102e+04   4.2742611e-16
   3.3536927e+04   1.5155461e-15
   3.3536753e+04   1.5539694e-15
   3.3536579e+04   2.5353596e-15
   3.3536404e+04   1.6374399e-15
   3.3536230e+04   9.0006796e-16
   3.3536056e+04   1.8802043e-15
   3.3535881e+04   1.9901926e-15
   3.3535707e+04   2.1538214e-15
   3.3535533e+04   2.0088158e-15
   3.3535359e+04   1.3545125e-15
   3.3535184e+04   1.8215937e-15
   3.3535010e+04   1.7888072e-15
   3.3534836e+04   7.9255885e-16
   3.3534661e+04   3.9846207e-16
   3.3534487e+04   1.6496029e-15
   3.3534313e+04   3.3366833e-16
   3.3534138e+04   1.0124408e-15
   3.3533964e+04   8.6758972e-17
   3.3533790e+04   3.2338424e-16
   3.3533615e+04   1.8604556e-15
   3.3533441e+04   4.2423164e-16
   3.3533267e+04   5.5692151e-16
   3.3533092e+04   7.9285406e-16
   3.3532918e+04   3.1501634e-17
   3.3532744e+04   1.8450530e-18
   3.3532569e+04   1.1518564e-15
   3.3532395e+04   4.7184479e-16
   3.3532221e+04   9.7144515e-17
   3.3532047e+04   1.2212453e-15
   3.3531872e+04   1.0130785e-15
   3.3531698e+04   4.5970172e-16
   3.3531524e+04   5.4426949e-16
   3.3531349e+04   1.0421080e-15
   3.3531175e+04   1.0784932e-16
   3.3531001e+04   1.2424737e-15
   3.3530826e+04   5.2198739e-16
   3.3530652e+04   1.9218088e-15
   3.3530478e+04   1.8161454e-15
   3.3530303e+04   7.9183689e-16
   3.3530129e+04   1.4647571e-16
   3.3529955e+04   1.1241008e-15
   3.3529780e+04   1.0130785e-15
   3.3529606e+04   1.7208457e-15
   3.3529432e+04   5.5511151e-17
   3.3529257e+04   5.5511151e-17
   3.3529083e+04   9.9920072e-16
   3.3528909e+04   7.7715612e-16
   3.3528735e+04   9.9920072e-16
   3.3528560e+04   4.4408921e-16
   3.3528386e+04   7.7715612e-16
   3.3528212e+04   1.6653345e-16
   3.3528037e+04   7.2164497e-16
   3.3527863e+04   1.9428903e-16
   3.3527689e+04   4.9960036e-16
   3.3527514e+04   1.3877788e-15
   3.3527340e+04   1.3877788e-15
   3.3527166e+04   4.9960036e-16
   3.3526991e+04   5.5511151e-17
   3.3526817e+04   7.7715612e-16
   3.3526643e+04   1.8873791e-15
   3.3526468e+04   1.3322676e-15
   3.3526294e+04   8.8817842e-16
   3.3526120e+04   4.4408921e-16
   3.3525945e+04   8.8817842e-16
   3.3525771e+04   5.5511151e-16
   3.3525597e+04   2.1094237e-15
   3.3525423e+04   1.7208457e-15
   3.3525248e+04   6.3837824e-16
   3.3525074e+04   2.3592239e-16
   3.3524900e+04   2.3592239e-16
   3.3524725e+04   4.3368087e-17
   3.3524551e+04   3.8481723e-16
   3.3524377e+04   1.0095489e-15
   3.3524202e+04   3.7507212e-16
   3.3524028e+04   8.2474942e-16
   3.3523854e+04   7.6378777e-16
   3.3523679e+04   6.8910477e-16
   3.3523505e+04   1.9122295e-16
   3.3523331e+04   2.9194631e-16
   3.3523156e+04   7.5341042e-16
   3.3522982e+04   4.5217689e-17
   3.3522808e+04   4.9791561e-16
   3.3522633e+04   4.5287887e-17
   3.3522459e+04   1.8283376e-16
   3.3522285e+04   3.9139698e-17
   3.3522111e+04   4.7184479e-16
   3.3521936e+04   1.5265567e-16
   3.3521762e+04   6.2450045e-16
   3.3521588e+04   4.7184479e-16
