   3.3738412e+04   2.6645353e-13
   3.3738238e+04   2.9487524e-13
   3.3738064e+04   2.8776981e-13
   3.3737889e+04   2.5046631e-13
   3.3737715e+04   2.3447910e-13
   3.3737541e+04   2.5757174e-13
   3.3737367e+04   2.5224267e-13
   3.3737192e+04   2.9842795e-13
   3.3737018e+04   3.0198066e-13
   3.3736844e+04   3.0908609e-13
   3.3736669e+04   3.3395509e-13
   3.3736495e+04   3.2684966e-13
   3.3736321e+04   3.2684966e-13
   3.3736146e+04   3.1974423e-13
   3.3735972e+04   3.0908609e-13
   3.3735798e+04   3.2684966e-13
   3.3735623e+04   3.4106051e-13
   3.3735449e+04   3.2329694e-13
   3.3735275e+04   3.2684966e-13
   3.3735100e+04   3.3040237e-13
   3.3734926e+04   3.4816594e-13
   3.3734752e+04   3.3395509e-13
   3.3734577e+04   3.5171865e-13
   3.3734403e+04   3.8014036e-13
   3.3734229e+04   3.5527137e-13
   3.3734055e+04   3.3750780e-13
   3.3733880e+04   3.2329694e-13
   3.3733706e+04   3.6237680e-13
   3.3733532e+04   3.4816594e-13
   3.3733357e+04   3.3395509e-13
   3.3733183e+04   3.4106051e-13
   3.3733009e+04   3.2684966e-13
   3.3732834e+04   3.1619152e-13
   3.3732660e+04   3.3750780e-13
   3.3732486e+04   3.0553338e-13
   3.3732311e+04   2.6645353e-13
   3.3732137e+04   2.9842795e-13
   3.3731963e+04   2.8421709e-13
   3.3731788e+04   2.4513724e-13
   3.3731614e+04   2.7355895e-13
   3.3731440e+04   2.4513724e-13
   3.3731265e+04   2.4513724e-13
   3.3731091e+04   2.5934810e-13
   3.3730917e+04   2.4868996e-13
   3.3730743e+04   2.8066438e-13
   3.3730568e+04   2.4158453e-13
   3.3730394e+04   2.7355895e-13
   3.3730220e+04   2.5224267e-13
   3.3730045e+04   2.9842795e-13
   3.3729871e+04   2.3447910e-13
   3.3729697e+04   2.8421709e-13
   3.3729522e+04   2.3803182e-13
   3.3729348e+04   2.7711167e-13
   3.3729174e+04   2.3447910e-13
   3.3728999e+04   2.7000624e-13
   3.3728825e+04   2.8421709e-13
   3.3728651e+04   2.6645353e-13
   3.3728476e+04   2.7711167e-13
   3.3728302e+04   2.6645353e-13
   3.3728128e+04   2.7711167e-13
   3.3727953e+04   2.5579538e-13
   3.3727779e+04   2.5224267e-13
   3.3727605e+04   2.2026825e-13
   3.3727431e+04   2.4868996e-13
   3.3727256e+04   2.4868996e-13
   3.3727082e+04   2.6822988e-13
   3.3726908e+04   2.6911806e-13
   3.3726733e+04   2.4424907e-13
   3.3726559e+04   2.3359092e-13
   3.3726385e+04   2.6112446e-13
   3.3726210e+04   2.3714364e-13
   3.3726036e+04   2.8332892e-13
   3.3725862e+04   2.5668356e-13
   3.3725687e+04   2.8776981e-13
   3.3725513e+04   3.0198066e-13
   3.3725339e+04   3.3750780e-13
   3.3725164e+04   3.0020431e-13
   3.3724990e+04   3.1619152e-13
   3.3724816e+04   3.1263880e-13
   3.3724641e+04   3.2329694e-13
   3.3724467e+04   3.2684966e-13
   3.3724293e+04   3.3395509e-13
   3.3724119e+04   3.2862602e-13
   3.3723944e+04   3.3750780e-13
   3.3723770e+04   3.3040237e-13
   3.3723596e+04   3.6415315e-13
   3.3723421e+04   3.0730973e-13
   3.3723247e+04   3.6592951e-13
   3.3723073e+04   3.5171865e-13
   3.3722898e+04   3.6148862e-13
   3.3722724e+04   2.8510527e-13
   3.3722550e+04   3.3839598e-13
   3.3722375e+04   3.4194869e-13
   3.3722201e+04   3.1974423e-13
   3.3722027e+04   3.2063241e-13
   3.3721852e+04   2.8421709e-13
   3.3721678e+04   3.2862602e-13
   3.3721504e+04   3.3217873e-13
   3.3721329e+04   3.4106051e-13
   3.3721155e+04   2.9132252e-13
   3.3720981e+04   3.7303494e-13
   3.3720807e+04   3.0020431e-13
   3.3720632e+04   2.7533531e-13
   3.3720458e+04   3.0730973e-13
   3.3720284e+04   2.8066438e-13
   3.3720109e+04   2.7000624e-13
   3.3719935e+04   2.8244074e-13
   3.3719761e+04   2.7267077e-13
   3.3719586e+04   2.5845992e-13
   3.3719412e+04   2.6290081e-13
   3.3719238e+04   2.5046631e-13
   3.3719063e+04   2.7000624e-13
   3.3718889e+04   3.1086245e-13
   3.3718715e+04   2.8066438e-13
   3.3718540e+04   2.7533531e-13
   3.3718366e+04   2.6822988e-13
   3.3718192e+04   2.9221070e-13
   3.3718017e+04   2.5579538e-13
   3.3717843e+04   2.6378899e-13
   3.3717669e+04   2.4691360e-13
   3.3717495e+04   2.5934810e-13
   3.3717320e+04   3.1619152e-13
   3.3717146e+04   2.8776981e-13
   3.3716972e+04   3.1796787e-13
   3.3716797e+04   3.1263880e-13
   3.3716623e+04   3.3395509e-13
   3.3716449e+04   3.3217873e-13
   3.3716274e+04   3.3395509e-13
   3.3716100e+04   3.7836401e-13
   3.3715926e+04   3.6237680e-13
   3.3715751e+04   3.6237680e-13
   3.3715577e+04   3.4461323e-13
   3.3715403e+04   3.0730973e-13
   3.3715228e+04   3.5349501e-13
   3.3715054e+04   3.0908609e-13
   3.3714880e+04   3.3040237e-13
   3.3714705e+04   3.2684966e-13
   3.3714531e+04   3.1974423e-13
   3.3714357e+04   3.2684966e-13
   3.3714183e+04   3.5882408e-13
   3.3714008e+04   3.2329694e-13
   3.3713834e+04   3.5171865e-13
   3.3713660e+04   3.6237680e-13
   3.3713485e+04   2.7888802e-13
   3.3713311e+04   3.7481129e-13
   3.3713137e+04   3.5171865e-13
   3.3712962e+04   3.9257486e-13
   3.3712788e+04   3.5527137e-13
   3.3712614e+04   3.5349501e-13
   3.3712439e+04   3.7658765e-13
   3.3712265e+04   3.6948222e-13
   3.3712091e+04   3.9079850e-13
   3.3711916e+04   4.1211479e-13
   3.3711742e+04   4.2810200e-13
   3.3711568e+04   3.9435122e-13
   3.3711393e+04   4.0500936e-13
   3.3711219e+04   4.0678572e-13
   3.3711045e+04   4.2277293e-13
   3.3710871e+04   3.7836401e-13
   3.3710696e+04   3.4461323e-13
   3.3710522e+04   4.0500936e-13
   3.3710348e+04   3.7836401e-13
   3.3710173e+04   3.5527137e-13
   3.3709999e+04   3.1086245e-13
   3.3709825e+04   3.4106051e-13
   3.3709650e+04   3.7836401e-13
   3.3709476e+04   3.2684966e-13
   3.3709302e+04   3.4816594e-13
   3.3709127e+04   3.0553338e-13
   3.3708953e+04   2.9842795e-13
   3.3708779e+04   2.6645353e-13
   3.3708604e+04   2.5579538e-13
   3.3708430e+04   2.8776981e-13
   3.3708256e+04   3.2329694e-13
   3.3708081e+04   2.6290081e-13
   3.3707907e+04   2.7711167e-13
   3.3707733e+04   3.3750780e-13
   3.3707558e+04   2.9487524e-13
   3.3707384e+04   2.8066438e-13
   3.3707210e+04   2.7000624e-13
   3.3707036e+04   2.7711167e-13
   3.3706861e+04   2.5934810e-13
   3.3706687e+04   2.3803182e-13
   3.3706513e+04   2.1316282e-13
   3.3706338e+04   2.5579538e-13
   3.3706164e+04   2.5934810e-13
   3.3705990e+04   2.4868996e-13
   3.3705815e+04   2.6645353e-13
   3.3705641e+04   2.7711167e-13
   3.3705467e+04   2.7000624e-13
   3.3705292e+04   2.4513724e-13
   3.3705118e+04   2.4868996e-13
   3.3704944e+04   2.3803182e-13
   3.3704769e+04   2.4868996e-13
   3.3704595e+04   2.6290081e-13
   3.3704421e+04   2.3803182e-13
   3.3704246e+04   2.2382096e-13
   3.3704072e+04   2.7355895e-13
   3.3703898e+04   2.4513724e-13
   3.3703724e+04   3.0553338e-13
   3.3703549e+04   3.1974423e-13
   3.3703375e+04   2.7000624e-13
   3.3703201e+04   2.7355895e-13
   3.3703026e+04   3.3395509e-13
   3.3702852e+04   3.2684966e-13
   3.3702678e+04   3.2684966e-13
   3.3702503e+04   3.2684966e-13
   3.3702329e+04   2.8421709e-13
   3.3702155e+04   3.5882408e-13
   3.3701980e+04   3.0553338e-13
   3.3701806e+04   3.2329694e-13
   3.3701632e+04   3.4106051e-13
   3.3701457e+04   2.5579538e-13
   3.3701283e+04   3.4106051e-13
   3.3701109e+04   3.6948222e-13
   3.3700934e+04   3.3040237e-13
   3.3700760e+04   3.8014036e-13
   3.3700586e+04   3.9790393e-13
   3.3700412e+04   3.1263880e-13
   3.3700237e+04   3.8369308e-13
   3.3700063e+04   3.8369308e-13
   3.3699889e+04   3.7658765e-13
   3.3699714e+04   3.3395509e-13
   3.3699540e+04   3.0553338e-13
   3.3699366e+04   3.4816594e-13
   3.3699191e+04   3.2329694e-13
   3.3699017e+04   3.0553338e-13
   3.3698843e+04   2.9132252e-13
   3.3698668e+04   3.4106051e-13
   3.3698494e+04   3.1263880e-13
   3.3698320e+04   3.1974423e-13
   3.3698145e+04   3.1974423e-13
   3.3697971e+04   3.6592951e-13
   3.3697797e+04   3.5171865e-13
   3.3697622e+04   3.5171865e-13
   3.3697448e+04   3.7303494e-13
   3.3697274e+04   3.0553338e-13
   3.3697100e+04   3.1263880e-13
   3.3696925e+04   2.9842795e-13
   3.3696751e+04   2.9842795e-13
   3.3696577e+04   3.8014036e-13
   3.3696402e+04   3.0908609e-13
   3.3696228e+04   3.1263880e-13
   3.3696054e+04   3.2684966e-13
   3.3695879e+04   3.3750780e-13
   3.3695705e+04   3.1974423e-13
   3.3695531e+04   3.0553338e-13
   3.3695356e+04   2.8066438e-13
   3.3695182e+04   3.2684966e-13
   3.3695008e+04   3.3750780e-13
   3.3694833e+04   3.4816594e-13
   3.3694659e+04   3.8369308e-13
   3.3694485e+04   3.2684966e-13
   3.3694310e+04   2.5579538e-13
   3.3694136e+04   3.1263880e-13
   3.3693962e+04   3.3395509e-13
   3.3693788e+04   3.4106051e-13
   3.3693613e+04   3.0553338e-13
   3.3693439e+04   3.2684966e-13
   3.3693265e+04   2.9132252e-13
   3.3693090e+04   2.9842795e-13
   3.3692916e+04   2.9132252e-13
   3.3692742e+04   2.9132252e-13
   3.3692567e+04   3.4816594e-13
   3.3692393e+04   3.1263880e-13
   3.3692219e+04   3.0553338e-13
   3.3692044e+04   2.9132252e-13
   3.3691870e+04   3.0553338e-13
   3.3691696e+04   2.9132252e-13
   3.3691521e+04   3.1974423e-13
   3.3691347e+04   2.5579538e-13
   3.3691173e+04   2.7000624e-13
   3.3690998e+04   3.3395509e-13
   3.3690824e+04   2.7711167e-13
   3.3690650e+04   3.0553338e-13
   3.3690476e+04   3.6237680e-13
   3.3690301e+04   3.2684966e-13
   3.3690127e+04   3.2684966e-13
   3.3689953e+04   3.4106051e-13
   3.3689778e+04   3.3395509e-13
   3.3689604e+04   3.6948222e-13
   3.3689430e+04   3.8369308e-13
   3.3689255e+04   3.4816594e-13
   3.3689081e+04   3.7658765e-13
   3.3688907e+04   3.4816594e-13
   3.3688732e+04   3.3395509e-13
   3.3688558e+04   2.9842795e-13
   3.3688384e+04   3.2684966e-13
   3.3688209e+04   3.1263880e-13
   3.3688035e+04   2.6290081e-13
   3.3687861e+04   3.2684966e-13
   3.3687686e+04   2.8421709e-13
   3.3687512e+04   2.9132252e-13
   3.3687338e+04   3.0553338e-13
   3.3687164e+04   2.6290081e-13
   3.3686989e+04   3.2684966e-13
   3.3686815e+04   2.6290081e-13
   3.3686641e+04   3.3395509e-13
   3.3686466e+04   2.8421709e-13
   3.3686292e+04   2.5579538e-13
   3.3686118e+04   2.9132252e-13
   3.3685943e+04   2.4868996e-13
   3.3685769e+04   1.8474111e-13
   3.3685595e+04   2.4868996e-13
   3.3685420e+04   2.8421709e-13
   3.3685246e+04   2.4868996e-13
   3.3685072e+04   2.3447910e-13
   3.3684897e+04   2.6290081e-13
   3.3684723e+04   2.4158453e-13
   3.3684549e+04   2.4158453e-13
   3.3684374e+04   1.9184654e-13
   3.3684200e+04   2.0605739e-13
   3.3684026e+04   2.4868996e-13
   3.3683852e+04   2.4158453e-13
   3.3683677e+04   2.2737368e-13
   3.3683503e+04   2.6290081e-13
   3.3683329e+04   2.9132252e-13
   3.3683154e+04   2.6290081e-13
   3.3682980e+04   2.7000624e-13
   3.3682806e+04   2.5579538e-13
   3.3682631e+04   3.4106051e-13
   3.3682457e+04   3.1263880e-13
   3.3682283e+04   3.4106051e-13
   3.3682108e+04   2.7000624e-13
   3.3681934e+04   2.5579538e-13
   3.3681760e+04   2.9842795e-13
   3.3681585e+04   2.7000624e-13
   3.3681411e+04   3.9790393e-13
   3.3681237e+04   2.7000624e-13
   3.3681062e+04   2.7000624e-13
   3.3680888e+04   2.5579538e-13
   3.3680714e+04   2.9842795e-13
   3.3680540e+04   2.9842795e-13
   3.3680365e+04   2.8421709e-13
   3.3680191e+04   2.2737368e-13
   3.3680017e+04   2.4158453e-13
   3.3679842e+04   2.8421709e-13
   3.3679668e+04   2.4158453e-13
   3.3679494e+04   2.5579538e-13
   3.3679319e+04   2.8421709e-13
   3.3679145e+04   3.4106051e-13
   3.3678971e+04   2.7000624e-13
   3.3678796e+04   3.2684966e-13
   3.3678622e+04   2.7711167e-13
   3.3678448e+04   3.0553338e-13
   3.3678273e+04   3.3395509e-13
   3.3678099e+04   2.4868996e-13
   3.3677925e+04   2.7711167e-13
   3.3677750e+04   2.7711167e-13
   3.3677576e+04   2.2737368e-13
   3.3677402e+04   2.4868996e-13
   3.3677228e+04   2.6290081e-13
   3.3677053e+04   2.9132252e-13
   3.3676879e+04   2.7000624e-13
   3.3676705e+04   2.3447910e-13
   3.3676530e+04   2.2026825e-13
   3.3676356e+04   2.4868996e-13
   3.3676182e+04   1.9895197e-13
   3.3676007e+04   2.3447910e-13
   3.3675833e+04   3.1974423e-13
   3.3675659e+04   2.4868996e-13
   3.3675484e+04   2.9132252e-13
   3.3675310e+04   2.7000624e-13
   3.3675136e+04   2.9842795e-13
   3.3674961e+04   2.7000624e-13
   3.3674787e+04   2.3447910e-13
   3.3674613e+04   2.4868996e-13
   3.3674438e+04   2.5579538e-13
   3.3674264e+04   2.8421709e-13
   3.3674090e+04   2.7711167e-13
   3.3673916e+04   2.4868996e-13
   3.3673741e+04   2.1316282e-13
   3.3673567e+04   2.4158453e-13
   3.3673393e+04   2.2026825e-13
   3.3673218e+04   2.2737368e-13
   3.3673044e+04   2.5579538e-13
   3.3672870e+04   2.8421709e-13
   3.3672695e+04   2.9132252e-13
   3.3672521e+04   2.5579538e-13
   3.3672347e+04   2.9132252e-13
   3.3672172e+04   2.6290081e-13
   3.3671998e+04   2.7000624e-13
   3.3671824e+04   2.4868996e-13
   3.3671649e+04   2.9132252e-13
   3.3671475e+04   3.1263880e-13
   3.3671301e+04   3.0553338e-13
   3.3671126e+04   3.2684966e-13
   3.3670952e+04   3.4816594e-13
   3.3670778e+04   3.3395509e-13
   3.3670604e+04   3.1263880e-13
   3.3670429e+04   3.0553338e-13
   3.3670255e+04   4.2632564e-13
   3.3670081e+04   3.7658765e-13
   3.3669906e+04   3.8369308e-13
   3.3669732e+04   3.6948222e-13
   3.3669558e+04   3.8369308e-13
   3.3669383e+04   3.9079850e-13
   3.3669209e+04   3.8369308e-13
   3.3669035e+04   4.4053650e-13
   3.3668860e+04   3.8369308e-13
   3.3668686e+04   4.1922021e-13
   3.3668512e+04   4.1566750e-13
   3.3668337e+04   4.1922021e-13
   3.3668163e+04   4.4408921e-13
   3.3667989e+04   4.6185278e-13
   3.3667814e+04   4.3698378e-13
   3.3667640e+04   4.4408921e-13
   3.3667466e+04   4.7428728e-13
   3.3667292e+04   4.4231285e-13
   3.3667117e+04   4.7117865e-13
   3.3666943e+04   4.3431925e-13
   3.3666769e+04   4.2188475e-13
   3.3666594e+04   4.1922021e-13
   3.3666420e+04   3.8635761e-13
   3.3666246e+04   3.5615955e-13
   3.3666071e+04   3.9346304e-13
   3.3665897e+04   3.8991033e-13
   3.3665723e+04   3.7658765e-13
   3.3665548e+04   3.7925219e-13
   3.3665374e+04   3.3040237e-13
   3.3665200e+04   3.3839598e-13
   3.3665025e+04   3.0997427e-13
   3.3664851e+04   3.2152059e-13
   3.3664677e+04   3.9435122e-13
   3.3664502e+04   3.5704772e-13
   3.3664328e+04   3.9079850e-13
   3.3664154e+04   3.6592951e-13
   3.3663979e+04   3.7481129e-13
   3.3663805e+04   3.9435122e-13
   3.3663631e+04   3.6193271e-13
   3.3663457e+04   3.5882408e-13
   3.3663282e+04   3.5793590e-13
   3.3663108e+04   4.1522341e-13
   3.3662934e+04   3.9968029e-13
   3.3662759e+04   4.0412118e-13
   3.3662585e+04   4.1433523e-13
   3.3662411e+04   4.1655568e-13
   3.3662236e+04   3.7880810e-13
   3.3662062e+04   4.0456527e-13
   3.3661888e+04   4.1033843e-13
   3.3661713e+04   4.5918824e-13
   3.3661539e+04   4.5208282e-13
   3.3661365e+04   4.6007642e-13
   3.3661190e+04   4.5297099e-13
   3.3661016e+04   4.8760995e-13
   3.3660842e+04   4.8805404e-13
   3.3660667e+04   4.9782400e-13
   3.3660493e+04   4.6895821e-13
   3.3660319e+04   5.1647575e-13
   3.3660145e+04   4.5785598e-13
   3.3659970e+04   4.9871218e-13
   3.3659796e+04   4.7117865e-13
   3.3659622e+04   4.8716586e-13
   3.3659447e+04   4.9027449e-13
   3.3659273e+04   4.5874415e-13
   3.3659099e+04   5.0581761e-13
   3.3658924e+04   4.7828408e-13
   3.3658750e+04   5.1025850e-13
   3.3658576e+04   4.8183679e-13
   3.3658401e+04   4.8672177e-13
   3.3658227e+04   4.7029047e-13
   3.3658053e+04   5.1469939e-13
   3.3657878e+04   5.0448534e-13
   3.3657704e+04   4.6274096e-13
   3.3657530e+04   4.8538951e-13
   3.3657355e+04   5.3956839e-13
   3.3657181e+04   5.2491345e-13
   3.3657007e+04   5.2402527e-13
   3.3656833e+04   5.5955240e-13
   3.3656658e+04   5.4156679e-13
   3.3656484e+04   5.4800608e-13
   3.3656310e+04   5.7309713e-13
   3.3656135e+04   5.4889426e-13
   3.3655961e+04   5.8397731e-13
   3.3655787e+04   5.2358118e-13
   3.3655612e+04   5.3690385e-13
   3.3655438e+04   5.6044058e-13
   3.3655264e+04   5.3024252e-13
   3.3655089e+04   5.0892623e-13
   3.3654915e+04   5.0848215e-13
   3.3654741e+04   5.3201887e-13
   3.3654566e+04   5.4622973e-13
   3.3654392e+04   5.6044058e-13
   3.3654218e+04   5.2602367e-13
   3.3654043e+04   5.5722094e-13
   3.3653869e+04   5.1447735e-13
   3.3653695e+04   4.7606363e-13
   3.3653521e+04   5.8886229e-13
   3.3653346e+04   5.3335114e-13
   3.3653172e+04   5.8753002e-13
   3.3652998e+04   5.8486549e-13
   3.3652823e+04   5.8042460e-13
   3.3652649e+04   5.9419136e-13
   3.3652475e+04   6.3193895e-13
   3.3652300e+04   6.4015460e-13
   3.3652126e+04   6.3038463e-13
   3.3651952e+04   6.2727601e-13
   3.3651777e+04   6.5925043e-13
   3.3651603e+04   6.5414341e-13
   3.3651429e+04   6.3082872e-13
   3.3651254e+04   6.6258110e-13
   3.3651080e+04   5.9996452e-13
   3.3650906e+04   6.1151084e-13
   3.3650731e+04   6.1595173e-13
   3.3650557e+04   5.7398530e-13
   3.3650383e+04   6.1972649e-13
   3.3650209e+04   6.2594374e-13
   3.3650034e+04   5.8375527e-13
   3.3649860e+04   5.9818817e-13
   3.3649686e+04   5.7442939e-13
   3.3649511e+04   5.6887828e-13
   3.3649337e+04   5.5866423e-13
   3.3649163e+04   5.6488147e-13
   3.3648988e+04   5.4267701e-13
   3.3648814e+04   5.7553962e-13
   3.3648640e+04   5.3823612e-13
   3.3648465e+04   5.3645977e-13
   3.3648291e+04   5.4178884e-13
   3.3648117e+04   5.4001248e-13
   3.3647942e+04   6.1639582e-13
   3.3647768e+04   5.8442140e-13
   3.3647594e+04   6.0929040e-13
   3.3647419e+04   5.6310512e-13
   3.3647245e+04   5.2402527e-13
   3.3647071e+04   5.4356519e-13
   3.3646897e+04   5.6310512e-13
   3.3646722e+04   5.6488147e-13
   3.3646548e+04   5.4889426e-13
   3.3646374e+04   5.4711791e-13
   3.3646199e+04   6.0218497e-13
   3.3646025e+04   5.8264504e-13
   3.3645851e+04   5.5422333e-13
   3.3645676e+04   6.0929040e-13
   3.3645502e+04   5.8264504e-13
   3.3645328e+04   6.1284311e-13
   3.3645153e+04   6.0573768e-13
   3.3644979e+04   5.9330318e-13
   3.3644805e+04   6.0751404e-13
   3.3644630e+04   6.3238303e-13
   3.3644456e+04   6.1284311e-13
   3.3644282e+04   6.4304118e-13
   3.3644107e+04   6.2527761e-13
   3.3643933e+04   6.5725203e-13
   3.3643759e+04   6.7856831e-13
   3.3643585e+04   6.6791017e-13
   3.3643410e+04   6.9277917e-13
   3.3643236e+04   7.0343731e-13
   3.3643062e+04   6.7323924e-13
   3.3642887e+04   6.6791017e-13
   3.3642713e+04   6.7501560e-13
   3.3642539e+04   6.7146289e-13
   3.3642364e+04   7.2120088e-13
   3.3642190e+04   6.9988459e-13
   3.3642016e+04   6.9277917e-13
   3.3641841e+04   7.1409545e-13
   3.3641667e+04   7.2652995e-13
   3.3641493e+04   7.0699002e-13
   3.3641318e+04   7.1409545e-13
   3.3641144e+04   7.2830630e-13
   3.3640970e+04   7.2297723e-13
   3.3640795e+04   7.1409545e-13
   3.3640621e+04   7.0521367e-13
   3.3640447e+04   7.0521367e-13
   3.3640273e+04   7.3541173e-13
   3.3640098e+04   7.1942452e-13
   3.3639924e+04   7.0876638e-13
   3.3639750e+04   7.1054274e-13
   3.3639575e+04   7.1409545e-13
   3.3639401e+04   6.8922645e-13
   3.3639227e+04   7.1054274e-13
   3.3639052e+04   7.1054274e-13
   3.3638878e+04   6.6258110e-13
   3.3638704e+04   6.6258110e-13
   3.3638529e+04   6.5369932e-13
   3.3638355e+04   6.4659389e-13
   3.3638181e+04   6.3948846e-13
   3.3638006e+04   6.3460348e-13
   3.3637832e+04   6.0795813e-13
   3.3637658e+04   6.3105077e-13
   3.3637483e+04   5.7687188e-13
   3.3637309e+04   5.5377924e-13
   3.3637135e+04   5.7909233e-13
   3.3636961e+04   6.0351724e-13
   3.3636786e+04   6.0973449e-13
   3.3636612e+04   6.0174088e-13
   3.3636438e+04   5.6976646e-13
   3.3636263e+04   6.0529359e-13
   3.3636089e+04   5.9330318e-13
   3.3635915e+04   5.7776006e-13
   3.3635740e+04   6.0795813e-13
   3.3635566e+04   6.1106675e-13
   3.3635392e+04   6.1373129e-13
   3.3635217e+04   5.9818817e-13
   3.3635043e+04   5.9729999e-13
   3.3634869e+04   5.6932237e-13
   3.3634694e+04   5.7021055e-13
   3.3634520e+04   6.3415939e-13
   3.3634346e+04   6.0240701e-13
   3.3634171e+04   6.2083672e-13
   3.3633997e+04   6.2772010e-13
   3.3633823e+04   6.1994854e-13
   3.3633649e+04   6.0262906e-13
   3.3633474e+04   5.8486549e-13
   3.3633300e+04   6.0351724e-13
   3.3633126e+04   5.6221694e-13
   3.3632951e+04   5.8175686e-13
   3.3632777e+04   6.0662586e-13
   3.3632603e+04   6.0351724e-13
   3.3632428e+04   5.7998051e-13
   3.3632254e+04   5.9419136e-13
   3.3632080e+04   6.1195493e-13
   3.3631905e+04   6.0018657e-13
   3.3631731e+04   5.6898930e-13
   3.3631557e+04   6.2949645e-13
   3.3631382e+04   5.8975047e-13
   3.3631208e+04   6.5103478e-13
   3.3631034e+04   6.2128080e-13
   3.3630859e+04   6.4170891e-13
   3.3630685e+04   6.5147887e-13
   3.3630511e+04   6.7013062e-13
   3.3630337e+04   6.4215300e-13
   3.3630162e+04   7.0388140e-13
   3.3629988e+04   6.9211303e-13
   3.3629814e+04   7.5517370e-13
   3.3629639e+04   7.5117690e-13
   3.3629465e+04   7.7604589e-13
   3.3629291e+04   7.9536377e-13
   3.3629116e+04   8.0446760e-13
   3.3628942e+04   7.8870244e-13
   3.3628768e+04   8.1934459e-13
   3.3628593e+04   8.5931262e-13
   3.3628419e+04   8.7618801e-13
   3.3628245e+04   8.6841645e-13
   3.3628070e+04   8.9728225e-13
   3.3627896e+04   8.9461771e-13
   3.3627722e+04   8.4443563e-13
   3.3627547e+04   8.0513374e-13
   3.3627373e+04   8.0402351e-13
   3.3627199e+04   8.4865448e-13
   3.3627025e+04   8.5531582e-13
   3.3626850e+04   8.5265128e-13
   3.3626676e+04   8.3844043e-13
   3.3626502e+04   8.1001872e-13
   3.3626327e+04   7.5317530e-13
   3.3626153e+04   7.6738615e-13
   3.3625979e+04   7.9580786e-13
   3.3625804e+04   8.2422957e-13
   3.3625630e+04   8.2422957e-13
   3.3625456e+04   7.8159701e-13
   3.3625281e+04   7.5317530e-13
   3.3625107e+04   7.8159701e-13
   3.3624933e+04   7.5317530e-13
   3.3624758e+04   6.9633188e-13
   3.3624584e+04   6.6791017e-13
   3.3624410e+04   6.6791017e-13
   3.3624235e+04   6.2527761e-13
   3.3624061e+04   6.5369932e-13
   3.3623887e+04   6.3238303e-13
   3.3623713e+04   6.1106675e-13
   3.3623538e+04   5.8264504e-13
   3.3623364e+04   6.0396133e-13
   3.3623190e+04   5.7553962e-13
   3.3623015e+04   5.7909233e-13
   3.3622841e+04   5.5955240e-13
   3.3622667e+04   5.3468341e-13
   3.3622492e+04   5.6266103e-13
   3.3622318e+04   6.0662586e-13
   3.3622144e+04   5.5155880e-13
   3.3621969e+04   5.4001248e-13
   3.3621795e+04   5.6221694e-13
   3.3621621e+04   5.8175686e-13
   3.3621446e+04   6.1906036e-13
   3.3621272e+04   6.2261307e-13
   3.3621098e+04   6.6080474e-13
   3.3620923e+04   6.4748207e-13
   3.3620749e+04   6.5014660e-13
   3.3620575e+04   6.0662586e-13
   3.3620400e+04   6.5991657e-13
   3.3620226e+04   7.0166095e-13
   3.3620052e+04   6.7856831e-13
   3.3619878e+04   6.9455552e-13
   3.3619703e+04   6.7856831e-13
   3.3619529e+04   7.2120088e-13
   3.3619355e+04   7.7626794e-13
   3.3619180e+04   7.4251716e-13
   3.3619006e+04   7.6783024e-13
   3.3618832e+04   7.9936058e-13
   3.3618657e+04   8.3577589e-13
   3.3618483e+04   8.2112095e-13
   3.3618309e+04   8.6508578e-13
   3.3618134e+04   9.1038288e-13
   3.3617960e+04   9.1082697e-13
   3.3617786e+04   8.9439567e-13
   3.3617611e+04   9.0016883e-13
   3.3617437e+04   9.3480779e-13
   3.3617263e+04   9.3258734e-13
   3.3617088e+04   9.3347552e-13
   3.3616914e+04   9.5479180e-13
   3.3616740e+04   9.7521990e-13
   3.3616566e+04   9.6100905e-13
   3.3616391e+04   9.2637009e-13
   3.3616217e+04   9.5434771e-13
   3.3616043e+04   9.6589403e-13
   3.3615868e+04   9.5212727e-13
   3.3615694e+04   9.3791641e-13
   3.3615520e+04   9.3791641e-13
   3.3615345e+04   9.0949470e-13
   3.3615171e+04   8.5265128e-13
   3.3614997e+04   9.0949470e-13
   3.3614822e+04   9.3791641e-13
   3.3614648e+04   9.3791641e-13
   3.3614474e+04   9.0949470e-13
   3.3614299e+04   8.8107299e-13
   3.3614125e+04   7.9580786e-13
   3.3613951e+04   8.2422957e-13
   3.3613776e+04   8.2422957e-13
   3.3613602e+04   7.6738615e-13
   3.3613428e+04   7.3896445e-13
   3.3613254e+04   8.2422957e-13
   3.3613079e+04   7.1054274e-13
   3.3612905e+04   7.3896445e-13
   3.3612731e+04   6.8212103e-13
   3.3612556e+04   6.8212103e-13
   3.3612382e+04   6.8212103e-13
   3.3612208e+04   6.8212103e-13
   3.3612033e+04   7.1054274e-13
   3.3611859e+04   6.8212103e-13
   3.3611685e+04   6.8212103e-13
   3.3611510e+04   6.8212103e-13
   3.3611336e+04   6.9633188e-13
   3.3611162e+04   6.8212103e-13
   3.3610987e+04   6.9633188e-13
   3.3610813e+04   6.3948846e-13
   3.3610639e+04   6.5369932e-13
   3.3610464e+04   6.9633188e-13
   3.3610290e+04   6.9633188e-13
   3.3610116e+04   7.2475359e-13
   3.3609942e+04   7.1054274e-13
   3.3609767e+04   7.1054274e-13
   3.3609593e+04   7.2475359e-13
   3.3609419e+04   6.8212103e-13
   3.3609244e+04   7.3896445e-13
   3.3609070e+04   8.3844043e-13
   3.3608896e+04   7.9580786e-13
   3.3608721e+04   8.2422957e-13
   3.3608547e+04   7.8159701e-13
   3.3608373e+04   8.1001872e-13
   3.3608198e+04   8.5265128e-13
   3.3608024e+04   8.1001872e-13
   3.3607850e+04   8.3844043e-13
   3.3607675e+04   8.1001872e-13
   3.3607501e+04   8.8107299e-13
   3.3607327e+04   8.5265128e-13
   3.3607152e+04   8.3844043e-13
   3.3606978e+04   8.1001872e-13
   3.3606804e+04   7.9580786e-13
   3.3606630e+04   7.6738615e-13
   3.3606455e+04   8.3844043e-13
   3.3606281e+04   8.6686214e-13
   3.3606107e+04   8.2422957e-13
   3.3605932e+04   8.9528385e-13
   3.3605758e+04   8.6686214e-13
   3.3605584e+04   8.2422957e-13
   3.3605409e+04   8.3844043e-13
   3.3605235e+04   7.6738615e-13
   3.3605061e+04   8.3844043e-13
   3.3604886e+04   8.5265128e-13
   3.3604712e+04   8.2422957e-13
   3.3604538e+04   8.2422957e-13
   3.3604363e+04   8.2422957e-13
   3.3604189e+04   8.3844043e-13
   3.3604015e+04   8.3844043e-13
   3.3603840e+04   8.3844043e-13
   3.3603666e+04   7.9580786e-13
   3.3603492e+04   8.6686214e-13
   3.3603318e+04   7.9580786e-13
   3.3603143e+04   8.5265128e-13
   3.3602969e+04   8.5265128e-13
   3.3602795e+04   8.5265128e-13
   3.3602620e+04   8.2422957e-13
   3.3602446e+04   7.8159701e-13
   3.3602272e+04   8.1001872e-13
   3.3602097e+04   8.3844043e-13
   3.3601923e+04   8.6686214e-13
   3.3601749e+04   8.6686214e-13
   3.3601574e+04   8.2422957e-13
   3.3601400e+04   8.5265128e-13
   3.3601226e+04   8.3844043e-13
   3.3601051e+04   8.3844043e-13
   3.3600877e+04   8.2422957e-13
   3.3600703e+04   8.8107299e-13
   3.3600528e+04   8.3844043e-13
   3.3600354e+04   8.5265128e-13
   3.3600180e+04   8.2422957e-13
   3.3600006e+04   8.3844043e-13
   3.3599831e+04   8.2422957e-13
   3.3599657e+04   8.3844043e-13
   3.3599483e+04   8.5265128e-13
   3.3599308e+04   8.8107299e-13
   3.3599134e+04   8.5265128e-13
   3.3598960e+04   7.9580786e-13
   3.3598785e+04   7.9580786e-13
   3.3598611e+04   7.9580786e-13
   3.3598437e+04   8.2422957e-13
   3.3598262e+04   7.6738615e-13
   3.3598088e+04   8.1001872e-13
   3.3597914e+04   8.6686214e-13
   3.3597739e+04   7.9580786e-13
   3.3597565e+04   8.6686214e-13
   3.3597391e+04   7.9580786e-13
   3.3597216e+04   8.2422957e-13
   3.3597042e+04   8.1001872e-13
   3.3596868e+04   7.8159701e-13
   3.3596694e+04   8.2422957e-13
   3.3596519e+04   8.2422957e-13
   3.3596345e+04   8.1001872e-13
   3.3596171e+04   7.6738615e-13
   3.3595996e+04   7.2475359e-13
   3.3595822e+04   8.5265128e-13
   3.3595648e+04   7.6738615e-13
   3.3595473e+04   8.1001872e-13
   3.3595299e+04   7.5317530e-13
   3.3595125e+04   8.8107299e-13
   3.3594950e+04   7.2475359e-13
   3.3594776e+04   8.3844043e-13
   3.3594602e+04   7.1054274e-13
   3.3594427e+04   9.2370556e-13
   3.3594253e+04   6.2527761e-13
   3.3594079e+04   9.2370556e-13
   3.3593904e+04   6.2527761e-13
   3.3593730e+04   1.0658141e-12
   3.3593556e+04   4.8316906e-13
   3.3593382e+04   1.1297629e-12
   3.3593207e+04   3.4816594e-13
   3.3593033e+04   1.3500312e-12
   3.3592859e+04   1.1368684e-13
   3.3592684e+04   1.7124080e-12
   3.3592510e+04   2.4158453e-13
   3.3592336e+04   2.3092639e-12
   3.3592161e+04   9.9475983e-13
   3.3591987e+04   3.1974423e-12
   3.3591813e+04   2.1671553e-12
   3.3591638e+04   4.8245852e-12
   3.3591464e+04   4.3058890e-12
   3.3591290e+04   7.7307050e-12
   3.3591115e+04   8.2422957e-12
   3.3590941e+04   1.3187673e-11
   3.3590767e+04   1.5603518e-11
   3.3590592e+04   2.3334223e-11
   3.3590418e+04   2.9601210e-11
   3.3590244e+04   4.2568615e-11
   3.3590070e+04   5.5678129e-11
   3.3589895e+04   7.7108098e-11
   3.3589721e+04   9.8992814e-11
   3.3589547e+04   1.2464341e-10
   3.3589372e+04   1.3074697e-10
   3.3589198e+04   7.6909146e-11
   3.3589024e+04   1.8538060e-10
   3.3588849e+04   1.0599805e-09
   3.3588675e+04   3.7895376e-09
   3.3588501e+04   1.2266341e-08
   3.3588326e+04   3.9737046e-08
   3.3588152e+04   1.3576330e-07
   3.3587978e+04   5.1192539e-07
   3.3587803e+04   2.2485308e-06
   3.3587629e+04   1.2491948e-05
   3.3587455e+04   1.0309889e-04
   3.3587280e+04   2.0906932e-03
   3.3587106e+04   9.1288318e-02
   3.3586932e+04   6.9953167e-01
   3.3586758e+04   2.6893941e+00
   3.3586583e+04   6.5468126e+00
   3.3586409e+04   1.1322902e+01
   3.3586235e+04   1.5132888e+01
   3.3586060e+04   1.7025254e+01
   3.3585886e+04   1.7692177e+01
   3.3585712e+04   1.8012022e+01
   3.3585537e+04   1.7875488e+01
   3.3585363e+04   1.7319152e+01
   3.3585189e+04   1.7452613e+01
   3.3585014e+04   1.8626383e+01
   3.3584840e+04   1.9095450e+01
   3.3584666e+04   1.7583372e+01
   3.3584491e+04   1.5901447e+01
   3.3584317e+04   1.6616736e+01
   3.3584143e+04   1.9179458e+01
   3.3583968e+04   2.0768636e+01
   3.3583794e+04   1.9821162e+01
   3.3583620e+04   1.6977415e+01
   3.3583446e+04   1.4333715e+01
   3.3583271e+04   1.4531836e+01
   3.3583097e+04   1.8176178e+01
   3.3582923e+04   2.2158338e+01
   3.3582748e+04   2.2771768e+01
   3.3582574e+04   1.9919680e+01
   3.3582400e+04   1.6494421e+01
   3.3582225e+04   1.4483680e+01
   3.3582051e+04   1.3869267e+01
   3.3581877e+04   1.4872282e+01
   3.3581702e+04   1.8184513e+01
   3.3581528e+04   2.2530106e+01
   3.3581354e+04   2.4793985e+01
   3.3581179e+04   2.3174263e+01
   3.3581005e+04   1.8732142e+01
   3.3580831e+04   1.4205258e+01
   3.3580656e+04   1.2138245e+01
   3.3580482e+04   1.3272566e+01
   3.3580308e+04   1.6141290e+01
   3.3580134e+04   1.8865163e+01
   3.3579959e+04   2.1085375e+01
   3.3579785e+04   2.3079548e+01
   3.3579611e+04   2.3985419e+01
   3.3579436e+04   2.2804078e+01
   3.3579262e+04   2.0009133e+01
   3.3579088e+04   1.6558883e+01
   3.3578913e+04   1.3091802e+01
   3.3578739e+04   1.1010871e+01
   3.3578565e+04   1.2117081e+01
   3.3578390e+04   1.6343040e+01
   3.3578216e+04   2.1235759e+01
   3.3578042e+04   2.4222343e+01
   3.3577867e+04   2.4701840e+01
   3.3577693e+04   2.3549739e+01
   3.3577519e+04   2.1531808e+01
   3.3577344e+04   1.9192260e+01
   3.3577170e+04   1.7367432e+01
   3.3576996e+04   1.6397341e+01
   3.3576821e+04   1.5506258e+01
   3.3576647e+04   1.4174981e+01
   3.3576473e+04   1.3253408e+01
   3.3576299e+04   1.3941664e+01
   3.3576124e+04   1.6821887e+01
   3.3575950e+04   2.1611949e+01
   3.3575776e+04   2.6264750e+01
   3.3575601e+04   2.7698742e+01
   3.3575427e+04   2.5189723e+01
   3.3575253e+04   2.1168730e+01
   3.3575078e+04   1.7841296e+01
   3.3574904e+04   1.5469054e+01
   3.3574730e+04   1.4143199e+01
   3.3574555e+04   1.4615642e+01
   3.3574381e+04   1.6638282e+01
   3.3574207e+04   1.8140532e+01
   3.3574032e+04   1.7529773e+01
   3.3573858e+04   1.6160530e+01
   3.3573684e+04   1.6731497e+01
   3.3573509e+04   1.9733925e+01
   3.3573335e+04   2.3370831e+01
   3.3573161e+04   2.5901702e+01
   3.3572987e+04   2.6255010e+01
   3.3572812e+04   2.4146154e+01
   3.3572638e+04   2.0813838e+01
   3.3572464e+04   1.7817808e+01
   3.3572289e+04   1.5504670e+01
   3.3572115e+04   1.4035339e+01
   3.3571941e+04   1.4089789e+01
   3.3571766e+04   1.5637195e+01
   3.3571592e+04   1.7634664e+01
   3.3571418e+04   1.9101734e+01
   3.3571243e+04   1.9833212e+01
   3.3571069e+04   2.0243231e+01
   3.3570895e+04   2.0645919e+01
   3.3570720e+04   2.1155871e+01
   3.3570546e+04   2.2115710e+01
   3.3570372e+04   2.3325657e+01
   3.3570197e+04   2.3495636e+01
   3.3570023e+04   2.1961555e+01
   3.3569849e+04   1.9889296e+01
   3.3569675e+04   1.8725489e+01
   3.3569500e+04   1.8564271e+01
   3.3569326e+04   1.8529530e+01
   3.3569152e+04   1.7925977e+01
   3.3568977e+04   1.6749630e+01
   3.3568803e+04   1.5535789e+01
   3.3568629e+04   1.5218020e+01
   3.3568454e+04   1.6828970e+01
   3.3568280e+04   2.0280691e+01
   3.3568106e+04   2.3564936e+01
   3.3567931e+04   2.4332567e+01
   3.3567757e+04   2.2625466e+01
   3.3567583e+04   2.1094370e+01
   3.3567408e+04   2.1508533e+01
   3.3567234e+04   2.2427806e+01
   3.3567060e+04   2.1745438e+01
   3.3566885e+04   1.9566208e+01
   3.3566711e+04   1.7729487e+01
   3.3566537e+04   1.8021047e+01
   3.3566363e+04   2.0271011e+01
   3.3566188e+04   2.1974054e+01
   3.3566014e+04   2.1252696e+01
   3.3565840e+04   1.9171417e+01
   3.3565665e+04   1.7729033e+01
   3.3565491e+04   1.7157873e+01
   3.3565317e+04   1.6635311e+01
   3.3565142e+04   1.6619493e+01
   3.3564968e+04   1.8581160e+01
   3.3564794e+04   2.2183368e+01
   3.3564619e+04   2.4736895e+01
   3.3564445e+04   2.4542367e+01
   3.3564271e+04   2.2955896e+01
   3.3564096e+04   2.1906420e+01
   3.3563922e+04   2.1405796e+01
   3.3563748e+04   2.0973258e+01
   3.3563573e+04   2.1076796e+01
   3.3563399e+04   2.1454513e+01
   3.3563225e+04   2.0638924e+01
   3.3563051e+04   1.8654941e+01
   3.3562876e+04   1.7756731e+01
   3.3562702e+04   1.9435762e+01
   3.3562528e+04   2.2291577e+01
   3.3562353e+04   2.3492975e+01
   3.3562179e+04   2.1680072e+01
   3.3562005e+04   1.8061092e+01
   3.3561830e+04   1.5209567e+01
   3.3561656e+04   1.5138748e+01
   3.3561482e+04   1.7753050e+01
   3.3561307e+04   2.1044386e+01
   3.3561133e+04   2.3268376e+01
   3.3560959e+04   2.4200757e+01
   3.3560784e+04   2.4413794e+01
   3.3560610e+04   2.4612727e+01
   3.3560436e+04   2.4972841e+01
   3.3560261e+04   2.4548864e+01
   3.3560087e+04   2.2738681e+01
   3.3559913e+04   2.0831341e+01
   3.3559739e+04   2.0371272e+01
   3.3559564e+04   2.0967319e+01
   3.3559390e+04   2.1548180e+01
   3.3559216e+04   2.3087048e+01
   3.3559041e+04   2.7804404e+01
   3.3558867e+04   3.5388628e+01
   3.3558693e+04   4.2134069e+01
   3.3558518e+04   4.4639417e+01
   3.3558344e+04   4.3470577e+01
   3.3558170e+04   4.2546643e+01
   3.3557995e+04   4.4152061e+01
   3.3557821e+04   4.6084612e+01
   3.3557647e+04   4.6670915e+01
   3.3557472e+04   4.8588730e+01
   3.3557298e+04   5.2610560e+01
   3.3557124e+04   5.3997538e+01
   3.3556949e+04   5.0791140e+01
   3.3556775e+04   4.8164069e+01
   3.3556601e+04   4.9902837e+01
   3.3556427e+04   5.2690519e+01
   3.3556252e+04   5.2048869e+01
   3.3556078e+04   4.8239256e+01
   3.3555904e+04   4.4637820e+01
   3.3555729e+04   4.4188080e+01
   3.3555555e+04   4.6941534e+01
   3.3555381e+04   4.8985846e+01
   3.3555206e+04   4.6467730e+01
   3.3555032e+04   4.1063393e+01
   3.3554858e+04   3.7864666e+01
   3.3554683e+04   3.9217884e+01
   3.3554509e+04   4.3945417e+01
   3.3554335e+04   4.9918371e+01
   3.3554160e+04   5.4866616e+01
   3.3553986e+04   5.6935793e+01
   3.3553812e+04   5.5641505e+01
   3.3553637e+04   5.2272741e+01
   3.3553463e+04   4.9546742e+01
   3.3553289e+04   4.9152796e+01
   3.3553115e+04   5.0161063e+01
   3.3552940e+04   5.1522589e+01
   3.3552766e+04   5.3235971e+01
   3.3552592e+04   5.4385747e+01
   3.3552417e+04   5.3607866e+01
   3.3552243e+04   5.0850196e+01
   3.3552069e+04   4.6965605e+01
   3.3551894e+04   4.3186241e+01
   3.3551720e+04   4.1099564e+01
   3.3551546e+04   4.1930810e+01
   3.3551371e+04   4.5288602e+01
   3.3551197e+04   4.8327965e+01
   3.3551023e+04   4.8130362e+01
   3.3550848e+04   4.5941298e+01
   3.3550674e+04   4.6056409e+01
   3.3550500e+04   4.9821451e+01
   3.3550325e+04   5.3895925e+01
   3.3550151e+04   5.5078784e+01
   3.3549977e+04   5.4313271e+01
   3.3549803e+04   5.4822804e+01
   3.3549628e+04   5.7748076e+01
   3.3549454e+04   6.0630453e+01
   3.3549280e+04   5.9973656e+01
   3.3549105e+04   5.5292122e+01
   3.3548931e+04   4.9893457e+01
   3.3548757e+04   4.7165289e+01
   3.3548582e+04   4.7408935e+01
   3.3548408e+04   4.8375203e+01
   3.3548234e+04   4.7668565e+01
   3.3548059e+04   4.5054369e+01
   3.3547885e+04   4.2828087e+01
   3.3547711e+04   4.3176192e+01
   3.3547536e+04   4.5670701e+01
   3.3547362e+04   4.8828799e+01
   3.3547188e+04   5.2789859e+01
   3.3547013e+04   5.7562777e+01
   3.3546839e+04   6.0338673e+01
   3.3546665e+04   5.8299532e+01
   3.3546491e+04   5.3051812e+01
   3.3546316e+04   4.9236873e+01
   3.3546142e+04   4.9146226e+01
   3.3545968e+04   5.1291647e+01
   3.3545793e+04   5.4068546e+01
   3.3545619e+04   5.7527907e+01
   3.3545445e+04   6.1223617e+01
   3.3545270e+04   6.3311570e+01
   3.3545096e+04   6.2365572e+01
   3.3544922e+04   5.8517420e+01
   3.3544747e+04   5.3038941e+01
   3.3544573e+04   4.8093169e+01
   3.3544399e+04   4.5435711e+01
   3.3544224e+04   4.3882530e+01
   3.3544050e+04   4.1260303e+01
   3.3543876e+04   3.9364336e+01
   3.3543701e+04   4.1945129e+01
   3.3543527e+04   4.8579135e+01
   3.3543353e+04   5.5184452e+01
   3.3543179e+04   5.9071777e+01
   3.3543004e+04   6.1185962e+01
   3.3542830e+04   6.4061749e+01
   3.3542656e+04   6.7533771e+01
   3.3542481e+04   6.8064281e+01
   3.3542307e+04   6.3717927e+01
   3.3542133e+04   5.6900906e+01
   3.3541958e+04   5.1356827e+01
   3.3541784e+04   4.8809333e+01
   3.3541610e+04   4.8098498e+01
   3.3541435e+04   4.7178870e+01
   3.3541261e+04   4.6658437e+01
   3.3541087e+04   4.9625426e+01
   3.3540912e+04   5.7116195e+01
   3.3540738e+04   6.5361553e+01
   3.3540564e+04   6.8725360e+01
   3.3540389e+04   6.5364207e+01
   3.3540215e+04   5.8424252e+01
   3.3540041e+04   5.1634556e+01
   3.3539867e+04   4.6517538e+01
   3.3539692e+04   4.3542936e+01
   3.3539518e+04   4.3252777e+01
   3.3539344e+04   4.6509843e+01
   3.3539169e+04   5.3547528e+01
   3.3538995e+04   6.1401353e+01
   3.3538821e+04   6.4684670e+01
   3.3538646e+04   6.2026701e+01
   3.3538472e+04   5.9335427e+01
   3.3538298e+04   6.2686165e+01
   3.3538123e+04   6.9795206e+01
   3.3537949e+04   7.2611914e+01
   3.3537775e+04   6.7182535e+01
   3.3537600e+04   5.7461677e+01
   3.3537426e+04   4.9651482e+01
   3.3537252e+04   4.6345566e+01
   3.3537077e+04   4.7410730e+01
   3.3536903e+04   5.1967920e+01
   3.3536729e+04   5.6941376e+01
   3.3536555e+04   5.8726868e+01
   3.3536380e+04   5.8376536e+01
   3.3536206e+04   5.9823665e+01
   3.3536032e+04   6.2467667e+01
   3.3535857e+04   6.1853284e+01
   3.3535683e+04   5.7585667e+01
   3.3535509e+04   5.4084306e+01
   3.3535334e+04   5.4108263e+01
   3.3535160e+04   5.6776956e+01
   3.3534986e+04   6.0484870e+01
   3.3534811e+04   6.4119782e+01
   3.3534637e+04   6.6720609e+01
   3.3534463e+04   6.7275066e+01
   3.3534288e+04   6.4677530e+01
   3.3534114e+04   5.9859160e+01
   3.3533940e+04   5.7351740e+01
   3.3533765e+04   5.9903607e+01
   3.3533591e+04   6.2938673e+01
   3.3533417e+04   6.0985562e+01
   3.3533242e+04   5.7051987e+01
   3.3533068e+04   5.7458127e+01
   3.3532894e+04   6.0710888e+01
   3.3532720e+04   6.0996549e+01
   3.3532545e+04   5.9303114e+01
   3.3532371e+04   6.1437116e+01
   3.3532197e+04   6.7801875e+01
   3.3532022e+04   7.3039028e+01
   3.3531848e+04   7.3878036e+01
   3.3531674e+04   7.2354342e+01
   3.3531499e+04   7.2722276e+01
   3.3531325e+04   7.7531322e+01
   3.3531151e+04   8.5541749e+01
   3.3530976e+04   9.3125751e+01
   3.3530802e+04   9.8374172e+01
   3.3530628e+04   1.0287829e+02
   3.3530453e+04   1.0953249e+02
   3.3530279e+04   1.1918850e+02
   3.3530105e+04   1.2799505e+02
   3.3529930e+04   1.2940245e+02
   3.3529756e+04   1.2240484e+02
   3.3529582e+04   1.1484162e+02
   3.3529408e+04   1.1394944e+02
   3.3529233e+04   1.1704659e+02
   3.3529059e+04   1.1626517e+02
   3.3528885e+04   1.0996584e+02
   3.3528710e+04   1.0383912e+02
   3.3528536e+04   1.0110435e+02
   3.3528362e+04   9.8578100e+01
   3.3528187e+04   9.4656284e+01
   3.3528013e+04   9.4448258e+01
   3.3527839e+04   1.0252132e+02
   3.3527664e+04   1.1500081e+02
   3.3527490e+04   1.2410140e+02
   3.3527316e+04   1.2737544e+02
   3.3527141e+04   1.2758083e+02
   3.3526967e+04   1.2697894e+02
   3.3526793e+04   1.2537529e+02
   3.3526618e+04   1.2129035e+02
   3.3526444e+04   1.1547053e+02
   3.3526270e+04   1.1276727e+02
   3.3526096e+04   1.1576253e+02
   3.3525921e+04   1.2051503e+02
   3.3525747e+04   1.2345180e+02
   3.3525573e+04   1.2431101e+02
   3.3525398e+04   1.2074486e+02
   3.3525224e+04   1.1094544e+02
   3.3525050e+04   1.0071575e+02
   3.3524875e+04   9.9029039e+01
   3.3524701e+04   1.0827884e+02
   3.3524527e+04   1.2268977e+02
   3.3524352e+04   1.3373940e+02
   3.3524178e+04   1.3598478e+02
   3.3524004e+04   1.2983000e+02
   3.3523829e+04   1.2007659e+02
   3.3523655e+04   1.1272601e+02
   3.3523481e+04   1.1302012e+02
   3.3523306e+04   1.2275681e+02
   3.3523132e+04   1.3636372e+02
   3.3522958e+04   1.4307546e+02
   3.3522784e+04   1.3701562e+02
   3.3522609e+04   1.2253437e+02
   3.3522435e+04   1.0874879e+02
   3.3522261e+04   1.0358482e+02
   3.3522086e+04   1.1108510e+02
   3.3521912e+04   1.2769975e+02
   3.3521738e+04   1.4318950e+02
   3.3521563e+04   1.4897960e+02
   3.3521389e+04   1.4357556e+02
   3.3521215e+04   1.3171285e+02
   3.3521040e+04   1.2165994e+02
   3.3520866e+04   1.1869058e+02
   3.3520692e+04   1.1983947e+02
   3.3520517e+04   1.2057158e+02
   3.3520343e+04   1.2292252e+02
   3.3520169e+04   1.3039300e+02
   3.3519994e+04   1.3986696e+02
   3.3519820e+04   1.4406757e+02
   3.3519646e+04   1.3938524e+02
   3.3519472e+04   1.2910767e+02
   3.3519297e+04   1.2038775e+02
   3.3519123e+04   1.1960108e+02
   3.3518949e+04   1.2895031e+02
   3.3518774e+04   1.4415488e+02
   3.3518600e+04   1.5636311e+02
   3.3518426e+04   1.5908402e+02
   3.3518251e+04   1.5284323e+02
   3.3518077e+04   1.4288556e+02
   3.3517903e+04   1.3419565e+02
   3.3517728e+04   1.2964858e+02
   3.3517554e+04   1.3022482e+02
   3.3517380e+04   1.3372260e+02
   3.3517205e+04   1.3574062e+02
   3.3517031e+04   1.3468382e+02
   3.3516857e+04   1.3250665e+02
   3.3516682e+04   1.3064323e+02
   3.3516508e+04   1.3088829e+02
   3.3516334e+04   1.3744192e+02
   3.3516160e+04   1.5051075e+02
   3.3515985e+04   1.6298143e+02
   3.3515811e+04   1.6933927e+02
   3.3515637e+04   1.6986974e+02
   3.3515462e+04   1.6453663e+02
   3.3515288e+04   1.5324173e+02
   3.3515114e+04   1.4137113e+02
   3.3514939e+04   1.3650408e+02
   3.3514765e+04   1.4043343e+02
   3.3514591e+04   1.4764360e+02
   3.3514416e+04   1.5054462e+02
   3.3514242e+04   1.4700463e+02
   3.3514068e+04   1.4332987e+02
   3.3513893e+04   1.4663541e+02
   3.3513719e+04   1.5544817e+02
   3.3513545e+04   1.6247745e+02
   3.3513370e+04   1.6395098e+02
   3.3513196e+04   1.6187449e+02
   3.3513022e+04   1.5998314e+02
   3.3512848e+04   1.6056821e+02
   3.3512673e+04   1.6419235e+02
   3.3512499e+04   1.7003659e+02
   3.3512325e+04   1.7461216e+02
   3.3512150e+04   1.7281653e+02
   3.3511976e+04   1.6432016e+02
   3.3511802e+04   1.5640123e+02
   3.3511627e+04   1.5661488e+02
   3.3511453e+04   1.6423432e+02
   3.3511279e+04   1.7138209e+02
   3.3511104e+04   1.7225821e+02
   3.3510930e+04   1.6907066e+02
   3.3510756e+04   1.6762266e+02
   3.3510581e+04   1.7045988e+02
   3.3510407e+04   1.7701996e+02
   3.3510233e+04   1.8536144e+02
   3.3510058e+04   1.9081066e+02
   3.3509884e+04   1.8870640e+02
   3.3509710e+04   1.8060153e+02
   3.3509536e+04   1.7388113e+02
   3.3509361e+04   1.7429514e+02
   3.3509187e+04   1.8039748e+02
   3.3509013e+04   1.8653477e+02
   3.3508838e+04   1.9016065e+02
   3.3508664e+04   1.9325951e+02
   3.3508490e+04   1.9789833e+02
   3.3508315e+04   2.0339958e+02
   3.3508141e+04   2.0648706e+02
   3.3507967e+04   2.0375772e+02
   3.3507792e+04   1.9631274e+02
   3.3507618e+04   1.9025789e+02
   3.3507444e+04   1.9065906e+02
   3.3507269e+04   1.9786579e+02
   3.3507095e+04   2.0869543e+02
   3.3506921e+04   2.1734690e+02
   3.3506746e+04   2.1963060e+02
   3.3506572e+04   2.1852255e+02
   3.3506398e+04   2.1921309e+02
   3.3506224e+04   2.2117544e+02
   3.3506049e+04   2.2207864e+02
   3.3505875e+04   2.2448187e+02
   3.3505701e+04   2.3219573e+02
   3.3505526e+04   2.4320979e+02
   3.3505352e+04   2.5148390e+02
   3.3505178e+04   2.5423978e+02
   3.3505003e+04   2.5256132e+02
   3.3504829e+04   2.4760660e+02
   3.3504655e+04   2.4236933e+02
   3.3504480e+04   2.4331472e+02
   3.3504306e+04   2.5374452e+02
   3.3504132e+04   2.6968245e+02
   3.3503957e+04   2.8760272e+02
   3.3503783e+04   3.0905267e+02
   3.3503609e+04   3.3188245e+02
   3.3503434e+04   3.4706362e+02
   3.3503260e+04   3.5044223e+02
   3.3503086e+04   3.4789355e+02
   3.3502912e+04   3.4541290e+02
   3.3502737e+04   3.4361455e+02
   3.3502563e+04   3.4390283e+02
   3.3502389e+04   3.5016573e+02
   3.3502214e+04   3.6056804e+02
   3.3502040e+04   3.6576809e+02
   3.3501866e+04   3.5966259e+02
   3.3501691e+04   3.4578806e+02
   3.3501517e+04   3.3011387e+02
   3.3501343e+04   3.1427078e+02
   3.3501168e+04   2.9933881e+02
   3.3500994e+04   2.8921697e+02
   3.3500820e+04   2.8515556e+02
   3.3500645e+04   2.8168992e+02
   3.3500471e+04   2.7286468e+02
   3.3500297e+04   2.5987888e+02
   3.3500122e+04   2.4875534e+02
   3.3499948e+04   2.4281672e+02
   3.3499774e+04   2.4092184e+02
   3.3499600e+04   2.4131213e+02
   3.3499425e+04   2.4416522e+02
   3.3499251e+04   2.4971522e+02
   3.3499077e+04   2.5487389e+02
   3.3498902e+04   2.5364817e+02
   3.3498728e+04   2.4196301e+02
   3.3498554e+04   2.2242631e+02
   3.3498379e+04   2.0462352e+02
   3.3498205e+04   1.9963061e+02
   3.3498031e+04   2.1141943e+02
   3.3497856e+04   2.3096292e+02
   3.3497682e+04   2.4129634e+02
   3.3497508e+04   2.3319582e+02
   3.3497333e+04   2.1387107e+02
   3.3497159e+04   1.9842245e+02
   3.3496985e+04   1.9667816e+02
   3.3496810e+04   2.0683154e+02
   3.3496636e+04   2.1732748e+02
   3.3496462e+04   2.1697398e+02
   3.3496288e+04   2.0537277e+02
   3.3496113e+04   1.9268237e+02
   3.3495939e+04   1.8972011e+02
   3.3495765e+04   1.9813122e+02
   3.3495590e+04   2.0868845e+02
   3.3495416e+04   2.0947732e+02
   3.3495242e+04   1.9795025e+02
   3.3495067e+04   1.8472317e+02
   3.3494893e+04   1.8227934e+02
   3.3494719e+04   1.9089555e+02
   3.3494544e+04   1.9935214e+02
   3.3494370e+04   1.9797161e+02
   3.3494196e+04   1.8820585e+02
   3.3494021e+04   1.8002662e+02
   3.3493847e+04   1.8090458e+02
   3.3493673e+04   1.8775058e+02
   3.3493498e+04   1.9073696e+02
   3.3493324e+04   1.8562409e+02
   3.3493150e+04   1.7885517e+02
   3.3492976e+04   1.7764907e+02
   3.3492801e+04   1.8054340e+02
   3.3492627e+04   1.8185971e+02
   3.3492453e+04   1.8001820e+02
   3.3492278e+04   1.7738805e+02
   3.3492104e+04   1.7569124e+02
   3.3491930e+04   1.7512703e+02
   3.3491755e+04   1.7543667e+02
   3.3491581e+04   1.7529100e+02
   3.3491407e+04   1.7361678e+02
   3.3491232e+04   1.7191375e+02
   3.3491058e+04   1.7159688e+02
   3.3490884e+04   1.7073725e+02
   3.3490709e+04   1.6634812e+02
   3.3490535e+04   1.5745720e+02
   3.3490361e+04   1.4531340e+02
   3.3490186e+04   1.3259661e+02
   3.3490012e+04   1.2073302e+02
   3.3489838e+04   1.0790830e+02
   3.3489663e+04   9.2936012e+01
   3.3489489e+04   7.8082825e+01
   3.3489315e+04   6.4174364e+01
   3.3489141e+04   4.8193870e+01
   3.3488966e+04   2.9564763e+01
   3.3488792e+04   1.3300881e+01
   3.3488618e+04   3.9189445e+00
   3.3488443e+04   6.2697506e-01
   3.3488269e+04   2.9728173e-02
   3.3488095e+04   1.2113474e-03
   3.3487920e+04   1.5715983e-04
   3.3487746e+04   3.1710889e-05
   3.3487572e+04   8.3277330e-06
   3.3487397e+04   2.6219467e-06
   3.3487223e+04   9.4451935e-07
   3.3487049e+04   3.7789401e-07
   3.3486874e+04   1.6453839e-07
   3.3486700e+04   7.6831431e-08
   3.3486526e+04   3.8057830e-08
   3.3486351e+04   1.9828951e-08
   3.3486177e+04   1.0795983e-08
   3.3486003e+04   6.1083600e-09
   3.3485829e+04   3.5770000e-09
   3.3485654e+04   2.1588846e-09
   3.3485480e+04   1.3399326e-09
   3.3485306e+04   8.5185903e-10
   3.3485131e+04   5.5461458e-10
   3.3484957e+04   3.6786929e-10
   3.3484783e+04   2.4937297e-10
   3.3484608e+04   1.7124391e-10
   3.3484434e+04   1.2025403e-10
   3.3484260e+04   8.4880547e-11
   3.3484085e+04   6.1562755e-11
   3.3483911e+04   4.4413362e-11
   3.3483737e+04   3.3240521e-11
   3.3483562e+04   2.4275248e-11
   3.3483388e+04   1.8802737e-11
   3.3483214e+04   1.3771206e-11
   3.3483039e+04   1.1097789e-11
   3.3482865e+04   8.0522256e-12
   3.3482691e+04   6.7661432e-12
   3.3482517e+04   4.8574478e-12
   3.3482342e+04   4.2974513e-12
   3.3482168e+04   2.9634073e-12
   3.3481994e+04   2.8279601e-12
   3.3481819e+04   1.8300916e-12
   3.3481645e+04   1.9340085e-12
   3.3481471e+04   1.1026735e-12
   3.3481296e+04   1.3922197e-12
   3.3481122e+04   6.7545969e-13
   3.3480948e+04   9.8943076e-13
   3.3480773e+04   3.8058445e-13
   3.3480599e+04   7.9447560e-13
   3.3480425e+04   1.8696156e-13
   3.3480250e+04   6.1239902e-13
   3.3480076e+04   1.2878587e-14
   3.3479902e+04   5.5777605e-13
   3.3479727e+04   8.7485574e-14
   3.3479553e+04   4.6940229e-13
   3.3479379e+04   1.5276669e-13
   3.3479205e+04   4.7517545e-13
   3.3479030e+04   2.2160052e-13
   3.3478856e+04   4.5519144e-13
   3.3478682e+04   3.2063241e-13
   3.3478507e+04   4.2810200e-13
   3.3478333e+04   2.5757174e-13
   3.3478159e+04   4.4964032e-13
   3.3477984e+04   3.3306691e-13
   3.3477810e+04   4.6074256e-13
   3.3477636e+04   3.6415315e-13
   3.3477461e+04   4.3742787e-13
   3.3477287e+04   3.7347903e-13
   3.3477113e+04   3.9568349e-13
   3.3476938e+04   3.8635761e-13
   3.3476764e+04   4.2188475e-13
   3.3476590e+04   3.8813397e-13
   3.3476415e+04   4.3653969e-13
   3.3476241e+04   3.6326497e-13
   3.3476067e+04   3.4905412e-13
   3.3475893e+04   3.1530334e-13
   3.3475718e+04   2.7866598e-13
   3.3475544e+04   3.0075942e-13
   3.3475370e+04   2.8665958e-13
   3.3475195e+04   2.7178260e-13
   3.3475021e+04   2.4336089e-13
   3.3474847e+04   2.6334490e-13
   3.3474672e+04   2.3137048e-13
   3.3474498e+04   1.9673152e-13
   3.3474324e+04   2.5801583e-13
   3.3474149e+04   2.2559732e-13
   3.3473975e+04   2.3492319e-13
   3.3473801e+04   2.5868196e-13
   3.3473626e+04   2.7733371e-13
   3.3473452e+04   3.0708769e-13
   3.3473278e+04   3.0886405e-13
   3.3473103e+04   3.5127456e-13
   3.3472929e+04   3.1064040e-13
   3.3472755e+04   2.9043434e-13
   3.3472581e+04   3.4416914e-13
   3.3472406e+04   3.2995828e-13
   3.3472232e+04   3.6814995e-13
   3.3472058e+04   3.9945824e-13
   3.3471883e+04   3.8036241e-13
   3.3471709e+04   3.5460523e-13
   3.3471535e+04   3.7192471e-13
   3.3471360e+04   3.3795189e-13
   3.3471186e+04   3.9013237e-13
   3.3471012e+04   3.9568349e-13
   3.3470837e+04   4.1477932e-13
   3.3470663e+04   4.4408921e-13
   3.3470489e+04   4.5741189e-13
   3.3470314e+04   4.4053650e-13
   3.3470140e+04   4.6007642e-13
   3.3469966e+04   4.2277293e-13
   3.3469791e+04   4.1389114e-13
   3.3469617e+04   4.4053650e-13
   3.3469443e+04   4.0323300e-13
   3.3469269e+04   4.2810200e-13
   3.3469094e+04   4.0323300e-13
   3.3468920e+04   4.2810200e-13
   3.3468746e+04   4.6718185e-13
   3.3468571e+04   4.5830006e-13
   3.3468397e+04   4.4941828e-13
   3.3468223e+04   4.6540549e-13
   3.3468048e+04   4.7073456e-13
   3.3467874e+04   4.6895821e-13
   3.3467700e+04   4.8139270e-13
   3.3467525e+04   4.9027449e-13
   3.3467351e+04   4.5474735e-13
   3.3467177e+04   4.3165471e-13
   3.3467002e+04   4.6895821e-13
   3.3466828e+04   4.5652371e-13
   3.3466654e+04   4.5652371e-13
   3.3466479e+04   4.5119464e-13
   3.3466305e+04   4.4408921e-13
   3.3466131e+04   4.6185278e-13
   3.3465957e+04   4.5652371e-13
   3.3465782e+04   4.0856207e-13
   3.3465608e+04   4.1211479e-13
   3.3465434e+04   4.1566750e-13
   3.3465259e+04   4.2987836e-13
   3.3465085e+04   4.3343107e-13
   3.3464911e+04   4.1566750e-13
   3.3464736e+04   4.0500936e-13
   3.3464562e+04   3.6060044e-13
   3.3464388e+04   3.1263880e-13
   3.3464213e+04   3.3395509e-13
   3.3464039e+04   3.1619152e-13
   3.3463865e+04   3.0908609e-13
   3.3463690e+04   3.5171865e-13
   3.3463516e+04   2.8066438e-13
   3.3463342e+04   2.8776981e-13
   3.3463167e+04   3.0020431e-13
   3.3462993e+04   2.9487524e-13
   3.3462819e+04   2.9487524e-13
   3.3462645e+04   3.1619152e-13
   3.3462470e+04   3.3928416e-13
   3.3462296e+04   3.5171865e-13
   3.3462122e+04   3.0020431e-13
   3.3461947e+04   3.2862602e-13
   3.3461773e+04   3.3750780e-13
   3.3461599e+04   3.5704772e-13
   3.3461424e+04   3.7481129e-13
   3.3461250e+04   3.8369308e-13
   3.3461076e+04   4.1566750e-13
   3.3460901e+04   4.1922021e-13
   3.3460727e+04   4.5474735e-13
   3.3460553e+04   4.0500936e-13
   3.3460378e+04   4.6362914e-13
   3.3460204e+04   3.9968029e-13
   3.3460030e+04   4.1211479e-13
   3.3459855e+04   4.1922021e-13
   3.3459681e+04   4.4053650e-13
   3.3459507e+04   3.9479531e-13
   3.3459333e+04   4.1078252e-13
   3.3459158e+04   4.1344705e-13
   3.3458984e+04   3.8058445e-13
   3.3458810e+04   3.8058445e-13
   3.3458635e+04   3.6415315e-13
   3.3458461e+04   3.6282088e-13
   3.3458287e+04   3.4949821e-13
   3.3458112e+04   3.5749181e-13
   3.3457938e+04   3.5393910e-13
   3.3457764e+04   3.7525538e-13
   3.3457589e+04   3.6592951e-13
   3.3457415e+04   3.2107650e-13
   3.3457241e+04   2.6956215e-13
   3.3457066e+04   3.2329694e-13
   3.3456892e+04   3.3129055e-13
   3.3456718e+04   3.5038639e-13
   3.3456543e+04   3.5482728e-13
   3.3456369e+04   3.4727776e-13
   3.3456195e+04   3.1086245e-13
   3.3456021e+04   2.8244074e-13
   3.3455846e+04   3.1064040e-13
   3.3455672e+04   3.3839598e-13
   3.3455498e+04   3.1374903e-13
   3.3455323e+04   2.9309888e-13
   3.3455149e+04   3.2285286e-13
   3.3454975e+04   3.3706371e-13
   3.3454800e+04   3.0420111e-13
   3.3454626e+04   3.0997427e-13
   3.3454452e+04   2.9221070e-13
   3.3454277e+04   3.1530334e-13
   3.3454103e+04   3.4861003e-13
   3.3453929e+04   3.5083048e-13
   3.3453754e+04   3.7925219e-13
   3.3453580e+04   3.8813397e-13
   3.3453406e+04   4.0700776e-13
   3.3453231e+04   3.7070347e-13
   3.3453057e+04   3.7414516e-13
   3.3452883e+04   4.2454928e-13
   3.3452709e+04   3.7125858e-13
   3.3452534e+04   4.3653969e-13
   3.3452360e+04   4.2943427e-13
   3.3452186e+04   4.1433523e-13
   3.3452011e+04   4.2410520e-13
   3.3451837e+04   4.5652371e-13
   3.3451663e+04   3.9035442e-13
   3.3451488e+04   4.3409720e-13
   3.3451314e+04   4.1189274e-13
   3.3451140e+04   4.0345505e-13
   3.3450965e+04   3.8746784e-13
   3.3450791e+04   4.1611159e-13
   3.3450617e+04   4.2832404e-13
   3.3450442e+04   3.9346304e-13
   3.3450268e+04   4.0722981e-13
   3.3450094e+04   4.4453330e-13
   3.3449919e+04   4.4186876e-13
   3.3449745e+04   4.8872018e-13
   3.3449571e+04   4.6873616e-13
   3.3449397e+04   4.5541348e-13
   3.3449222e+04   5.1625371e-13
   3.3449048e+04   4.9693583e-13
   3.3448874e+04   5.1936233e-13
   3.3448699e+04   5.3868021e-13
   3.3448525e+04   5.3024252e-13
   3.3448351e+04   5.2580162e-13
   3.3448176e+04   5.1869620e-13
   3.3448002e+04   5.2580162e-13
   3.3447828e+04   5.1869620e-13
   3.3447653e+04   5.0448534e-13
   3.3447479e+04   4.6895821e-13
   3.3447305e+04   4.7606363e-13
   3.3447130e+04   3.9790393e-13
   3.3446956e+04   3.9079850e-13
   3.3446782e+04   4.1211479e-13
   3.3446607e+04   4.2632564e-13
   3.3446433e+04   4.4053650e-13
   3.3446259e+04   4.3343107e-13
   3.3446084e+04   4.1211479e-13
   3.3445910e+04   4.4053650e-13
   3.3445736e+04   4.5474735e-13
   3.3445562e+04   4.3343107e-13
   3.3445387e+04   4.5119464e-13
   3.3445213e+04   4.4053650e-13
   3.3445039e+04   4.5119464e-13
   3.3444864e+04   4.4764192e-13
   3.3444690e+04   4.4408921e-13
   3.3444516e+04   4.3698378e-13
   3.3444341e+04   4.6007642e-13
   3.3444167e+04   4.6718185e-13
   3.3443993e+04   4.8094861e-13
   3.3443818e+04   4.6096460e-13
   3.3443644e+04   4.8760995e-13
   3.3443470e+04   4.5830006e-13
   3.3443295e+04   4.2721382e-13
   3.3443121e+04   4.6629367e-13
   3.3442947e+04   4.8583360e-13
   3.3442772e+04   4.5208282e-13
   3.3442598e+04   4.7251092e-13
   3.3442424e+04   4.6984638e-13
   3.3442250e+04   5.0270899e-13
   3.3442075e+04   4.8050453e-13
   3.3441901e+04   4.6274096e-13
   3.3441727e+04   4.7428728e-13
   3.3441552e+04   4.6540549e-13
   3.3441378e+04   5.2047255e-13
   3.3441204e+04   5.0093263e-13
   3.3441029e+04   4.9027449e-13
   3.3440855e+04   5.0626170e-13
   3.3440681e+04   5.1514348e-13
   3.3440506e+04   4.9693583e-13
   3.3440332e+04   4.8316906e-13
   3.3440158e+04   5.1070259e-13
   3.3439983e+04   4.7206683e-13
   3.3439809e+04   4.9560356e-13
   3.3439635e+04   4.6096460e-13
   3.3439460e+04   4.7117865e-13
   3.3439286e+04   4.2010839e-13
   3.3439112e+04   3.9657166e-13
   3.3438938e+04   4.0456527e-13
   3.3438763e+04   3.6060044e-13
   3.3438589e+04   3.8458126e-13
   3.3438415e+04   3.8458126e-13
   3.3438240e+04   3.7836401e-13
   3.3438066e+04   4.1744386e-13
   3.3437892e+04   3.8813397e-13
   3.3437717e+04   3.7081449e-13
   3.3437543e+04   4.0545345e-13
   3.3437369e+04   4.1211479e-13
   3.3437194e+04   3.9790393e-13
   3.3437020e+04   4.2632564e-13
   3.3436846e+04   4.5474735e-13
   3.3436671e+04   4.9737992e-13
   3.3436497e+04   4.5474735e-13
   3.3436323e+04   4.1211479e-13
   3.3436148e+04   4.6895821e-13
   3.3435974e+04   4.8316906e-13
   3.3435800e+04   4.6895821e-13
   3.3435626e+04   4.4053650e-13
   3.3435451e+04   4.8316906e-13
   3.3435277e+04   4.6895821e-13
   3.3435103e+04   4.4053650e-13
   3.3434928e+04   3.6948222e-13
   3.3434754e+04   4.5474735e-13
   3.3434580e+04   5.2580162e-13
   3.3434405e+04   4.5474735e-13
   3.3434231e+04   4.6895821e-13
   3.3434057e+04   3.9790393e-13
   3.3433882e+04   4.8316906e-13
   3.3433708e+04   4.8316906e-13
   3.3433534e+04   4.6895821e-13
   3.3433359e+04   4.4053650e-13
   3.3433185e+04   4.4764192e-13
   3.3433011e+04   4.3343107e-13
   3.3432836e+04   4.3343107e-13
   3.3432662e+04   4.7606363e-13
   3.3432488e+04   4.9027449e-13
   3.3432314e+04   4.7606363e-13
   3.3432139e+04   4.5474735e-13
   3.3431965e+04   5.0448534e-13
   3.3431791e+04   4.9027449e-13
   3.3431616e+04   4.7606363e-13
   3.3431442e+04   5.2580162e-13
   3.3431268e+04   5.0448534e-13
   3.3431093e+04   4.9027449e-13
   3.3430919e+04   4.7606363e-13
   3.3430745e+04   4.6895821e-13
   3.3430570e+04   4.7606363e-13
   3.3430396e+04   4.3343107e-13
   3.3430222e+04   4.9027449e-13
   3.3430047e+04   4.7606363e-13
   3.3429873e+04   5.2580162e-13
   3.3429699e+04   4.5474735e-13
   3.3429524e+04   5.2580162e-13
   3.3429350e+04   5.3290705e-13
   3.3429176e+04   5.0448534e-13
   3.3429002e+04   5.1159077e-13
   3.3428827e+04   4.9737992e-13
   3.3428653e+04   5.3290705e-13
   3.3428479e+04   5.1869620e-13
   3.3428304e+04   5.1159077e-13
   3.3428130e+04   4.9737992e-13
   3.3427956e+04   4.9027449e-13
   3.3427781e+04   5.1159077e-13
   3.3427607e+04   4.2632564e-13
   3.3427433e+04   4.2632564e-13
   3.3427258e+04   4.3343107e-13
   3.3427084e+04   4.1211479e-13
   3.3426910e+04   4.4764192e-13
   3.3426735e+04   4.7606363e-13
   3.3426561e+04   4.4053650e-13
   3.3426387e+04   4.3343107e-13
   3.3426212e+04   4.0500936e-13
   3.3426038e+04   3.8369308e-13
   3.3425864e+04   4.3343107e-13
   3.3425690e+04   4.6895821e-13
   3.3425515e+04   4.4764192e-13
   3.3425341e+04   4.4053650e-13
   3.3425167e+04   4.7606363e-13
   3.3424992e+04   4.6185278e-13
   3.3424818e+04   4.4764192e-13
   3.3424644e+04   4.4053650e-13
   3.3424469e+04   4.7606363e-13
   3.3424295e+04   5.1869620e-13
   3.3424121e+04   5.0448534e-13
   3.3423946e+04   4.7606363e-13
   3.3423772e+04   5.0448534e-13
   3.3423598e+04   5.1159077e-13
   3.3423423e+04   5.5422333e-13
   3.3423249e+04   5.3290705e-13
   3.3423075e+04   5.0448534e-13
   3.3422900e+04   4.6185278e-13
   3.3422726e+04   5.0448534e-13
   3.3422552e+04   4.9737992e-13
   3.3422378e+04   5.1159077e-13
   3.3422203e+04   5.2580162e-13
   3.3422029e+04   4.4764192e-13
   3.3421855e+04   4.5474735e-13
   3.3421680e+04   4.2632564e-13
   3.3421506e+04   4.4764192e-13
   3.3421332e+04   4.7606363e-13
   3.3421157e+04   4.3343107e-13
   3.3420983e+04   4.0500936e-13
   3.3420809e+04   4.2632564e-13
   3.3420634e+04   4.1211479e-13
   3.3420460e+04   4.1211479e-13
   3.3420286e+04   4.6185278e-13
   3.3420111e+04   4.5474735e-13
   3.3419937e+04   4.4053650e-13
   3.3419763e+04   3.7658765e-13
   3.3419588e+04   4.0500936e-13
   3.3419414e+04   4.1922021e-13
   3.3419240e+04   4.4053650e-13
   3.3419066e+04   4.3343107e-13
   3.3418891e+04   4.1922021e-13
   3.3418717e+04   4.1211479e-13
   3.3418543e+04   4.5474735e-13
   3.3418368e+04   4.1922021e-13
   3.3418194e+04   4.1922021e-13
   3.3418020e+04   4.4053650e-13
   3.3417845e+04   4.4764192e-13
   3.3417671e+04   5.1159077e-13
   3.3417497e+04   4.7606363e-13
   3.3417322e+04   4.9027449e-13
   3.3417148e+04   5.1869620e-13
   3.3416974e+04   4.6895821e-13
   3.3416799e+04   4.6895821e-13
   3.3416625e+04   4.9027449e-13
   3.3416451e+04   4.3343107e-13
   3.3416276e+04   4.6185278e-13
   3.3416102e+04   4.4053650e-13
   3.3415928e+04   4.5474735e-13
   3.3415754e+04   4.3343107e-13
   3.3415579e+04   4.0500936e-13
   3.3415405e+04   4.1922021e-13
   3.3415231e+04   4.1211479e-13
   3.3415056e+04   4.4053650e-13
   3.3414882e+04   4.2277293e-13
   3.3414708e+04   4.0500936e-13
   3.3414533e+04   4.1922021e-13
   3.3414359e+04   3.8724579e-13
   3.3414185e+04   3.8014036e-13
   3.3414010e+04   3.3040237e-13
   3.3413836e+04   3.9435122e-13
   3.3413662e+04   3.0553338e-13
   3.3413487e+04   3.5527137e-13
   3.3413313e+04   3.4106051e-13
   3.3413139e+04   3.7303494e-13
   3.3412964e+04   3.9790393e-13
   3.3412790e+04   3.9790393e-13
   3.3412616e+04   4.1211479e-13
   3.3412442e+04   4.1211479e-13
   3.3412267e+04   3.9790393e-13
   3.3412093e+04   4.1566750e-13
   3.3411919e+04   4.2632564e-13
   3.3411744e+04   4.2987836e-13
   3.3411570e+04   4.2632564e-13
   3.3411396e+04   4.4053650e-13
   3.3411221e+04   4.2632564e-13
   3.3411047e+04   4.2632564e-13
   3.3410873e+04   4.0145665e-13
   3.3410698e+04   4.1566750e-13
   3.3410524e+04   4.5474735e-13
   3.3410350e+04   4.8316906e-13
   3.3410175e+04   5.2580162e-13
   3.3410001e+04   4.6895821e-13
   3.3409827e+04   4.9027449e-13
   3.3409652e+04   5.1869620e-13
   3.3409478e+04   4.7606363e-13
   3.3409304e+04   4.8316906e-13
   3.3409130e+04   5.2935434e-13
   3.3408955e+04   5.1159077e-13
   3.3408781e+04   5.1159077e-13
   3.3408607e+04   4.9737992e-13
   3.3408432e+04   5.1159077e-13
   3.3408258e+04   5.0448534e-13
   3.3408084e+04   4.9027449e-13
   3.3407909e+04   5.2935434e-13
   3.3407735e+04   5.0093263e-13
   3.3407561e+04   5.4356519e-13
   3.3407386e+04   5.5067062e-13
   3.3407212e+04   5.7553962e-13
   3.3407038e+04   5.1159077e-13
   3.3406863e+04   5.1159077e-13
   3.3406689e+04   5.2580162e-13
   3.3406515e+04   5.8619776e-13
   3.3406340e+04   5.7198690e-13
   3.3406166e+04   5.6843419e-13
   3.3405992e+04   6.1106675e-13
   3.3405818e+04   5.7198690e-13
   3.3405643e+04   6.1817218e-13
   3.3405469e+04   6.1817218e-13
   3.3405295e+04   5.5777605e-13
   3.3405120e+04   6.1106675e-13
   3.3404946e+04   5.5777605e-13
   3.3404772e+04   5.7553962e-13
   3.3404597e+04   6.2527761e-13
   3.3404423e+04   5.9685590e-13
   3.3404249e+04   5.9685590e-13
   3.3404074e+04   6.1106675e-13
   3.3403900e+04   6.0396133e-13
   3.3403726e+04   5.8086869e-13
   3.3403551e+04   5.7909233e-13
   3.3403377e+04   5.7198690e-13
   3.3403203e+04   5.3645977e-13
   3.3403028e+04   5.3823612e-13
   3.3402854e+04   5.1336713e-13
   3.3402680e+04   5.5067062e-13
   3.3402505e+04   5.2935434e-13
   3.3402331e+04   4.8316906e-13
   3.3402157e+04   4.6185278e-13
   3.3401983e+04   5.1159077e-13
   3.3401808e+04   4.8672177e-13
   3.3401634e+04   5.0803806e-13
   3.3401460e+04   5.0803806e-13
   3.3401285e+04   4.8316906e-13
   3.3401111e+04   5.0270899e-13
   3.3400937e+04   4.9205084e-13
   3.3400762e+04   5.0093263e-13
   3.3400588e+04   5.2402527e-13
   3.3400414e+04   5.3290705e-13
   3.3400239e+04   5.2757798e-13
   3.3400065e+04   5.2580162e-13
   3.3399891e+04   5.5422333e-13
   3.3399716e+04   5.3290705e-13
   3.3399542e+04   5.2580162e-13
   3.3399368e+04   5.2402527e-13
   3.3399193e+04   5.2935434e-13
   3.3399019e+04   5.1869620e-13
   3.3398845e+04   5.2402527e-13
   3.3398671e+04   4.9382720e-13
   3.3398496e+04   5.3823612e-13
   3.3398322e+04   5.3645977e-13
   3.3398148e+04   5.1869620e-13
   3.3397973e+04   5.7376326e-13
   3.3397799e+04   6.1106675e-13
   3.3397625e+04   5.5599969e-13
   3.3397450e+04   5.3290705e-13
   3.3397276e+04   5.2402527e-13
   3.3397102e+04   5.6132876e-13
   3.3396927e+04   6.0396133e-13
   3.3396753e+04   5.9685590e-13
   3.3396579e+04   5.8264504e-13
   3.3396404e+04   5.8619776e-13
   3.3396230e+04   5.9685590e-13
   3.3396056e+04   6.2172489e-13
   3.3395881e+04   5.8619776e-13
   3.3395707e+04   5.6132876e-13
   3.3395533e+04   5.8975047e-13
   3.3395359e+04   5.8619776e-13
   3.3395184e+04   5.8619776e-13
   3.3395010e+04   6.0040861e-13
   3.3394836e+04   5.9685590e-13
   3.3394661e+04   5.6132876e-13
   3.3394487e+04   5.4356519e-13
   3.3394313e+04   5.4356519e-13
   3.3394138e+04   5.1869620e-13
   3.3393964e+04   5.2580162e-13
   3.3393790e+04   5.3645977e-13
   3.3393615e+04   5.7553962e-13
   3.3393441e+04   5.7198690e-13
   3.3393267e+04   5.3290705e-13
   3.3393092e+04   5.1159077e-13
   3.3392918e+04   5.6488147e-13
   3.3392744e+04   5.7553962e-13
   3.3392569e+04   5.1159077e-13
   3.3392395e+04   5.4889426e-13
   3.3392221e+04   5.3379523e-13
   3.3392047e+04   5.0182081e-13
   3.3391872e+04   5.1247895e-13
   3.3391698e+04   5.0626170e-13
   3.3391524e+04   5.0182081e-13
   3.3391349e+04   5.3379523e-13
   3.3391175e+04   4.9649174e-13
   3.3391001e+04   4.7961635e-13
   3.3390826e+04   5.0803806e-13
   3.3390652e+04   5.5777605e-13
   3.3390478e+04   5.8797411e-13
   3.3390303e+04   5.2935434e-13
   3.3390129e+04   5.2580162e-13
   3.3389955e+04   5.4356519e-13
   3.3389780e+04   5.6132876e-13
   3.3389606e+04   5.1159077e-13
   3.3389432e+04   5.2402527e-13
   3.3389257e+04   5.6488147e-13
   3.3389083e+04   5.6488147e-13
   3.3388909e+04   5.5244698e-13
   3.3388735e+04   5.0981441e-13
   3.3388560e+04   5.5067062e-13
   3.3388386e+04   5.3645977e-13
   3.3388212e+04   5.3734794e-13
   3.3388037e+04   5.2136073e-13
   3.3387863e+04   5.2136073e-13
   3.3387689e+04   5.1780802e-13
   3.3387514e+04   5.0093263e-13
   3.3387340e+04   5.1780802e-13
   3.3387166e+04   5.1159077e-13
   3.3386991e+04   4.9560356e-13
   3.3386817e+04   4.9915627e-13
   3.3386643e+04   5.3290705e-13
   3.3386468e+04   5.0448534e-13
   3.3386294e+04   5.0803806e-13
   3.3386120e+04   4.9560356e-13
   3.3385945e+04   4.7783999e-13
   3.3385771e+04   4.8849813e-13
   3.3385597e+04   4.8672177e-13
   3.3385423e+04   4.6185278e-13
   3.3385248e+04   4.7073456e-13
   3.3385074e+04   4.6629367e-13
   3.3384900e+04   5.4445337e-13
   3.3384725e+04   4.8316906e-13
   3.3384551e+04   4.6007642e-13
   3.3384377e+04   4.4053650e-13
   3.3384202e+04   4.6362914e-13
   3.3384028e+04   4.1566750e-13
   3.3383854e+04   4.0678572e-13
   3.3383679e+04   3.9257486e-13
   3.3383505e+04   3.7214676e-13
   3.3383331e+04   3.5527137e-13
   3.3383156e+04   3.6148862e-13
   3.3382982e+04   3.2862602e-13
   3.3382808e+04   2.8776981e-13
   3.3382633e+04   2.8066438e-13
   3.3382459e+04   2.7355895e-13
   3.3382285e+04   2.5757174e-13
   3.3382111e+04   2.7000624e-13
   3.3381936e+04   3.0553338e-13
   3.3381762e+04   2.7888802e-13
   3.3381588e+04   2.9842795e-13
