   3.3878412e+04   4.4408921e-16
   3.3878238e+04   1.4432899e-15
   3.3878064e+04   7.7715612e-16
   3.3877889e+04   6.6613381e-16
   3.3877715e+04   4.4408921e-16
   3.3877541e+04   8.8817842e-16
   3.3877367e+04   8.8817842e-16
   3.3877192e+04   5.5511151e-16
   3.3877018e+04   3.3306691e-16
   3.3876844e+04   9.2981178e-16
   3.3876669e+04   1.0616508e-15
   3.3876495e+04   4.4408921e-16
   3.3876321e+04   5.1347815e-16
   3.3876146e+04   1.1379786e-15
   3.3875972e+04   1.1102230e-15
   3.3875798e+04   3.3306691e-16
   3.3875623e+04   8.3266727e-16
   3.3875449e+04   7.2164497e-16
   3.3875275e+04   0.0000000e+00
   3.3875100e+04   2.2204460e-16
   3.3874926e+04   3.8857806e-16
   3.3874752e+04   5.5511151e-16
   3.3874577e+04   8.6042284e-16
   3.3874403e+04   1.2212453e-15
   3.3874229e+04   1.8318680e-15
   3.3874055e+04   3.0531133e-16
   3.3873880e+04   8.0491169e-16
   3.3873706e+04   1.5820678e-15
   3.3873532e+04   1.5820678e-15
   3.3873357e+04   1.3183898e-15
   3.3873183e+04   7.4940054e-16
   3.3873009e+04   6.2450045e-16
   3.3872834e+04   1.0824674e-15
   3.3872660e+04   2.7755576e-17
   3.3872486e+04   1.3877788e-16
   3.3872311e+04   1.9428903e-16
   3.3872137e+04   1.3322676e-15
   3.3871963e+04   6.3837824e-16
   3.3871788e+04   1.0824674e-15
   3.3871614e+04   8.3266727e-17
   3.3871440e+04   7.4940054e-16
   3.3871265e+04   2.4980018e-16
   3.3871091e+04   2.2204460e-16
   3.3870917e+04   2.7755576e-17
   3.3870743e+04   1.0547119e-15
   3.3870568e+04   2.7755576e-16
   3.3870394e+04   7.7715612e-16
   3.3870220e+04   2.2759572e-15
   3.3870045e+04   1.3322676e-15
   3.3869871e+04   2.6645353e-15
   3.3869697e+04   1.5543122e-15
   3.3869522e+04   2.2204460e-16
   3.3869348e+04   2.3314684e-15
   3.3869174e+04   4.4408921e-16
   3.3868999e+04   1.3877788e-15
   3.3868825e+04   7.4940054e-16
   3.3868651e+04   1.8318680e-15
   3.3868476e+04   1.4155344e-15
   3.3868302e+04   1.8873791e-15
   3.3868128e+04   4.4408921e-16
   3.3867953e+04   1.1102230e-16
   3.3867779e+04   8.8817842e-16
   3.3867605e+04   1.1657342e-15
   3.3867431e+04   1.1657342e-15
   3.3867256e+04   4.1633363e-16
   3.3867082e+04   2.9143354e-16
   3.3866908e+04   2.4980018e-16
   3.3866733e+04   9.7144515e-17
   3.3866559e+04   1.9914626e-15
   3.3866385e+04   8.5521867e-16
   3.3866210e+04   3.8640965e-16
   3.3866036e+04   9.8261243e-16
   3.3865862e+04   4.5290852e-17
   3.3865687e+04   2.8212550e-18
   3.3865513e+04   5.0222172e-17
   3.3865339e+04   6.3812339e-16
   3.3865164e+04   1.1011699e-15
   3.3864990e+04   3.5941302e-16
   3.3864816e+04   1.3311834e-15
   3.3864641e+04   9.6971042e-16
   3.3864467e+04   1.3877788e-15
   3.3864293e+04   1.0269563e-15
   3.3864119e+04   5.5511151e-17
   3.3863944e+04   2.5535130e-15
   3.3863770e+04   4.4408921e-16
   3.3863596e+04   6.6613381e-16
   3.3863421e+04   6.6613381e-16
   3.3863247e+04   9.9920072e-16
   3.3863073e+04   9.9920072e-16
   3.3862898e+04   1.0547119e-15
   3.3862724e+04   1.1102230e-16
   3.3862550e+04   2.7755576e-16
   3.3862375e+04   1.5265567e-15
   3.3862201e+04   1.6653345e-16
   3.3862027e+04   0.0000000e+00
   3.3861852e+04   1.8318680e-15
   3.3861678e+04   4.9960036e-16
   3.3861504e+04   4.4408921e-16
   3.3861329e+04   3.3306691e-16
   3.3861155e+04   1.7763568e-15
   3.3860981e+04   2.2204460e-16
   3.3860807e+04   6.6613381e-16
   3.3860632e+04   7.7715612e-16
   3.3860458e+04   7.7715612e-16
   3.3860284e+04   9.9920072e-16
   3.3860109e+04   6.6613381e-16
   3.3859935e+04   1.2767565e-15
   3.3859761e+04   3.0531133e-16
   3.3859586e+04   1.3461454e-15
   3.3859412e+04   2.4533327e-15
   3.3859238e+04   1.4309571e-15
   3.3859063e+04   1.0588310e-15
   3.3858889e+04   9.0567950e-16
   3.3858715e+04   3.1351892e-16
   3.3858540e+04   6.1403070e-16
   3.3858366e+04   6.1261403e-16
   3.3858192e+04   6.2118228e-16
   3.3858017e+04   1.1472191e-15
   3.3857843e+04   3.6474415e-16
   3.3857669e+04   7.9126292e-16
   3.3857495e+04   7.7817976e-17
   3.3857320e+04   7.9217994e-16
   3.3857146e+04   9.2862933e-16
   3.3856972e+04   8.9040103e-16
   3.3856797e+04   5.1781496e-16
   3.3856623e+04   4.1633363e-16
   3.3856449e+04   2.0816682e-16
   3.3856274e+04   1.3322676e-15
   3.3856100e+04   1.1102230e-15
   3.3855926e+04   5.5511151e-16
   3.3855751e+04   8.8817842e-16
   3.3855577e+04   2.6645353e-15
   3.3855403e+04   1.5543122e-15
   3.3855228e+04   9.9920072e-16
   3.3855054e+04   1.3322676e-15
   3.3854880e+04   1.9984014e-15
   3.3854705e+04   1.1102230e-15
   3.3854531e+04   6.6613381e-16
   3.3854357e+04   5.5511151e-17
   3.3854183e+04   3.8857806e-16
   3.3854008e+04   1.6653345e-15
   3.3853834e+04   2.2759572e-15
   3.3853660e+04   1.5543122e-15
   3.3853485e+04   6.6613381e-16
   3.3853311e+04   1.4432899e-15
   3.3853137e+04   3.3306691e-16
   3.3852962e+04   1.1102230e-15
   3.3852788e+04   1.6653345e-15
   3.3852614e+04   9.9920072e-16
   3.3852439e+04   5.5511151e-17
   3.3852265e+04   3.3306691e-16
   3.3852091e+04   3.6082248e-16
   3.3851916e+04   1.0130785e-15
   3.3851742e+04   4.7531423e-16
   3.3851568e+04   3.4737838e-16
   3.3851393e+04   9.5579198e-17
   3.3851219e+04   1.1082511e-15
   3.3851045e+04   1.9304071e-15
   3.3850870e+04   2.1635401e-15
   3.3850696e+04   1.8140451e-15
   3.3850522e+04   5.4919393e-16
   3.3850348e+04   6.1817434e-16
   3.3850173e+04   9.4450662e-16
   3.3849999e+04   7.5300717e-16
   3.3849825e+04   1.3073016e-15
   3.3849650e+04   1.2573696e-15
   3.3849476e+04   6.3606728e-16
   3.3849302e+04   6.8205422e-16
   3.3849127e+04   1.5420685e-15
   3.3848953e+04   4.3225404e-16
   3.3848779e+04   1.6210978e-16
   3.3848604e+04   8.5577687e-17
   3.3848430e+04   1.1677768e-15
   3.3848256e+04   1.1558715e-15
   3.3848081e+04   4.8341161e-16
   3.3847907e+04   1.4851626e-15
   3.3847733e+04   7.5306523e-17
   3.3847558e+04   3.4021006e-16
   3.3847384e+04   5.9864731e-17
   3.3847210e+04   5.5749256e-16
   3.3847036e+04   1.1982519e-15
   3.3846861e+04   9.4287252e-16
   3.3846687e+04   1.7308280e-15
   3.3846513e+04   1.2448165e-15
   3.3846338e+04   2.1228930e-15
   3.3846164e+04   1.1200857e-16
   3.3845990e+04   8.6453712e-16
   3.3845815e+04   2.1173139e-15
   3.3845641e+04   2.6268470e-15
   3.3845467e+04   2.6522215e-15
   3.3845292e+04   6.4790245e-16
   3.3845118e+04   2.6980042e-15
   3.3844944e+04   1.5543122e-15
   3.3844769e+04   1.6653345e-15
   3.3844595e+04   1.6653345e-15
   3.3844421e+04   4.9960036e-16
   3.3844246e+04   1.5543122e-15
   3.3844072e+04   2.5188185e-15
   3.3843898e+04   4.6317117e-16
   3.3843724e+04   8.4340087e-16
   3.3843549e+04   1.2146554e-15
   3.3843375e+04   2.0899289e-15
   3.3843201e+04   1.2191245e-15
   3.3843026e+04   2.7967344e-16
   3.3842852e+04   2.3559226e-16
   3.3842678e+04   2.0082795e-15
   3.3842503e+04   7.7197905e-16
   3.3842329e+04   1.2854301e-15
   3.3842155e+04   5.2041704e-17
   3.3841980e+04   1.3877788e-17
   3.3841806e+04   6.1062266e-16
   3.3841632e+04   2.4980018e-16
   3.3841457e+04   3.7470027e-16
   3.3841283e+04   5.5511151e-16
   3.3841109e+04   2.2204460e-16
   3.3840934e+04   4.8572257e-16
   3.3840760e+04   1.3877788e-15
   3.3840586e+04   1.4294121e-15
   3.3840412e+04   6.8001160e-16
   3.3840237e+04   7.4940054e-16
   3.3840063e+04   2.2065683e-15
   3.3839889e+04   2.2343238e-15
   3.3839714e+04   2.2482016e-15
   3.3839540e+04   2.0261570e-15
   3.3839366e+04   1.8873791e-15
   3.3839191e+04   4.0939474e-16
   3.3839017e+04   4.5102810e-16
   3.3838843e+04   1.9081958e-15
   3.3838668e+04   7.6327833e-16
   3.3838494e+04   1.0894063e-15
   3.3838320e+04   8.1185059e-16
   3.3838145e+04   5.4817262e-16
   3.3837971e+04   3.3306691e-16
   3.3837797e+04   5.1347815e-16
   3.3837622e+04   2.3592239e-16
   3.3837448e+04   2.0122792e-16
   3.3837274e+04   1.2507356e-15
   3.3837100e+04   1.0436530e-15
   3.3836925e+04   8.2193706e-16
   3.3836751e+04   1.8697329e-15
   3.3836577e+04   6.2209170e-17
   3.3836402e+04   1.3001161e-15
   3.3836228e+04   4.0551554e-16
   3.3836054e+04   2.2601217e-16
   3.3835879e+04   3.0004604e-17
   3.3835705e+04   3.8276471e-16
   3.3835531e+04   2.8115713e-16
   3.3835356e+04   3.7436209e-17
   3.3835182e+04   1.4697692e-15
   3.3835008e+04   7.6196628e-16
   3.3834833e+04   1.0490876e-15
   3.3834659e+04   6.8901048e-16
   3.3834485e+04   3.4347525e-16
   3.3834310e+04   5.5511151e-17
   3.3834136e+04   5.5511151e-17
   3.3833962e+04   9.4368957e-16
   3.3833788e+04   2.0027464e-16
   3.3833613e+04   4.7056321e-16
   3.3833439e+04   4.0784365e-17
   3.3833265e+04   1.5357225e-15
   3.3833090e+04   4.5828928e-16
   3.3832916e+04   9.2849826e-16
   3.3832742e+04   1.0733215e-15
   3.3832567e+04   1.1522732e-15
   3.3832393e+04   1.4800107e-15
   3.3832219e+04   6.5398197e-17
   3.3832044e+04   2.0662980e-15
   3.3831870e+04   1.8296697e-15
   3.3831696e+04   1.3307029e-15
   3.3831521e+04   1.3089065e-15
   3.3831347e+04   6.4396835e-16
   3.3831173e+04   6.8036931e-16
   3.3830998e+04   1.0064806e-15
   3.3830824e+04   1.7835895e-16
   3.3830650e+04   7.9525756e-16
   3.3830476e+04   7.0698179e-16
   3.3830301e+04   4.9215585e-16
   3.3830127e+04   3.8213305e-16
   3.3829953e+04   2.7617055e-16
   3.3829778e+04   8.9039183e-16
   3.3829604e+04   1.3055382e-15
   3.3829430e+04   1.3460519e-15
   3.3829255e+04   5.5223600e-17
   3.3829081e+04   1.0364539e-15
   3.3828907e+04   6.9736662e-16
   3.3828732e+04   1.3859816e-15
   3.3828558e+04   1.4699424e-16
   3.3828384e+04   9.7701263e-17
   3.3828209e+04   9.5913835e-17
   3.3828035e+04   5.8723010e-16
   3.3827861e+04   6.8168490e-17
   3.3827686e+04   2.9194478e-16
   3.3827512e+04   2.9628450e-16
   3.3827338e+04   4.5969410e-16
   3.3827164e+04   7.8554683e-16
   3.3826989e+04   8.8790737e-16
   3.3826815e+04   1.5204851e-15
   3.3826641e+04   2.9837244e-16
   3.3826466e+04   6.9388939e-16
   3.3826292e+04   1.3322676e-15
   3.3826118e+04   1.8873791e-15
   3.3825943e+04   1.3322676e-15
   3.3825769e+04   3.1086245e-15
   3.3825595e+04   1.9984014e-15
   3.3825420e+04   8.8817842e-16
   3.3825246e+04   1.3322676e-15
   3.3825072e+04   2.2204460e-15
   3.3824897e+04   3.1086245e-15
   3.3824723e+04   3.1086245e-15
   3.3824549e+04   3.1086245e-15
   3.3824374e+04   8.8817842e-16
   3.3824200e+04   1.7763568e-15
   3.3824026e+04   2.6645353e-15
   3.3823852e+04   2.6645353e-15
   3.3823677e+04   0.0000000e+00
   3.3823503e+04   1.7763568e-15
   3.3823329e+04   4.4408921e-16
   3.3823154e+04   2.2204460e-15
   3.3822980e+04   1.3322676e-15
   3.3822806e+04   0.0000000e+00
   3.3822631e+04   0.0000000e+00
   3.3822457e+04   6.6613381e-16
   3.3822283e+04   7.7715612e-16
   3.3822108e+04   1.2212453e-15
   3.3821934e+04   1.4432899e-15
   3.3821760e+04   1.0547119e-15
   3.3821585e+04   5.6725458e-16
   3.3821411e+04   5.0382875e-16
   3.3821237e+04   8.2900809e-16
   3.3821062e+04   3.4412323e-16
   3.3820888e+04   1.0044896e-15
   3.3820714e+04   1.2487461e-15
   3.3820540e+04   3.3789140e-16
   3.3820365e+04   1.5124790e-16
   3.3820191e+04   1.1507993e-15
   3.3820017e+04   1.5092094e-16
   3.3819842e+04   1.5439039e-15
   3.3819668e+04   7.0776718e-16
   3.3819494e+04   1.7486013e-15
   3.3819319e+04   8.8817842e-16
   3.3819145e+04   5.2735594e-16
   3.3818971e+04   2.7755576e-17
   3.3818796e+04   8.0491169e-16
   3.3818622e+04   1.7069679e-15
   3.3818448e+04   8.0491169e-16
   3.3818273e+04   9.8532293e-16
   3.3818099e+04   2.4980018e-16
   3.3817925e+04   1.2073675e-15
   3.3817750e+04   1.0547119e-15
   3.3817576e+04   1.4294121e-15
   3.3817402e+04   4.1633363e-17
   3.3817228e+04   8.3266727e-17
   3.3817053e+04   7.4940054e-16
   3.3816879e+04   6.1062266e-16
   3.3816705e+04   1.6375790e-15
   3.3816530e+04   2.7755576e-17
   3.3816356e+04   1.4155344e-15
   3.3816182e+04   5.5511151e-16
   3.3816007e+04   6.6613381e-16
   3.3815833e+04   5.5511151e-17
   3.3815659e+04   5.5511151e-17
   3.3815484e+04   2.7755576e-16
   3.3815310e+04   2.3592239e-16
   3.3815136e+04   4.7878368e-16
   3.3814961e+04   1.5612511e-17
   3.3814787e+04   4.8897518e-16
   3.3814613e+04   3.2073750e-16
   3.3814438e+04   3.0943045e-16
   3.3814264e+04   1.0999685e-15
   3.3814090e+04   7.9670408e-16
   3.3813916e+04   8.6674767e-17
   3.3813741e+04   7.2363633e-16
   3.3813567e+04   5.7230747e-16
   3.3813393e+04   8.2342675e-16
   3.3813218e+04   1.7045511e-16
   3.3813044e+04   4.5773798e-16
   3.3812870e+04   1.0462830e-15
   3.3812695e+04   5.4238061e-16
   3.3812521e+04   1.0697687e-15
   3.3812347e+04   1.9450587e-15
   3.3812172e+04   1.4883927e-15
   3.3811998e+04   1.4988011e-15
   3.3811824e+04   2.1094237e-15
   3.3811649e+04   1.4432899e-15
   3.3811475e+04   4.4408921e-16
   3.3811301e+04   1.9984014e-15
   3.3811126e+04   8.8817842e-16
   3.3810952e+04   1.3322676e-15
   3.3810778e+04   0.0000000e+00
   3.3810604e+04   1.7763568e-15
   3.3810429e+04   0.0000000e+00
   3.3810255e+04   8.8817842e-16
   3.3810081e+04   2.6645353e-15
   3.3809906e+04   8.8817842e-16
   3.3809732e+04   1.3322676e-15
   3.3809558e+04   2.2204460e-15
   3.3809383e+04   8.8817842e-16
   3.3809209e+04   1.7763568e-15
   3.3809035e+04   1.7763568e-15
   3.3808860e+04   0.0000000e+00
   3.3808686e+04   4.4408921e-16
   3.3808512e+04   8.8817842e-16
   3.3808337e+04   4.4408921e-16
   3.3808163e+04   4.4408921e-16
   3.3807989e+04   0.0000000e+00
   3.3807814e+04   2.5535130e-15
   3.3807640e+04   1.9984014e-15
   3.3807466e+04   7.2164497e-16
   3.3807291e+04   1.8873791e-15
   3.3807117e+04   4.8572257e-16
   3.3806943e+04   7.8799814e-16
   3.3806769e+04   1.1463812e-15
   3.3806594e+04   1.4969105e-16
   3.3806420e+04   3.7238999e-16
   3.3806246e+04   1.8793861e-16
   3.3806071e+04   1.2916452e-15
   3.3805897e+04   8.2801192e-16
   3.3805723e+04   3.1875495e-16
   3.3805548e+04   2.2683809e-16
   3.3805374e+04   4.1925686e-16
   3.3805200e+04   5.4903202e-17
   3.3805025e+04   5.5222841e-16
   3.3804851e+04   9.4409383e-16
   3.3804677e+04   1.3991278e-15
   3.3804502e+04   8.7341790e-16
   3.3804328e+04   4.9197072e-16
   3.3804154e+04   1.4688035e-15
   3.3803979e+04   1.7604194e-16
   3.3803805e+04   7.5181327e-16
   3.3803631e+04   3.7519855e-16
   3.3803457e+04   4.6188676e-16
   3.3803282e+04   2.2173215e-16
   3.3803108e+04   1.0748414e-16
   3.3802934e+04   2.3699706e-15
   3.3802759e+04   2.7360333e-15
   3.3802585e+04   1.0876771e-15
   3.3802411e+04   6.0717159e-16
   3.3802236e+04   7.5425214e-17
   3.3802062e+04   4.6033351e-17
   3.3801888e+04   9.3283055e-16
   3.3801713e+04   1.5523945e-15
   3.3801539e+04   5.4321701e-16
   3.3801365e+04   1.5039867e-15
   3.3801190e+04   1.6380608e-16
   3.3801016e+04   5.4681956e-16
   3.3800842e+04   5.1363053e-16
   3.3800667e+04   5.7395040e-16
   3.3800493e+04   1.0836020e-16
   3.3800319e+04   2.2204460e-16
   3.3800145e+04   4.2327253e-16
   3.3799970e+04   7.1470607e-16
   3.3799796e+04   2.4980018e-16
   3.3799622e+04   5.5511151e-17
   3.3799447e+04   6.5919492e-16
   3.3799273e+04   5.7462715e-16
   3.3799099e+04   5.0962923e-16
   3.3798924e+04   7.4974783e-16
   3.3798750e+04   4.0030798e-16
   3.3798576e+04   5.7632016e-17
   3.3798401e+04   2.2069274e-16
   3.3798227e+04   1.0441375e-16
   3.3798053e+04   9.6744715e-16
   3.3797878e+04   4.0072112e-16
   3.3797704e+04   8.5695340e-16
   3.3797530e+04   6.3837824e-16
   3.3797355e+04   9.4368957e-16
   3.3797181e+04   6.6613381e-16
   3.3797007e+04   4.4408921e-16
   3.3796833e+04   1.5543122e-15
   3.3796658e+04   1.1102230e-15
   3.3796484e+04   4.4408921e-16
   3.3796310e+04   4.4408921e-16
   3.3796135e+04   1.3322676e-15
   3.3795961e+04   4.4408921e-16
   3.3795787e+04   1.3322676e-15
   3.3795612e+04   1.7763568e-15
   3.3795438e+04   8.8817842e-16
   3.3795264e+04   8.8817842e-16
   3.3795089e+04   8.8817842e-16
   3.3794915e+04   8.8817842e-16
   3.3794741e+04   0.0000000e+00
   3.3794566e+04   1.7763568e-15
   3.3794392e+04   1.3322676e-15
   3.3794218e+04   0.0000000e+00
   3.3794043e+04   8.8817842e-16
   3.3793869e+04   2.2204460e-15
   3.3793695e+04   2.4424907e-15
   3.3793521e+04   6.6613381e-16
   3.3793346e+04   0.0000000e+00
   3.3793172e+04   1.1102230e-16
   3.3792998e+04   1.1102230e-16
   3.3792823e+04   3.0531133e-16
   3.3792649e+04   6.6613381e-16
   3.3792475e+04   4.0592529e-16
   3.3792300e+04   6.6244753e-17
   3.3792126e+04   2.3969000e-16
   3.3791952e+04   1.5983554e-16
   3.3791777e+04   8.9257436e-16
   3.3791603e+04   8.1572979e-16
   3.3791429e+04   8.7234295e-17
   3.3791254e+04   5.5286248e-16
   3.3791080e+04   1.3296453e-16
   3.3790906e+04   3.0170997e-16
   3.3790731e+04   1.2070299e-16
   3.3790557e+04   6.8128787e-16
   3.3790383e+04   1.1233436e-16
   3.3790209e+04   3.5520157e-16
   3.3790034e+04   3.6700244e-17
   3.3789860e+04   9.9486391e-16
   3.3789686e+04   4.7184479e-16
   3.3789511e+04   6.5225603e-16
   3.3789337e+04   3.6082248e-16
   3.3789163e+04   2.2204460e-16
   3.3788988e+04   1.1102230e-16
   3.3788814e+04   3.3306691e-16
   3.3788640e+04   8.3266727e-16
   3.3788465e+04   4.9960036e-16
   3.3788291e+04   5.5511151e-17
   3.3788117e+04   2.2204460e-16
   3.3787942e+04   6.6613381e-16
   3.3787768e+04   4.4408921e-16
   3.3787594e+04   6.9388939e-17
   3.3787419e+04   2.7061686e-16
   3.3787245e+04   0.0000000e+00
   3.3787071e+04   3.4694470e-16
   3.3786897e+04   2.7755576e-16
   3.3786722e+04   1.6653345e-16
   3.3786548e+04   6.6613381e-16
   3.3786374e+04   2.2204460e-16
   3.3786199e+04   9.4368957e-16
   3.3786025e+04   1.3322676e-15
   3.3785851e+04   4.9960036e-16
   3.3785676e+04   4.4408921e-16
   3.3785502e+04   1.0547119e-15
   3.3785328e+04   3.0531133e-16
   3.3785153e+04   0.0000000e+00
   3.3784979e+04   8.3266727e-16
   3.3784805e+04   6.3837824e-16
   3.3784630e+04   9.1593400e-16
   3.3784456e+04   2.7755576e-17
   3.3784282e+04   1.1379786e-15
   3.3784107e+04   3.1918912e-16
   3.3783933e+04   7.4940054e-16
   3.3783759e+04   6.8001160e-16
   3.3783585e+04   1.0269563e-15
   3.3783410e+04   5.8286709e-16
   3.3783236e+04   1.0824674e-15
   3.3783062e+04   1.1934898e-15
   3.3782887e+04   6.1062266e-16
   3.3782713e+04   1.5265567e-15
   3.3782539e+04   3.6082248e-16
   3.3782364e+04   8.0491169e-16
   3.3782190e+04   1.2490009e-15
   3.3782016e+04   6.9388939e-16
   3.3781841e+04   1.1102230e-16
   3.3781667e+04   2.4980018e-16
   3.3781493e+04   2.2204460e-16
   3.3781318e+04   7.7715612e-16
   3.3781144e+04   1.2212453e-15
   3.3780970e+04   7.7715612e-16
   3.3780795e+04   1.2767565e-15
   3.3780621e+04   3.3306691e-16
   3.3780447e+04   1.0547119e-15
   3.3780273e+04   1.6375790e-15
   3.3780098e+04   1.2212453e-15
   3.3779924e+04   9.9920072e-16
   3.3779750e+04   1.9428903e-15
   3.3779575e+04   3.6082248e-16
   3.3779401e+04   1.3877788e-15
   3.3779227e+04   5.8286709e-16
   3.3779052e+04   9.9920072e-16
   3.3778878e+04   7.7715612e-16
   3.3778704e+04   4.4408921e-16
   3.3778529e+04   9.4368957e-16
   3.3778355e+04   6.1062266e-16
   3.3778181e+04   1.0269563e-15
   3.3778006e+04   2.2204460e-16
   3.3777832e+04   3.4694470e-17
   3.3777658e+04   8.8123953e-16
   3.3777483e+04   8.6042284e-16
   3.3777309e+04   1.2212453e-15
   3.3777135e+04   2.1163626e-15
   3.3776961e+04   1.0664213e-15
   3.3776786e+04   1.7042574e-15
   3.3776612e+04   2.0571940e-15
   3.3776438e+04   1.2912825e-15
   3.3776263e+04   1.8094013e-15
   3.3776089e+04   1.2175209e-15
   3.3775915e+04   5.6687511e-16
   3.3775740e+04   7.4799108e-16
   3.3775566e+04   1.8648277e-16
   3.3775392e+04   9.9920072e-16
   3.3775217e+04   9.9920072e-16
   3.3775043e+04   9.9920072e-16
   3.3774869e+04   4.4408921e-16
   3.3774694e+04   1.7763568e-15
   3.3774520e+04   2.2204460e-15
   3.3774346e+04   2.6645353e-15
   3.3774171e+04   0.0000000e+00
   3.3773997e+04   0.0000000e+00
   3.3773823e+04   1.7763568e-15
   3.3773649e+04   2.6645353e-15
   3.3773474e+04   1.7763568e-15
   3.3773300e+04   1.7763568e-15
   3.3773126e+04   8.8817842e-16
   3.3772951e+04   1.7763568e-15
   3.3772777e+04   0.0000000e+00
   3.3772603e+04   0.0000000e+00
   3.3772428e+04   0.0000000e+00
   3.3772254e+04   0.0000000e+00
   3.3772080e+04   8.8817842e-16
   3.3771905e+04   1.7763568e-15
   3.3771731e+04   1.7763568e-15
   3.3771557e+04   0.0000000e+00
   3.3771382e+04   1.3322676e-15
   3.3771208e+04   1.3322676e-15
   3.3771034e+04   8.8817842e-16
   3.3770859e+04   6.6613381e-16
   3.3770685e+04   5.5511151e-16
   3.3770511e+04   9.9920072e-16
   3.3770337e+04   1.4988011e-15
   3.3770162e+04   1.8422763e-15
   3.3769988e+04   1.1533743e-15
   3.3769814e+04   1.8359880e-15
   3.3769639e+04   2.0714136e-15
   3.3769465e+04   1.6180309e-15
   3.3769291e+04   1.2801645e-15
   3.3769116e+04   2.1114151e-15
   3.3768942e+04   1.3983384e-15
   3.3768768e+04   2.1464198e-15
   3.3768593e+04   2.3909012e-15
   3.3768419e+04   2.1790417e-15
   3.3768245e+04   1.3654720e-15
   3.3768070e+04   1.9717919e-15
   3.3767896e+04   1.7636615e-15
   3.3767722e+04   1.0985679e-15
   3.3767547e+04   7.8149293e-16
   3.3767373e+04   1.7208457e-15
   3.3767199e+04   6.9388939e-17
   3.3767025e+04   1.4155344e-15
   3.3766850e+04   0.0000000e+00
   3.3766676e+04   0.0000000e+00
   3.3766502e+04   8.8817842e-16
   3.3766327e+04   0.0000000e+00
   3.3766153e+04   0.0000000e+00
   3.3765979e+04   0.0000000e+00
   3.3765804e+04   1.7763568e-15
   3.3765630e+04   8.8817842e-16
   3.3765456e+04   1.7763568e-15
   3.3765281e+04   0.0000000e+00
   3.3765107e+04   0.0000000e+00
   3.3764933e+04   0.0000000e+00
   3.3764758e+04   8.8817842e-16
   3.3764584e+04   1.7763568e-15
   3.3764410e+04   8.8817842e-16
   3.3764235e+04   0.0000000e+00
   3.3764061e+04   8.8817842e-16
   3.3763887e+04   1.7763568e-15
   3.3763712e+04   8.8817842e-16
   3.3763538e+04   4.4408921e-16
   3.3763364e+04   8.8817842e-16
   3.3763190e+04   1.1102230e-15
   3.3763015e+04   4.4408921e-16
   3.3762841e+04   3.3306691e-16
   3.3762667e+04   2.2204460e-16
   3.3762492e+04   3.0531133e-16
   3.3762318e+04   1.0126448e-15
   3.3762144e+04   9.0362830e-16
   3.3761969e+04   1.1954616e-15
   3.3761795e+04   8.1739442e-16
   3.3761621e+04   9.1732885e-16
   3.3761446e+04   1.7109130e-15
   3.3761272e+04   1.3381852e-15
   3.3761098e+04   4.0878195e-16
   3.3760923e+04   8.3185023e-16
   3.3760749e+04   1.8005058e-15
   3.3760575e+04   1.3849892e-15
   3.3760400e+04   1.7957437e-15
   3.3760226e+04   1.9174457e-15
   3.3760052e+04   1.9547255e-15
   3.3759878e+04   2.5380011e-15
   3.3759703e+04   2.0102366e-15
   3.3759529e+04   1.7858110e-15
   3.3759355e+04   1.0431450e-15
   3.3759180e+04   1.7743142e-15
   3.3759006e+04   2.2719421e-15
   3.3758832e+04   2.1117347e-15
   3.3758657e+04   1.2765172e-15
   3.3758483e+04   1.2965519e-15
   3.3758309e+04   2.1020944e-17
   3.3758134e+04   1.4830209e-16
   3.3757960e+04   2.3354134e-16
   3.3757786e+04   1.6883280e-15
   3.3757611e+04   1.5347271e-16
   3.3757437e+04   4.7574028e-16
   3.3757263e+04   4.3990485e-16
   3.3757088e+04   1.6694198e-16
   3.3756914e+04   3.2017538e-16
   3.3756740e+04   8.2290375e-16
   3.3756566e+04   2.9932366e-16
   3.3756391e+04   1.4948560e-15
   3.3756217e+04   1.3721387e-16
   3.3756043e+04   8.6477642e-16
   3.3755868e+04   4.0368142e-16
   3.3755694e+04   8.8817842e-16
   3.3755520e+04   4.4408921e-16
   3.3755345e+04   1.5543122e-15
   3.3755171e+04   1.1102230e-15
   3.3754997e+04   1.4432899e-15
   3.3754822e+04   8.8817842e-16
   3.3754648e+04   5.1694760e-16
   3.3754474e+04   1.5094263e-15
   3.3754299e+04   2.0473261e-15
   3.3754125e+04   6.1888462e-16
   3.3753951e+04   1.4411690e-15
   3.3753776e+04   1.3066296e-15
   3.3753602e+04   3.4727483e-16
   3.3753428e+04   7.3388629e-17
   3.3753254e+04   3.4176763e-16
   3.3753079e+04   9.1940344e-17
   3.3752905e+04   4.8919202e-16
   3.3752731e+04   1.0685897e-15
   3.3752556e+04   8.3266727e-17
   3.3752382e+04   1.3877788e-15
   3.3752208e+04   3.6082248e-16
   3.3752033e+04   1.9428903e-16
   3.3751859e+04   3.0531133e-16
   3.3751685e+04   2.6367797e-16
   3.3751510e+04   1.7486013e-15
   3.3751336e+04   6.5225603e-16
   3.3751162e+04   1.5265567e-15
   3.3750987e+04   9.8532293e-16
   3.3750813e+04   1.6098234e-15
   3.3750639e+04   1.7624791e-15
   3.3750464e+04   7.6327833e-16
   3.3750290e+04   1.0824674e-15
   3.3750116e+04   2.7755576e-17
   3.3749942e+04   1.6653345e-16
   3.3749767e+04   1.0824674e-15
   3.3749593e+04   9.1593400e-16
   3.3749419e+04   2.7755576e-17
   3.3749244e+04   9.9920072e-16
   3.3749070e+04   1.5543122e-15
   3.3748896e+04   1.0547119e-15
   3.3748721e+04   1.1657342e-15
   3.3748547e+04   9.4368957e-16
   3.3748373e+04   1.2490009e-16
   3.3748198e+04   1.2004286e-15
   3.3748024e+04   1.3582885e-15
   3.3747850e+04   7.6045940e-16
   3.3747675e+04   4.5481942e-16
   3.3747501e+04   4.3397987e-16
   3.3747327e+04   1.9084367e-15
   3.3747152e+04   3.6521843e-16
   3.3746978e+04   7.1082687e-16
   3.3746804e+04   4.2030120e-16
   3.3746630e+04   1.3622722e-15
   3.3746455e+04   5.0541371e-16
   3.3746281e+04   9.1953537e-16
   3.3746107e+04   1.1476591e-15
   3.3745932e+04   1.4168108e-15
   3.3745758e+04   1.8444346e-15
   3.3745584e+04   5.0523821e-16
   3.3745409e+04   1.7533718e-15
   3.3745235e+04   2.4841240e-15
   3.3745061e+04   2.0539126e-15
   3.3744886e+04   1.7763568e-15
   3.3744712e+04   2.2204460e-15
   3.3744538e+04   1.8274443e-15
   3.3744363e+04   1.4511800e-15
   3.3744189e+04   3.3701196e-16
   3.3744015e+04   1.3357341e-15
   3.3743840e+04   1.6283932e-15
   3.3743666e+04   2.8313491e-16
   3.3743492e+04   1.5577787e-15
   3.3743318e+04   1.9741704e-16
   3.3743143e+04   2.8265629e-16
   3.3742969e+04   2.9824287e-15
   3.3742795e+04   9.1933636e-16
   3.3742620e+04   3.9450561e-18
   3.3742446e+04   7.9613444e-16
   3.3742272e+04   9.6750009e-16
   3.3742097e+04   8.1361885e-16
   3.3741923e+04   6.4545130e-16
   3.3741749e+04   5.4395321e-16
   3.3741574e+04   1.3155302e-15
   3.3741400e+04   4.6939364e-16
   3.3741226e+04   2.2889478e-15
   3.3741051e+04   3.6116092e-16
   3.3740877e+04   4.8613110e-16
   3.3740703e+04   1.4435703e-16
   3.3740528e+04   6.3477162e-16
   3.3740354e+04   5.9456207e-17
   3.3740180e+04   3.4735322e-16
   3.3740006e+04   2.2286165e-16
   3.3739831e+04   4.2422375e-16
   3.3739657e+04   4.1075448e-16
   3.3739483e+04   4.7061921e-16
   3.3739308e+04   1.7129556e-16
   3.3739134e+04   2.1129482e-16
   3.3738960e+04   1.0634190e-15
   3.3738785e+04   1.0231514e-16
   3.3738611e+04   1.2798845e-15
   3.3738437e+04   9.2382411e-16
   3.3738262e+04   6.1062266e-16
   3.3738088e+04   1.9428903e-16
   3.3737914e+04   4.5837357e-16
   3.3737739e+04   1.1020915e-16
   3.3737565e+04   1.1102230e-16
   3.3737391e+04   2.7755576e-17
   3.3737216e+04   3.3306691e-16
   3.3737042e+04   4.4408921e-16
   3.3736868e+04   8.8817842e-16
   3.3736694e+04   1.7763568e-15
   3.3736519e+04   0.0000000e+00
   3.3736345e+04   4.4408921e-16
   3.3736171e+04   8.8817842e-16
   3.3735996e+04   0.0000000e+00
   3.3735822e+04   1.7763568e-15
   3.3735648e+04   0.0000000e+00
   3.3735473e+04   1.7763568e-15
   3.3735299e+04   0.0000000e+00
   3.3735125e+04   0.0000000e+00
   3.3734950e+04   1.7763568e-15
   3.3734776e+04   8.8817842e-16
   3.3734602e+04   0.0000000e+00
   3.3734427e+04   0.0000000e+00
   3.3734253e+04   1.7763568e-15
   3.3734079e+04   8.8817842e-16
   3.3733904e+04   8.8817842e-16
   3.3733730e+04   8.8817842e-16
   3.3733556e+04   0.0000000e+00
   3.3733382e+04   6.6613381e-16
   3.3733207e+04   5.5511151e-16
   3.3733033e+04   1.5543122e-15
   3.3732859e+04   9.4368957e-16
   3.3732684e+04   6.1062266e-16
   3.3732510e+04   9.0205621e-17
   3.3732336e+04   1.5439039e-16
   3.3732161e+04   9.3946118e-16
   3.3731987e+04   4.4043342e-16
   3.3731813e+04   3.8812320e-17
   3.3731638e+04   4.4937819e-16
   3.3731464e+04   1.1104779e-15
   3.3731290e+04   1.2441764e-15
   3.3731115e+04   3.4553693e-16
   3.3730941e+04   1.1390357e-15
   3.3730767e+04   1.0148132e-15
   3.3730592e+04   9.1246455e-16
   3.3730418e+04   1.5404344e-15
   3.3730244e+04   1.1102230e-15
   3.3730070e+04   1.0824674e-15
   3.3729895e+04   2.7616798e-15
   3.3729721e+04   4.9960036e-16
   3.3729547e+04   6.6613381e-16
   3.3729372e+04   1.2906343e-15
   3.3729198e+04   1.6098234e-15
   3.3729024e+04   7.3552275e-16
   3.3728849e+04   7.3552275e-16
   3.3728675e+04   1.2490009e-15
   3.3728501e+04   9.2981178e-16
   3.3728326e+04   1.7069679e-15
   3.3728152e+04   1.3877788e-16
   3.3727978e+04   1.4155344e-15
   3.3727803e+04   2.7755576e-16
   3.3727629e+04   5.2041704e-16
   3.3727455e+04   2.2898350e-16
   3.3727280e+04   2.5673907e-16
   3.3727106e+04   6.2450045e-16
   3.3726932e+04   1.7971735e-15
   3.3726758e+04   2.1857516e-15
   3.3726583e+04   4.5102810e-16
   3.3726409e+04   6.6613381e-16
   3.3726235e+04   1.6237012e-15
   3.3726060e+04   1.6514567e-15
   3.3725886e+04   1.7416624e-15
   3.3725712e+04   3.7296555e-16
   3.3725537e+04   1.8702487e-15
   3.3725363e+04   1.5974940e-15
   3.3725189e+04   7.2576409e-16
   3.3725014e+04   1.2942576e-15
   3.3724840e+04   9.1474344e-17
   3.3724666e+04   6.6954186e-16
   3.3724491e+04   1.0844588e-15
   3.3724317e+04   9.3826339e-17
   3.3724143e+04   2.6831524e-16
   3.3723968e+04   1.1340569e-15
   3.3723794e+04   4.5773798e-16
   3.3723620e+04   7.1321593e-16
   3.3723446e+04   4.2906539e-16
   3.3723271e+04   1.0396550e-15
   3.3723097e+04   1.1680110e-15
   3.3722923e+04   7.6674778e-16
   3.3722748e+04   4.7184479e-16
   3.3722574e+04   4.9960036e-16
   3.3722400e+04   6.1062266e-16
   3.3722225e+04   7.7715612e-16
   3.3722051e+04   1.4432899e-15
   3.3721877e+04   2.4424907e-15
   3.3721702e+04   4.4408921e-16
   3.3721528e+04   1.9984014e-15
   3.3721354e+04   1.2212453e-15
   3.3721179e+04   1.7763568e-15
   3.3721005e+04   1.5543122e-15
   3.3720831e+04   4.4408921e-16
   3.3720656e+04   1.5543122e-15
   3.3720482e+04   1.1657342e-15
   3.3720308e+04   2.7755576e-16
   3.3720133e+04   7.7715612e-16
   3.3719959e+04   1.0547119e-15
   3.3719785e+04   2.2204460e-16
   3.3719611e+04   4.4408921e-16
   3.3719436e+04   7.7715612e-16
   3.3719262e+04   5.5511151e-16
   3.3719088e+04   2.2204460e-16
   3.3718913e+04   3.3306691e-16
   3.3718739e+04   1.1102230e-16
   3.3718565e+04   5.5511151e-17
   3.3718390e+04   1.2212453e-15
   3.3718216e+04   3.0531133e-16
   3.3718042e+04   4.3021142e-16
   3.3717867e+04   2.3592239e-16
   3.3717693e+04   9.6060312e-16
   3.3717519e+04   3.6921827e-16
   3.3717344e+04   8.2175410e-16
   3.3717170e+04   5.4354401e-16
   3.3716996e+04   3.3941738e-16
   3.3716821e+04   7.6428921e-16
   3.3716647e+04   3.9323340e-16
   3.3716473e+04   9.3024595e-16
   3.3716299e+04   1.7132694e-16
   3.3716124e+04   8.0198846e-16
   3.3715950e+04   3.6143043e-16
   3.3715776e+04   1.7237288e-15
   3.3715601e+04   8.8777416e-16
   3.3715427e+04   9.4615732e-17
   3.3715253e+04   4.8483984e-16
   3.3715078e+04   7.8478576e-16
   3.3714904e+04   8.7654262e-16
   3.3714730e+04   6.0625336e-16
   3.3714555e+04   1.0860958e-16
   3.3714381e+04   1.3050103e-15
   3.3714207e+04   3.1675334e-17
   3.3714032e+04   7.6296587e-16
   3.3713858e+04   6.3484008e-16
   3.3713684e+04   1.1415340e-16
   3.3713509e+04   9.4579866e-16
   3.3713335e+04   1.7520155e-16
   3.3713161e+04   7.7370504e-16
   3.3712987e+04   1.3938151e-15
   3.3712812e+04   7.4500055e-16
   3.3712638e+04   5.9372611e-16
   3.3712464e+04   1.4552500e-15
   3.3712289e+04   2.2006132e-16
   3.3712115e+04   2.4110800e-16
   3.3711941e+04   1.1268282e-15
   3.3711766e+04   7.8274195e-16
   3.3711592e+04   5.2750831e-16
   3.3711418e+04   9.3872847e-16
   3.3711243e+04   1.2724797e-15
   3.3711069e+04   1.2490009e-15
   3.3710895e+04   4.1633363e-17
   3.3710720e+04   4.7184479e-16
   3.3710546e+04   1.0685897e-15
   3.3710372e+04   1.0616508e-15
   3.3710197e+04   1.3131857e-15
   3.3710023e+04   2.2768246e-16
   3.3709849e+04   3.2303804e-16
   3.3709675e+04   9.0552904e-17
   3.3709500e+04   1.7819742e-15
   3.3709326e+04   1.9640989e-16
   3.3709152e+04   9.1381631e-16
   3.3708977e+04   6.3870858e-16
   3.3708803e+04   2.5379818e-16
   3.3708629e+04   6.4358241e-16
   3.3708454e+04   1.1050189e-15
   3.3708280e+04   1.9428903e-16
   3.3708106e+04   1.4710455e-15
   3.3707931e+04   6.1062266e-16
   3.3707757e+04   1.1102230e-16
   3.3707583e+04   2.2204460e-16
   3.3707408e+04   8.8817842e-16
   3.3707234e+04   1.9984014e-15
   3.3707060e+04   3.3306691e-16
   3.3706885e+04   5.5511151e-16
   3.3706711e+04   2.7755576e-16
   3.3706537e+04   1.1102230e-16
   3.3706363e+04   6.1062266e-16
   3.3706188e+04   1.4155344e-15
   3.3706014e+04   1.0547119e-15
   3.3705840e+04   2.3314684e-15
   3.3705665e+04   1.4988011e-15
   3.3705491e+04   1.1657342e-15
   3.3705317e+04   1.7763568e-15
   3.3705142e+04   3.6637360e-15
   3.3704968e+04   2.2204460e-15
   3.3704794e+04   1.9984014e-15
   3.3704619e+04   2.8865799e-15
   3.3704445e+04   2.7755576e-15
   3.3704271e+04   1.8873791e-15
   3.3704096e+04   2.3314684e-15
   3.3703922e+04   1.1102230e-15
   3.3703748e+04   1.1102230e-15
   3.3703573e+04   1.2490009e-15
   3.3703399e+04   1.8873791e-15
   3.3703225e+04   1.2598429e-15
   3.3703051e+04   1.0733602e-17
   3.3702876e+04   1.1278693e-15
   3.3702702e+04   7.8385414e-16
   3.3702528e+04   5.2295999e-16
   3.3702353e+04   1.2381828e-15
   3.3702179e+04   3.0134376e-16
   3.3702005e+04   7.2389399e-16
   3.3701830e+04   1.1437919e-15
   3.3701656e+04   2.0575140e-15
   3.3701482e+04   1.2864372e-15
   3.3701307e+04   8.4782132e-16
   3.3701133e+04   2.7048566e-15
   3.3700959e+04   2.2815781e-15
   3.3700784e+04   1.2539340e-15
   3.3700610e+04   1.0174153e-15
   3.3700436e+04   2.2204460e-15
   3.3700261e+04   1.7624791e-15
   3.3700087e+04   8.3266727e-16
   3.3699913e+04   1.1102230e-15
   3.3699739e+04   5.5511151e-16
   3.3699564e+04   3.3306691e-16
   3.3699390e+04   8.8817842e-16
   3.3699216e+04   1.3322676e-15
   3.3699041e+04   4.4408921e-16
   3.3698867e+04   2.2204460e-16
   3.3698693e+04   5.5511151e-16
   3.3698518e+04   1.1102230e-16
   3.3698344e+04   1.5126789e-15
   3.3698170e+04   1.0616508e-15
   3.3697995e+04   6.6613381e-16
   3.3697821e+04   5.1347815e-16
   3.3697647e+04   1.1379786e-15
   3.3697472e+04   8.8817842e-16
   3.3697298e+04   1.2212453e-15
   3.3697124e+04   4.9960036e-16
   3.3696949e+04   8.3266727e-16
   3.3696775e+04   1.1102230e-15
   3.3696601e+04   1.3322676e-15
   3.3696427e+04   7.2164497e-16
   3.3696252e+04   3.3306691e-16
   3.3696078e+04   9.1593400e-16
   3.3695904e+04   3.3306691e-16
   3.3695729e+04   1.6653345e-16
   3.3695555e+04   5.8286709e-16
   3.3695381e+04   8.3266727e-17
   3.3695206e+04   6.3837824e-16
   3.3695032e+04   4.1633363e-16
   3.3694858e+04   9.0205621e-16
   3.3694683e+04   9.7144515e-16
   3.3694509e+04   7.0776718e-16
   3.3694335e+04   4.7184479e-16
   3.3694160e+04   9.1593400e-16
   3.3693986e+04   1.8596236e-15
   3.3693812e+04   2.4980018e-16
   3.3693637e+04   1.2212453e-15
   3.3693463e+04   8.0491169e-16
   3.3693289e+04   4.7184479e-16
   3.3693115e+04   6.9388939e-16
   3.3692940e+04   5.2735594e-16
   3.3692766e+04   4.1633363e-16
   3.3692592e+04   0.0000000e+00
   3.3692417e+04   7.4940054e-16
   3.3692243e+04   4.9960036e-16
   3.3692069e+04   3.8857806e-16
   3.3691894e+04   5.5511151e-16
   3.3691720e+04   9.4368957e-16
   3.3691546e+04   0.0000000e+00
   3.3691371e+04   0.0000000e+00
   3.3691197e+04   6.6613381e-16
   3.3691023e+04   1.7763568e-15
   3.3690848e+04   1.2212453e-15
   3.3690674e+04   1.3322676e-15
   3.3690500e+04   2.3869795e-15
   3.3690325e+04   1.0269563e-15
   3.3690151e+04   1.4988011e-15
   3.3689977e+04   8.3266727e-17
   3.3689803e+04   1.6653345e-15
   3.3689628e+04   4.4408921e-16
   3.3689454e+04   9.9920072e-16
   3.3689280e+04   4.4408921e-16
   3.3689105e+04   4.9960036e-16
   3.3688931e+04   1.1657342e-15
   3.3688757e+04   1.9428903e-16
   3.3688582e+04   2.6367797e-16
   3.3688408e+04   1.1379786e-15
   3.3688234e+04   1.2906343e-15
   3.3688059e+04   7.1470607e-16
   3.3687885e+04   1.0737938e-15
   3.3687711e+04   2.1393477e-15
   3.3687536e+04   1.3627337e-15
   3.3687362e+04   1.9881811e-15
   3.3687188e+04   2.0012227e-15
   3.3687013e+04   2.8812909e-15
   3.3686839e+04   1.9153896e-15
   3.3686665e+04   1.1192761e-15
   3.3686491e+04   2.5271668e-15
   3.3686316e+04   1.7774410e-15
   3.3686142e+04   2.0278917e-15
   3.3685968e+04   1.2767565e-15
   3.3685793e+04   9.7144515e-16
   3.3685619e+04   8.3266727e-16
   3.3685445e+04   9.9920072e-16
   3.3685270e+04   1.3322676e-15
   3.3685096e+04   4.4408921e-16
   3.3684922e+04   1.1102230e-15
   3.3684747e+04   1.8873791e-15
   3.3684573e+04   2.3314684e-15
   3.3684399e+04   1.9428903e-15
   3.3684224e+04   5.5511151e-16
   3.3684050e+04   1.6098234e-15
   3.3683876e+04   1.9428903e-16
   3.3683701e+04   1.6098234e-15
   3.3683527e+04   2.2204460e-15
   3.3683353e+04   4.9960036e-16
   3.3683179e+04   9.4368957e-16
   3.3683004e+04   1.3322676e-15
   3.3682830e+04   1.1102230e-16
   3.3682656e+04   8.8817842e-16
   3.3682481e+04   2.2204460e-16
   3.3682307e+04   1.1102230e-15
   3.3682133e+04   9.9920072e-16
   3.3681958e+04   5.5511151e-16
   3.3681784e+04   1.2212453e-15
   3.3681610e+04   6.6613381e-16
   3.3681435e+04   9.4368957e-16
   3.3681261e+04   5.8286709e-16
   3.3681087e+04   8.7430063e-16
   3.3680912e+04   2.1120258e-16
   3.3680738e+04   1.6776673e-15
   3.3680564e+04   2.0497935e-15
   3.3680389e+04   2.0454353e-16
   3.3680215e+04   2.1289717e-15
   3.3680041e+04   1.8284600e-15
   3.3679867e+04   6.0863130e-16
   3.3679692e+04   2.2653976e-15
   3.3679518e+04   8.5118232e-16
   3.3679344e+04   1.3005904e-15
   3.3679169e+04   2.4283838e-15
   3.3678995e+04   1.4100856e-15
   3.3678821e+04   2.5384891e-15
   3.3678646e+04   1.5947631e-15
   3.3678472e+04   2.8843572e-15
   3.3678298e+04   1.5916088e-15
   3.3678123e+04   6.9388939e-16
   3.3677949e+04   1.0130785e-15
   3.3677775e+04   3.3306691e-15
   3.3677600e+04   1.9984014e-15
   3.3677426e+04   1.1102230e-16
   3.3677252e+04   1.7763568e-15
   3.3677077e+04   0.0000000e+00
   3.3676903e+04   6.6613381e-16
   3.3676729e+04   7.7715612e-16
   3.3676554e+04   4.4408921e-16
   3.3676380e+04   1.5543122e-15
   3.3676206e+04   6.6613381e-16
   3.3676032e+04   1.1102230e-15
   3.3675857e+04   1.2767565e-15
   3.3675683e+04   2.1649349e-15
   3.3675509e+04   7.7715612e-16
   3.3675334e+04   1.3877788e-15
   3.3675160e+04   1.9984014e-15
   3.3674986e+04   1.1102230e-15
   3.3674811e+04   1.8873791e-15
   3.3674637e+04   1.4432899e-15
   3.3674463e+04   6.6613381e-16
   3.3674288e+04   1.8873791e-15
   3.3674114e+04   5.5511151e-16
   3.3673940e+04   1.8318680e-15
   3.3673765e+04   9.9920072e-16
   3.3673591e+04   1.0269563e-15
   3.3673417e+04   1.4294121e-15
   3.3673242e+04   4.1286419e-16
   3.3673068e+04   9.6710834e-17
   3.3672894e+04   1.0146438e-15
   3.3672720e+04   4.4606110e-16
   3.3672545e+04   8.4515042e-16
   3.3672371e+04   1.0561067e-15
   3.3672197e+04   1.8496908e-15
   3.3672022e+04   7.8307370e-16
   3.3671848e+04   1.4912494e-15
   3.3671674e+04   1.7200286e-15
   3.3671499e+04   6.3477162e-16
   3.3671325e+04   1.9149945e-16
   3.3671151e+04   2.1288106e-15
   3.3670976e+04   2.6390906e-15
   3.3670802e+04   2.4265702e-15
   3.3670628e+04   1.9828896e-15
   3.3670453e+04   2.4543258e-15
   3.3670279e+04   2.3825558e-15
   3.3670105e+04   3.1109354e-15
   3.3669930e+04   2.9678040e-15
   3.3669756e+04   2.3413310e-15
   3.3669582e+04   3.4856357e-15
   3.3669408e+04   3.2055297e-15
   3.3669233e+04   1.3243074e-15
   3.3669059e+04   1.4639024e-15
   3.3668885e+04   1.8084660e-15
   3.3668710e+04   2.1903094e-15
   3.3668536e+04   2.5765064e-15
   3.3668362e+04   1.0000178e-15
   3.3668187e+04   9.3249021e-17
   3.3668013e+04   1.9010467e-16
   3.3667839e+04   1.2632872e-15
   3.3667664e+04   4.1534737e-16
   3.3667490e+04   7.2575924e-16
   3.3667316e+04   1.0313219e-16
   3.3667141e+04   6.2055540e-16
   3.3666967e+04   2.4548044e-15
   3.3666793e+04   9.6192094e-16
   3.3666618e+04   1.7469792e-16
   3.3666444e+04   1.1102230e-15
   3.3666270e+04   1.6653345e-15
   3.3666096e+04   1.4432899e-15
   3.3665921e+04   6.1062266e-16
   3.3665747e+04   2.2204460e-15
   3.3665573e+04   2.1441182e-15
   3.3665398e+04   1.0911411e-15
   3.3665224e+04   1.2660229e-15
   3.3665050e+04   1.0057906e-15
   3.3664875e+04   1.0186956e-15
   3.3664701e+04   6.6825468e-16
   3.3664527e+04   9.4157188e-16
   3.3664352e+04   1.3458153e-15
   3.3664178e+04   1.0114420e-16
   3.3664004e+04   2.0590897e-15
   3.3663829e+04   7.0256301e-16
   3.3663655e+04   1.3912482e-15
   3.3663481e+04   1.2490009e-16
   3.3663306e+04   7.7715612e-16
   3.3663132e+04   1.1379786e-15
   3.3662958e+04   1.4849233e-15
   3.3662784e+04   2.1094237e-15
   3.3662609e+04   1.6653345e-15
   3.3662435e+04   2.4008573e-15
   3.3662261e+04   9.4368957e-16
   3.3662086e+04   1.7347235e-15
   3.3661912e+04   3.2057690e-15
   3.3661738e+04   3.5804693e-15
   3.3661563e+04   2.4563684e-15
   3.3661389e+04   2.0400348e-15
   3.3661215e+04   2.4147351e-15
   3.3661040e+04   2.5812685e-15
   3.3660866e+04   1.6098234e-15
   3.3660692e+04   1.9220736e-15
   3.3660517e+04   2.2135072e-15
   3.3660343e+04   5.3429483e-16
   3.3660169e+04   2.5673907e-15
   3.3659994e+04   9.0899510e-16
   3.3659820e+04   3.0739300e-15
   3.3659646e+04   6.7307271e-16
   3.3659472e+04   3.3306691e-15
   3.3659297e+04   4.0245585e-16
   3.3659123e+04   3.4833247e-15
   3.3658949e+04   5.8980598e-16
   3.3658774e+04   4.4669130e-15
   3.3658600e+04   1.0436530e-15
   3.3658426e+04   4.3961112e-15
   3.3658251e+04   1.9807552e-15
   3.3658077e+04   5.0448167e-15
   3.3657903e+04   4.3532294e-15
   3.3657728e+04   6.3113338e-15
   3.3657554e+04   7.2204172e-15
   3.3657380e+04   1.0628136e-14
   3.3657205e+04   1.1163555e-14
   3.3657031e+04   1.3596631e-14
   3.3656857e+04   1.5580559e-14
   3.3656682e+04   1.9344360e-14
   3.3656508e+04   2.2078248e-14
   3.3656334e+04   2.8360574e-14
   3.3656160e+04   3.3505859e-14
   3.3655985e+04   4.0311504e-14
   3.3655811e+04   4.8128168e-14
   3.3655637e+04   6.3227201e-14
   3.3655462e+04   7.0554673e-14
   3.3655288e+04   9.1571630e-14
   3.3655114e+04   1.0566676e-13
   3.3654939e+04   1.3773789e-13
   3.3654765e+04   1.5878048e-13
   3.3654591e+04   2.0451728e-13
   3.3654416e+04   2.4476386e-13
   3.3654242e+04   3.1082555e-13
   3.3654068e+04   3.7499129e-13
   3.3653893e+04   4.7088231e-13
   3.3653719e+04   5.7416971e-13
   3.3653545e+04   7.1703605e-13
   3.3653370e+04   8.7935434e-13
   3.3653196e+04   1.0858798e-12
   3.3653022e+04   1.3237978e-12
   3.3652848e+04   1.6143531e-12
   3.3652673e+04   1.9265558e-12
   3.3652499e+04   2.2627528e-12
   3.3652325e+04   2.5516929e-12
   3.3652150e+04   2.7091843e-12
   3.3651976e+04   2.4879690e-12
   3.3651802e+04   1.4881910e-12
   3.3651627e+04   1.1537928e-12
   3.3651453e+04   7.0338194e-12
   3.3651279e+04   1.9346078e-11
   3.3651104e+04   4.4309472e-11
   3.3650930e+04   9.4522459e-11
   3.3650756e+04   1.9570412e-10
   3.3650581e+04   4.0220440e-10
   3.3650407e+04   8.3211940e-10
   3.3650233e+04   1.7524920e-09
   3.3650058e+04   3.7943398e-09
   3.3649884e+04   8.5308830e-09
   3.3649710e+04   2.0141107e-08
   3.3649536e+04   5.0611018e-08
   3.3649361e+04   1.3770582e-07
   3.3649187e+04   4.1529930e-07
   3.3649013e+04   1.4362267e-06
   3.3648838e+04   6.0105667e-06
   3.3648664e+04   3.3558243e-05
   3.3648490e+04   3.1396768e-04
   3.3648315e+04   1.7796364e-02
   3.3648141e+04   1.7833834e-01
   3.3647967e+04   7.4985075e-01
   3.3647792e+04   1.8611032e+00
   3.3647618e+04   3.1472684e+00
   3.3647444e+04   4.1759829e+00
   3.3647269e+04   5.3447657e+00
   3.3647095e+04   7.4563853e+00
   3.3646921e+04   1.0059492e+01
   3.3646746e+04   1.1546187e+01
   3.3646572e+04   1.1627891e+01
   3.3646398e+04   1.2061884e+01
   3.3646224e+04   1.3739902e+01
   3.3646049e+04   1.4932479e+01
   3.3645875e+04   1.4170646e+01
   3.3645701e+04   1.2992960e+01
   3.3645526e+04   1.3504423e+01
   3.3645352e+04   1.4796358e+01
   3.3645178e+04   1.4501097e+01
   3.3645003e+04   1.2744036e+01
   3.3644829e+04   1.1668937e+01
   3.3644655e+04   1.1678050e+01
   3.3644480e+04   1.0965813e+01
   3.3644306e+04   8.6981074e+00
   3.3644132e+04   6.1909199e+00
   3.3643957e+04   4.6430073e+00
   3.3643783e+04   3.6576475e+00
   3.3643609e+04   2.4730311e+00
   3.3643434e+04   1.2087164e+00
   3.3643260e+04   3.7575485e-01
   3.3643086e+04   6.0445526e-02
   3.3642912e+04   2.1050068e-03
   3.3642737e+04   1.6167904e-04
   3.3642563e+04   2.7364390e-05
   3.3642389e+04   6.7418556e-06
   3.3642214e+04   2.0991146e-06
   3.3642040e+04   7.6955819e-07
   3.3641866e+04   3.1858518e-07
   3.3641691e+04   1.4492893e-07
   3.3641517e+04   7.1092853e-08
   3.3641343e+04   3.7093142e-08
   3.3641168e+04   2.0375439e-08
   3.3640994e+04   1.1690871e-08
   3.3640820e+04   6.9636003e-09
   3.3640645e+04   4.2848608e-09
   3.3640471e+04   2.7129621e-09
   3.3640297e+04   1.7619015e-09
   3.3640122e+04   1.1707317e-09
   3.3639948e+04   7.9443183e-10
   3.3639774e+04   5.4983444e-10
   3.3639600e+04   3.8797573e-10
   3.3639425e+04   2.7926218e-10
   3.3639251e+04   2.0550800e-10
   3.3639077e+04   1.5524589e-10
   3.3638902e+04   1.2130046e-10
   3.3638728e+04   9.9029701e-11
   3.3638554e+04   8.5673829e-11
   3.3638379e+04   7.9550977e-11
   3.3638205e+04   8.0091794e-11
   3.3638031e+04   8.7386737e-11
   3.3637856e+04   1.0261422e-10
   3.3637682e+04   1.2786450e-10
   3.3637508e+04   1.6699431e-10
   3.3637333e+04   2.2604058e-10
   3.3637159e+04   3.1499686e-10
   3.3636985e+04   4.4992327e-10
   3.3636810e+04   6.5762933e-10
   3.3636636e+04   9.8327677e-10
   3.3636462e+04   1.5054843e-09
   3.3636288e+04   2.3646500e-09
   3.3636113e+04   3.8204449e-09
   3.3635939e+04   6.3709709e-09
   3.3635765e+04   1.1013630e-08
   3.3635590e+04   1.9844543e-08
   3.3635416e+04   3.7523386e-08
   3.3635242e+04   7.5109270e-08
   3.3635067e+04   1.6096709e-07
   3.3634893e+04   3.7498374e-07
   3.3634719e+04   9.6969145e-07
   3.3634544e+04   2.8698214e-06
   3.3634370e+04   1.0194495e-05
   3.3634196e+04   4.7238334e-05
   3.3634021e+04   3.4130570e-04
   3.3633847e+04   7.4594797e-03
   3.3633673e+04   1.0984205e-01
   3.3633498e+04   5.4939899e-01
   3.3633324e+04   1.5360628e+00
   3.3633150e+04   2.8340515e+00
   3.3632975e+04   3.9340778e+00
   3.3632801e+04   4.9793868e+00
   3.3632627e+04   6.8184041e+00
   3.3632453e+04   9.4377483e+00
   3.3632278e+04   1.1338053e+01
   3.3632104e+04   1.1665256e+01
   3.3631930e+04   1.1824245e+01
   3.3631755e+04   1.3260869e+01
   3.3631581e+04   1.4808356e+01
   3.3631407e+04   1.4523189e+01
   3.3631232e+04   1.3188770e+01
   3.3631058e+04   1.3209387e+01
   3.3630884e+04   1.4548438e+01
   3.3630709e+04   1.4791108e+01
   3.3630535e+04   1.3221060e+01
   3.3630361e+04   1.1808889e+01
   3.3630186e+04   1.1667812e+01
   3.3630012e+04   1.1315285e+01
   3.3629838e+04   9.3837185e+00
   3.3629663e+04   6.7684011e+00
   3.3629489e+04   4.9520093e+00
   3.3629315e+04   3.9138597e+00
   3.3629141e+04   2.8074176e+00
   3.3628966e+04   1.5102704e+00
   3.3628792e+04   5.3471167e-01
   3.3628618e+04   1.0528968e-01
   3.3628443e+04   6.8818139e-03
   3.3628269e+04   3.3065500e-04
   3.3628095e+04   4.6516862e-05
   3.3627920e+04   1.0145648e-05
   3.3627746e+04   2.8794516e-06
   3.3627572e+04   9.7952385e-07
   3.3627397e+04   3.8097654e-07
   3.3627223e+04   1.6436398e-07
   3.3627049e+04   7.7034926e-08
   3.3626874e+04   3.8637011e-08
   3.3626700e+04   2.0505117e-08
   3.3626526e+04   1.1415855e-08
   3.3626351e+04   6.6220678e-09
   3.3626177e+04   3.9809243e-09
   3.3626003e+04   2.4694225e-09
   3.3625829e+04   1.5752834e-09
   3.3625654e+04   1.0306070e-09
   3.3625480e+04   6.9028904e-10
   3.3625306e+04   4.7280379e-10
   3.3625131e+04   3.3127571e-10
   3.3624957e+04   2.3778403e-10
   3.3624783e+04   1.7559015e-10
   3.3624608e+04   1.3425946e-10
   3.3624434e+04   1.0744252e-10
   3.3624260e+04   9.1131896e-11
   3.3624085e+04   8.3059592e-11
   3.3623911e+04   8.2026993e-11
   3.3623737e+04   8.7830751e-11
   3.3623562e+04   1.0108720e-10
   3.3623388e+04   1.2341199e-10
   3.3623214e+04   1.5766518e-10
   3.3623039e+04   2.0848607e-10
   3.3622865e+04   2.8324377e-10
   3.3622691e+04   3.9355971e-10
   3.3622517e+04   5.5803983e-10
   3.3622342e+04   8.0687558e-10
   3.3622168e+04   1.1902139e-09
   3.3621994e+04   1.7932481e-09
   3.3621819e+04   2.7649016e-09
   3.3621645e+04   4.3735559e-09
   3.3621471e+04   7.1202097e-09
   3.3621296e+04   1.1977855e-08
   3.3621122e+04   2.0924001e-08
   3.3620948e+04   3.8193860e-08
   3.3620773e+04   7.3430542e-08
   3.3620599e+04   1.5024038e-07
   3.3620425e+04   3.3168305e-07
   3.3620250e+04   8.0531874e-07
   3.3620076e+04   2.2103900e-06
   3.3619902e+04   7.1546460e-06
   3.3619727e+04   2.9337375e-05
   3.3619553e+04   1.7595443e-04
   3.3619379e+04   2.3669302e-03
   3.3619205e+04   6.3492136e-02
   3.3619030e+04   3.8773672e-01
   3.3618856e+04   1.2335357e+00
   3.3618682e+04   2.5033510e+00
   3.3618507e+04   3.6830034e+00
   3.3618333e+04   4.6713351e+00
   3.3618159e+04   6.2417991e+00
   3.3617984e+04   8.7640981e+00
   3.3617810e+04   1.1010144e+01
   3.3617636e+04   1.1690695e+01
   3.3617461e+04   1.1688743e+01
   3.3617287e+04   1.2794395e+01
   3.3617113e+04   1.4544220e+01
   3.3616938e+04   1.4795326e+01
   3.3616764e+04   1.3491096e+01
   3.3616590e+04   1.3017489e+01
   3.3616415e+04   1.4215824e+01
   3.3616241e+04   1.4943150e+01
   3.3616067e+04   1.3715323e+01
   3.3615893e+04   1.2050815e+01
   3.3615718e+04   1.1642230e+01
   3.3615544e+04   1.1545174e+01
   3.3615370e+04   1.0021548e+01
   3.3615195e+04   7.4098771e+00
   3.3615021e+04   5.3177753e+00
   3.3614847e+04   4.1604223e+00
   3.3614672e+04   3.1256229e+00
   3.3614498e+04   1.8357682e+00
   3.3614324e+04   7.3272462e-01
   3.3614149e+04   1.7194482e-01
   3.3613975e+04   1.6701475e-02
   3.3613801e+04   3.3331599e-04
   3.3613626e+04   3.6711015e-05
   3.3613452e+04   6.7449459e-06
   3.3613278e+04   1.6543288e-06
   3.3613103e+04   4.9218598e-07
   3.3612929e+04   1.6850437e-07
   3.3612755e+04   6.4233496e-08
   3.3612581e+04   2.6663157e-08
   3.3612406e+04   1.1862444e-08
   3.3612232e+04   5.5905189e-09
   3.3612058e+04   2.7661298e-09
   3.3611883e+04   1.4269634e-09
   3.3611709e+04   7.6332743e-10
   3.3611535e+04   4.2153604e-10
   3.3611360e+04   2.3950045e-10
   3.3611186e+04   1.3956833e-10
   3.3611012e+04   8.3263937e-11
   3.3610837e+04   5.0725452e-11
   3.3610663e+04   3.1543657e-11
   3.3610489e+04   1.9964808e-11
   3.3610314e+04   1.2886026e-11
   3.3610140e+04   8.4415253e-12
   3.3609966e+04   5.6422089e-12
   3.3609791e+04   3.8162251e-12
   3.3609617e+04   2.6421088e-12
   3.3609443e+04   1.8416380e-12
   3.3609269e+04   1.3216095e-12
   3.3609094e+04   9.4872721e-13
   3.3608920e+04   7.0472100e-13
   3.3608746e+04   5.1869620e-13
   3.3608571e+04   4.0302484e-13
   3.3608397e+04   3.0142555e-13
   3.3608223e+04   2.4352742e-13
   3.3608048e+04   1.8673951e-13
   3.3607874e+04   1.5487611e-13
   3.3607700e+04   1.2007062e-13
   3.3607525e+04   1.0458301e-13
   3.3607351e+04   7.9325435e-14
   3.3607177e+04   7.3607787e-14
   3.3607002e+04   5.4789506e-14
   3.3606828e+04   5.2541305e-14
   3.3606654e+04   4.0856207e-14
   3.3606479e+04   3.8802295e-14
   3.3606305e+04   2.8782532e-14
   3.3606131e+04   2.9892755e-14
   3.3605957e+04   1.9567681e-14
   3.3605782e+04   2.3953062e-14
   3.3605608e+04   1.3863910e-14
   3.3605434e+04   2.0788926e-14
   3.3605259e+04   8.5625951e-15
   3.3605085e+04   1.5515367e-14
   3.3604911e+04   7.3552275e-15
   3.3604736e+04   1.3905543e-14
   3.3604562e+04   3.6359804e-15
   3.3604388e+04   1.0713652e-14
   3.3604213e+04   5.4123372e-15
   3.3604039e+04   7.9103391e-15
   3.3603865e+04   3.0253577e-15
   3.3603690e+04   6.0784711e-15
   3.3603516e+04   3.5804693e-15
   3.3603342e+04   4.1078252e-15
   3.3603167e+04   3.0808689e-15
   3.3602993e+04   1.7763568e-15
   3.3602819e+04   4.7739590e-15
   3.3602645e+04   3.3306691e-16
   3.3602470e+04   4.9960036e-15
   3.3602296e+04   2.6090241e-15
   3.3602122e+04   3.8857806e-15
   3.3601947e+04   2.8310687e-15
   3.3601773e+04   4.5241588e-15
   3.3601599e+04   1.4432899e-15
   3.3601424e+04   3.6637360e-15
   3.3601250e+04   9.4368957e-16
   3.3601076e+04   3.6359804e-15
   3.3600901e+04   8.3266727e-16
   3.3600727e+04   1.1934898e-15
   3.3600553e+04   5.5511151e-16
   3.3600378e+04   1.6653345e-15
   3.3600204e+04   4.4408921e-16
   3.3600030e+04   4.9960036e-16
   3.3599855e+04   9.4368957e-16
   3.3599681e+04   7.4940054e-16
   3.3599507e+04   1.1102230e-15
   3.3599333e+04   1.6306401e-15
   3.3599158e+04   2.7061686e-16
   3.3598984e+04   1.9428903e-16
   3.3598810e+04   1.0547119e-15
   3.3598635e+04   3.9551695e-16
   3.3598461e+04   1.0430025e-15
   3.3598287e+04   9.7415565e-16
   3.3598112e+04   8.1550808e-16
   3.3597938e+04   1.8670194e-16
   3.3597764e+04   3.5553350e-16
   3.3597589e+04   1.6331896e-16
   3.3597415e+04   3.0742553e-16
   3.3597241e+04   2.0802587e-15
   3.3597066e+04   1.2548556e-15
   3.3596892e+04   5.0306981e-16
   3.3596718e+04   1.2212453e-15
   3.3596543e+04   1.6098234e-15
   3.3596369e+04   2.6645353e-15
   3.3596195e+04   2.8865799e-15
   3.3596021e+04   2.4424907e-15
   3.3595846e+04   2.4424907e-15
   3.3595672e+04   3.1086245e-15
   3.3595498e+04   3.1086245e-15
   3.3595323e+04   1.3322676e-15
   3.3595149e+04   2.2204460e-15
   3.3594975e+04   2.2204460e-15
   3.3594800e+04   8.8817842e-16
   3.3594626e+04   8.8817842e-16
   3.3594452e+04   0.0000000e+00
   3.3594277e+04   8.8817842e-16
   3.3594103e+04   8.8817842e-16
   3.3593929e+04   1.7763568e-15
   3.3593754e+04   0.0000000e+00
   3.3593580e+04   4.4408921e-16
   3.3593406e+04   8.8817842e-16
   3.3593231e+04   1.7763568e-15
   3.3593057e+04   1.3322676e-15
   3.3592883e+04   1.9984014e-15
   3.3592709e+04   1.5543122e-15
   3.3592534e+04   8.8817842e-16
   3.3592360e+04   1.2212453e-15
   3.3592186e+04   1.8873791e-15
   3.3592011e+04   1.6930901e-15
   3.3591837e+04   1.4849233e-15
   3.3591663e+04   1.2663481e-15
   3.3591488e+04   1.8442008e-15
   3.3591314e+04   1.7167257e-15
   3.3591140e+04   2.2584562e-15
   3.3590965e+04   2.4342831e-15
   3.3590791e+04   2.3835715e-15
   3.3590617e+04   2.3294770e-15
   3.3590442e+04   2.3764199e-15
   3.3590268e+04   1.8503830e-15
   3.3590094e+04   1.9944798e-15
   3.3589919e+04   7.6304931e-16
   3.3589745e+04   8.6587160e-16
   3.3589571e+04   5.4365116e-17
   3.3589396e+04   1.4861058e-15
   3.3589222e+04   4.6018961e-16
   3.3589048e+04   1.0312931e-15
   3.3588874e+04   2.2204460e-15
   3.3588699e+04   2.1510571e-15
   3.3588525e+04   1.9151347e-15
   3.3588351e+04   1.7763568e-15
   3.3588176e+04   1.9984014e-15
   3.3588002e+04   3.5527137e-15
   3.3587828e+04   1.3322676e-15
   3.3587653e+04   1.7763568e-15
   3.3587479e+04   1.7763568e-15
   3.3587305e+04   1.7763568e-15
   3.3587130e+04   2.6645353e-15
   3.3586956e+04   1.7763568e-15
   3.3586782e+04   8.8817842e-16
   3.3586607e+04   1.3322676e-15
   3.3586433e+04   2.2204460e-15
   3.3586259e+04   8.8817842e-16
   3.3586084e+04   0.0000000e+00
   3.3585910e+04   0.0000000e+00
   3.3585736e+04   0.0000000e+00
   3.3585562e+04   1.3322676e-15
   3.3585387e+04   0.0000000e+00
   3.3585213e+04   1.3322676e-15
   3.3585039e+04   4.4408921e-16
   3.3584864e+04   0.0000000e+00
   3.3584690e+04   5.5511151e-16
   3.3584516e+04   4.4408921e-16
   3.3584341e+04   5.5511151e-17
   3.3584167e+04   1.1102230e-15
   3.3583993e+04   1.1934898e-15
   3.3583818e+04   1.7997756e-16
   3.3583644e+04   9.5572422e-17
   3.3583470e+04   2.5177207e-16
   3.3583295e+04   8.1739484e-16
   3.3583121e+04   3.5942763e-16
   3.3582947e+04   1.7646619e-16
   3.3582772e+04   7.8307370e-16
   3.3582598e+04   1.3122620e-16
   3.3582424e+04   2.7673871e-16
   3.3582250e+04   1.3009054e-15
   3.3582075e+04   8.2987769e-16
   3.3581901e+04   6.3000951e-16
   3.3581727e+04   1.4178453e-15
   3.3581552e+04   1.0110359e-15
   3.3581378e+04   7.8939981e-16
   3.3581204e+04   6.7796898e-16
   3.3581029e+04   5.3681005e-16
   3.3580855e+04   1.0986562e-15
   3.3580681e+04   1.1359360e-15
   3.3580506e+04   4.6782964e-16
   3.3580332e+04   2.2435557e-16
   3.3580158e+04   2.2180530e-16
   3.3579983e+04   3.4102711e-16
   3.3579809e+04   6.3164361e-16
   3.3579635e+04   1.0919917e-15
   3.3579460e+04   1.7093490e-15
   3.3579286e+04   2.7525641e-15
   3.3579112e+04   2.0947289e-15
   3.3578938e+04   9.6754965e-16
   3.3578763e+04   2.2622897e-16
   3.3578589e+04   2.4939166e-16
   3.3578415e+04   3.7568653e-16
   3.3578240e+04   1.4335264e-15
   3.3578066e+04   8.2667959e-16
   3.3577892e+04   1.0586569e-15
   3.3577717e+04   1.6668985e-15
   3.3577543e+04   5.5075793e-16
   3.3577369e+04   7.0654161e-16
   3.3577194e+04   1.3322676e-15
   3.3577020e+04   2.2204460e-16
   3.3576846e+04   1.4432899e-15
   3.3576671e+04   1.8873791e-15
   3.3576497e+04   1.2212453e-15
   3.3576323e+04   9.4368957e-16
   3.3576148e+04   2.5847380e-16
   3.3575974e+04   1.8211344e-15
   3.3575800e+04   3.9516459e-16
   3.3575626e+04   9.3542846e-16
   3.3575451e+04   1.6119444e-15
   3.3575277e+04   1.5799501e-15
   3.3575103e+04   1.3180597e-15
   3.3574928e+04   7.3952244e-16
   3.3574754e+04   1.5178559e-15
   3.3574580e+04   1.4519635e-15
   3.3574405e+04   6.2796990e-16
   3.3574231e+04   1.5265567e-16
   3.3574057e+04   1.3600232e-15
   3.3573882e+04   3.8857806e-16
   3.3573708e+04   7.4940054e-16
   3.3573534e+04   4.7184479e-16
   3.3573359e+04   4.1633363e-16
   3.3573185e+04   8.4654506e-16
   3.3573011e+04   5.2735594e-16
   3.3572836e+04   1.5265567e-16
   3.3572662e+04   8.3266727e-17
   3.3572488e+04   1.3877788e-17
   3.3572314e+04   3.8857806e-16
   3.3572139e+04   1.5959456e-15
   3.3571965e+04   9.8532293e-16
   3.3571791e+04   8.3266727e-17
   3.3571616e+04   4.7184479e-16
   3.3571442e+04   8.3266727e-16
   3.3571268e+04   6.9388939e-16
   3.3571093e+04   1.9428903e-16
   3.3570919e+04   1.1379786e-15
   3.3570745e+04   1.2212453e-15
   3.3570570e+04   7.7715612e-16
   3.3570396e+04   2.7755576e-16
   3.3570222e+04   4.9960036e-16
   3.3570047e+04   1.6653345e-16
   3.3569873e+04   6.2450045e-16
   3.3569699e+04   1.2975732e-15
   3.3569524e+04   7.4766582e-16
   3.3569350e+04   2.6085904e-16
   3.3569176e+04   8.7744821e-16
   3.3569002e+04   6.5620489e-17
   3.3568827e+04   7.0058741e-16
   3.3568653e+04   8.6481879e-16
   3.3568479e+04   6.2144076e-16
   3.3568304e+04   3.1723144e-17
   3.3568130e+04   1.4102691e-16
   3.3567956e+04   9.4950292e-16
   3.3567781e+04   1.1970911e-15
   3.3567607e+04   3.7436209e-17
   3.3567433e+04   9.1465752e-16
   3.3567258e+04   8.7561353e-16
   3.3567084e+04   2.8318005e-16
   3.3566910e+04   6.8911890e-16
   3.3566735e+04   6.2103100e-16
   3.3566561e+04   1.4988011e-15
   3.3566387e+04   1.6653345e-15
   3.3566212e+04   5.5511151e-16
   3.3566038e+04   6.0619899e-16
   3.3565864e+04   1.1891241e-16
   3.3565690e+04   4.4803427e-16
   3.3565515e+04   2.6680017e-15
   3.3565341e+04   9.6225937e-16
   3.3565167e+04   1.3821996e-15
   3.3564992e+04   2.4459571e-15
   3.3564818e+04   1.5296847e-15
   3.3564644e+04   1.8369685e-15
   3.3564469e+04   1.1783163e-15
   3.3564295e+04   2.1754103e-15
   3.3564121e+04   7.8110117e-16
   3.3563946e+04   1.3234904e-15
   3.3563772e+04   1.7525463e-15
   3.3563598e+04   1.8558187e-16
   3.3563423e+04   1.8666966e-15
   3.3563249e+04   1.6541762e-15
   3.3563075e+04   1.9816640e-15
   3.3562900e+04   2.3567728e-15
   3.3562726e+04   1.4007694e-15
   3.3562552e+04   1.9154731e-15
   3.3562378e+04   9.5715883e-16
   3.3562203e+04   1.2434218e-15
   3.3562029e+04   8.5681622e-16
   3.3561855e+04   7.2559002e-16
   3.3561680e+04   8.1838096e-16
   3.3561506e+04   1.1649171e-15
   3.3561332e+04   1.1458687e-15
   3.3561157e+04   6.8831024e-16
   3.3560983e+04   9.4246400e-16
   3.3560809e+04   3.2830480e-16
   3.3560634e+04   1.5158069e-15
   3.3560460e+04   4.3538205e-16
   3.3560286e+04   7.3035213e-16
   3.3560111e+04   4.4721722e-16
   3.3559937e+04   6.4626835e-16
   3.3559763e+04   6.1062266e-16
   3.3559588e+04   1.9428903e-16
   3.3559414e+04   9.2940351e-16
   3.3559240e+04   8.3185412e-16
   3.3559066e+04   1.0538445e-15
   3.3558891e+04   1.2975732e-15
   3.3558717e+04   6.3837824e-16
   3.3558543e+04   9.9920072e-16
   3.3558368e+04   9.9920072e-16
   3.3558194e+04   8.8817842e-16
   3.3558020e+04   8.8817842e-16
   3.3557845e+04   2.2204460e-16
   3.3557671e+04   8.8817842e-16
   3.3557497e+04   4.4408921e-16
   3.3557322e+04   2.2204460e-15
   3.3557148e+04   4.4408921e-16
   3.3556974e+04   2.2204460e-15
   3.3556799e+04   4.4408921e-16
   3.3556625e+04   0.0000000e+00
   3.3556451e+04   8.8817842e-16
   3.3556276e+04   8.8817842e-16
   3.3556102e+04   0.0000000e+00
   3.3555928e+04   8.8817842e-16
   3.3555754e+04   8.8817842e-16
   3.3555579e+04   1.3322676e-15
   3.3555405e+04   4.4408921e-16
   3.3555231e+04   2.2204460e-15
   3.3555056e+04   0.0000000e+00
   3.3554882e+04   6.6613381e-16
   3.3554708e+04   5.5511151e-16
   3.3554533e+04   6.6613381e-16
   3.3554359e+04   1.6098234e-15
   3.3554185e+04   9.4368957e-16
   3.3554010e+04   1.0200174e-15
   3.3553836e+04   1.2646134e-15
   3.3553662e+04   1.6230507e-16
   3.3553487e+04   8.9183421e-16
   3.3553313e+04   4.0527689e-16
   3.3553139e+04   1.2159563e-15
   3.3552964e+04   5.5536636e-16
   3.3552790e+04   7.5422503e-16
   3.3552616e+04   2.0957459e-16
   3.3552442e+04   1.1945468e-15
   3.3552267e+04   1.1535911e-15
   3.3552093e+04   1.1969592e-15
   3.3551919e+04   9.8532293e-16
   3.3551744e+04   1.6098234e-15
   3.3551570e+04   3.0531133e-16
   3.3551396e+04   1.8735014e-15
   3.3551221e+04   2.4980018e-15
   3.3551047e+04   2.7755576e-15
   3.3550873e+04   1.9567681e-15
   3.3550698e+04   2.8310687e-15
   3.3550524e+04   2.9004577e-15
   3.3550350e+04   1.8179902e-15
   3.3550175e+04   2.6922908e-15
   3.3550001e+04   2.0400348e-15
   3.3549827e+04   2.6784130e-15
   3.3549652e+04   1.5265567e-15
   3.3549478e+04   2.2482016e-15
   3.3549304e+04   1.6653345e-15
   3.3549130e+04   1.0755286e-15
   3.3548955e+04   1.5612511e-15
   3.3548781e+04   2.1857516e-15
   3.3548607e+04   1.3739010e-15
   3.3548432e+04   6.4531713e-16
   3.3548258e+04   1.4571677e-16
   3.3548084e+04   1.1796120e-16
   3.3547909e+04   3.3306691e-16
   3.3547735e+04   2.6367797e-16
   3.3547561e+04   1.0408341e-15
   3.3547386e+04   1.1310397e-15
   3.3547212e+04   4.5970172e-16
   3.3547038e+04   5.3798112e-16
   3.3546863e+04   1.4864717e-15
   3.3546689e+04   1.7065257e-16
   3.3546515e+04   1.1482331e-15
   3.3546340e+04   6.3017062e-16
   3.3546166e+04   3.9198610e-16
   3.3545992e+04   8.5258095e-17
   3.3545817e+04   7.9435208e-16
   3.3545643e+04   2.6831524e-16
   3.3545469e+04   3.5690083e-16
   3.3545295e+04   4.5773798e-16
   3.3545120e+04   7.3007400e-16
   3.3544946e+04   1.3172438e-15
   3.3544772e+04   3.7352120e-16
   3.3544597e+04   1.6425663e-16
   3.3544423e+04   7.6674778e-16
   3.3544249e+04   6.9388939e-16
   3.3544074e+04   6.1062266e-16
   3.3543900e+04   1.0547119e-15
   3.3543726e+04   1.1102230e-16
   3.3543551e+04   7.7715612e-16
   3.3543377e+04   2.2204460e-16
   3.3543203e+04   4.4408921e-16
   3.3543028e+04   2.2204460e-16
   3.3542854e+04   3.3306691e-16
   3.3542680e+04   1.7763568e-15
   3.3542505e+04   6.6613381e-16
   3.3542331e+04   0.0000000e+00
   3.3542157e+04   6.6613381e-16
   3.3541983e+04   1.0547119e-15
   3.3541808e+04   2.7755576e-16
   3.3541634e+04   9.9920072e-16
   3.3541460e+04   7.2164497e-16
   3.3541285e+04   1.1102230e-15
   3.3541111e+04   8.8817842e-16
   3.3540937e+04   1.4432899e-15
   3.3540762e+04   1.2212453e-15
   3.3540588e+04   6.6613381e-16
   3.3540414e+04   1.2212453e-15
   3.3540239e+04   3.3306691e-16
   3.3540065e+04   5.5511151e-17
   3.3539891e+04   9.9920072e-16
   3.3539716e+04   9.7144515e-16
   3.3539542e+04   2.0816682e-16
   3.3539368e+04   2.0816682e-16
   3.3539193e+04   3.7166450e-16
   3.3539019e+04   2.9691554e-16
   3.3538845e+04   2.8846893e-16
   3.3538671e+04   1.0986555e-15
   3.3538496e+04   4.3773874e-16
   3.3538322e+04   1.2866907e-17
   3.3538148e+04   1.3831234e-15
   3.3537973e+04   8.1922365e-16
   3.3537799e+04   5.0717661e-17
   3.3537625e+04   4.7476801e-16
   3.3537450e+04   3.0591928e-16
   3.3537276e+04   8.9106153e-16
   3.3537102e+04   3.8817380e-16
   3.3536927e+04   1.2376519e-15
   3.3536753e+04   1.7078506e-15
   3.3536579e+04   2.1170534e-15
   3.3536404e+04   1.7647210e-15
   3.3536230e+04   1.1891204e-15
   3.3536056e+04   2.2457889e-15
   3.3535881e+04   2.5817668e-15
   3.3535707e+04   3.7786780e-15
   3.3535533e+04   2.5954588e-15
   3.3535359e+04   2.3279302e-15
   3.3535184e+04   2.4666908e-16
   3.3535010e+04   1.6951992e-15
   3.3534836e+04   2.5846828e-16
   3.3534661e+04   1.1067719e-15
   3.3534487e+04   1.4493262e-15
   3.3534313e+04   2.3825795e-15
   3.3534138e+04   3.1617035e-16
   3.3533964e+04   1.7849355e-16
   3.3533790e+04   4.7382807e-16
   3.3533615e+04   1.6011312e-15
   3.3533441e+04   6.2722783e-16
   3.3533267e+04   4.6625895e-16
   3.3533092e+04   1.4708931e-15
   3.3532918e+04   4.9611012e-18
   3.3532744e+04   6.5112146e-17
   3.3532569e+04   1.2490009e-15
   3.3532395e+04   8.1878948e-16
   3.3532221e+04   8.6042284e-16
   3.3532047e+04   5.6898930e-16
   3.3531872e+04   6.5919492e-16
   3.3531698e+04   2.2551405e-17
   3.3531524e+04   1.6319411e-15
   3.3531349e+04   6.9004047e-16
   3.3531175e+04   9.6415897e-16
   3.3531001e+04   1.3378849e-15
   3.3530826e+04   8.0703256e-16
   3.3530652e+04   1.2468832e-15
   3.3530478e+04   2.0258267e-15
   3.3530303e+04   1.3640212e-15
   3.3530129e+04   6.4358241e-16
   3.3529955e+04   1.4380858e-15
   3.3529780e+04   6.3837824e-16
   3.3529606e+04   1.4155344e-15
   3.3529432e+04   2.7755576e-16
   3.3529257e+04   9.9920072e-16
   3.3529083e+04   2.2204460e-16
   3.3528909e+04   2.2204460e-16
   3.3528735e+04   2.2204460e-16
   3.3528560e+04   3.3306691e-16
   3.3528386e+04   9.9920072e-16
   3.3528212e+04   6.1062266e-16
   3.3528037e+04   3.3306691e-16
   3.3527863e+04   7.2164497e-16
   3.3527689e+04   8.0491169e-16
   3.3527514e+04   1.0547119e-15
   3.3527340e+04   7.7715612e-16
   3.3527166e+04   1.9428903e-15
   3.3526991e+04   1.6098234e-15
   3.3526817e+04   0.0000000e+00
   3.3526643e+04   1.4432899e-15
   3.3526468e+04   4.4408921e-16
   3.3526294e+04   2.2204460e-16
   3.3526120e+04   2.2204460e-16
   3.3525945e+04   7.7715612e-16
   3.3525771e+04   1.2212453e-15
   3.3525597e+04   1.1102230e-16
   3.3525423e+04   1.1102230e-15
   3.3525248e+04   2.2204460e-16
   3.3525074e+04   5.2735594e-16
   3.3524900e+04   1.2212453e-15
   3.3524725e+04   3.7166450e-16
   3.3524551e+04   4.3335561e-16
   3.3524377e+04   1.5366660e-15
   3.3524202e+04   7.7045810e-16
   3.3524028e+04   1.4317382e-16
   3.3523854e+04   1.2795979e-16
   3.3523679e+04   3.1723144e-17
   3.3523505e+04   9.4593860e-16
   3.3523331e+04   4.1052029e-16
   3.3523156e+04   6.1422402e-16
   3.3522982e+04   3.7889737e-16
   3.3522808e+04   4.0357097e-17
   3.3522633e+04   1.0699017e-15
   3.3522459e+04   6.0500175e-16
   3.3522285e+04   7.4446742e-16
   3.3522111e+04   1.8214596e-17
   3.3521936e+04   1.1102230e-15
   3.3521762e+04   3.1918912e-16
   3.3521588e+04   2.7755576e-16
