   3.3878412e+04   9.4368957e-16
   3.3878238e+04   0.0000000e+00
   3.3878064e+04   9.9920072e-16
   3.3877889e+04   1.1102230e-16
   3.3877715e+04   9.9920072e-16
   3.3877541e+04   7.2164497e-16
   3.3877367e+04   0.0000000e+00
   3.3877192e+04   5.5511151e-16
   3.3877018e+04   8.6042284e-16
   3.3876844e+04   1.5681900e-15
   3.3876669e+04   6.2450045e-16
   3.3876495e+04   5.1347815e-16
   3.3876321e+04   1.3877788e-16
   3.3876146e+04   1.0824674e-15
   3.3875972e+04   9.9920072e-16
   3.3875798e+04   2.2204460e-16
   3.3875623e+04   7.7715612e-16
   3.3875449e+04   3.8857806e-16
   3.3875275e+04   9.9920072e-16
   3.3875100e+04   1.2212453e-15
   3.3874926e+04   1.0547119e-15
   3.3874752e+04   1.1657342e-15
   3.3874577e+04   1.0824674e-15
   3.3874403e+04   5.8286709e-16
   3.3874229e+04   8.8817842e-16
   3.3874055e+04   3.0531133e-16
   3.3873880e+04   4.1633363e-16
   3.3873706e+04   1.6098234e-15
   3.3873532e+04   7.0776718e-16
   3.3873357e+04   1.2767565e-15
   3.3873183e+04   1.6653345e-15
   3.3873009e+04   8.1878948e-16
   3.3872834e+04   1.8041124e-16
   3.3872660e+04   1.9428903e-16
   3.3872486e+04   1.7763568e-15
   3.3872311e+04   6.6613381e-16
   3.3872137e+04   9.9920072e-16
   3.3871963e+04   4.9960036e-16
   3.3871788e+04   2.2204460e-16
   3.3871614e+04   2.7755576e-17
   3.3871440e+04   2.2204460e-16
   3.3871265e+04   8.8817842e-16
   3.3871091e+04   6.1062266e-16
   3.3870917e+04   8.8817842e-16
   3.3870743e+04   6.1062266e-16
   3.3870568e+04   9.4368957e-16
   3.3870394e+04   1.1102230e-16
   3.3870220e+04   8.3266727e-16
   3.3870045e+04   1.9428903e-15
   3.3869871e+04   7.7715612e-16
   3.3869697e+04   9.4368957e-16
   3.3869522e+04   1.2212453e-15
   3.3869348e+04   1.1102230e-15
   3.3869174e+04   1.9984014e-15
   3.3868999e+04   5.5511151e-16
   3.3868825e+04   2.7755576e-17
   3.3868651e+04   1.9428903e-15
   3.3868476e+04   1.2628787e-15
   3.3868302e+04   1.3322676e-15
   3.3868128e+04   5.5511151e-16
   3.3867953e+04   1.3322676e-15
   3.3867779e+04   6.6613381e-16
   3.3867605e+04   1.2212453e-15
   3.3867431e+04   2.7755576e-16
   3.3867256e+04   5.5511151e-16
   3.3867082e+04   4.1633363e-16
   3.3866908e+04   1.4432899e-15
   3.3866733e+04   1.0547119e-15
   3.3866559e+04   1.7347235e-17
   3.3866385e+04   3.0704606e-16
   3.3866210e+04   2.4633073e-16
   3.3866036e+04   1.3183898e-16
   3.3865862e+04   1.8735014e-16
   3.3865687e+04   3.4694470e-16
   3.3865513e+04   9.7317987e-16
   3.3865339e+04   1.2637461e-15
   3.3865164e+04   8.9164787e-16
   3.3864990e+04   1.9428903e-16
   3.3864816e+04   2.1649349e-15
   3.3864641e+04   1.3322676e-15
   3.3864467e+04   8.3266727e-16
   3.3864293e+04   0.0000000e+00
   3.3864119e+04   9.4368957e-16
   3.3863944e+04   1.8873791e-15
   3.3863770e+04   1.2212453e-15
   3.3863596e+04   3.3306691e-16
   3.3863421e+04   1.3322676e-15
   3.3863247e+04   5.5511151e-16
   3.3863073e+04   7.7715612e-16
   3.3862898e+04   1.0547119e-15
   3.3862724e+04   5.5511151e-16
   3.3862550e+04   1.1657342e-15
   3.3862375e+04   5.5511151e-16
   3.3862201e+04   7.2164497e-16
   3.3862027e+04   5.5511151e-17
   3.3861852e+04   1.4432899e-15
   3.3861678e+04   4.4408921e-16
   3.3861504e+04   4.4408921e-16
   3.3861329e+04   1.6653345e-15
   3.3861155e+04   2.2204460e-16
   3.3860981e+04   7.7715612e-16
   3.3860807e+04   8.8817842e-16
   3.3860632e+04   2.2204460e-16
   3.3860458e+04   1.6653345e-15
   3.3860284e+04   8.8817842e-16
   3.3860109e+04   3.8857806e-16
   3.3859935e+04   1.0547119e-15
   3.3859761e+04   2.4424907e-15
   3.3859586e+04   2.2204460e-16
   3.3859412e+04   9.9920072e-16
   3.3859238e+04   9.8532293e-16
   3.3859063e+04   7.1123663e-16
   3.3858889e+04   1.5196178e-15
   3.3858715e+04   2.7061686e-16
   3.3858540e+04   3.4022264e-16
   3.3858366e+04   1.3512412e-15
   3.3858192e+04   5.9883196e-16
   3.3858017e+04   6.0262667e-16
   3.3857843e+04   3.0021558e-16
   3.3857669e+04   1.3231603e-15
   3.3857495e+04   5.8893862e-16
   3.3857320e+04   1.0182827e-15
   3.3857146e+04   1.3530843e-16
   3.3856972e+04   1.1310397e-15
   3.3856797e+04   2.0816682e-16
   3.3856623e+04   7.7715612e-16
   3.3856449e+04   5.2735594e-16
   3.3856274e+04   3.8857806e-16
   3.3856100e+04   8.8817842e-16
   3.3855926e+04   8.8817842e-16
   3.3855751e+04   9.9920072e-16
   3.3855577e+04   1.1102230e-15
   3.3855403e+04   8.8817842e-16
   3.3855228e+04   1.1102230e-15
   3.3855054e+04   1.2212453e-15
   3.3854880e+04   3.3306691e-16
   3.3854705e+04   2.2204460e-16
   3.3854531e+04   2.7755576e-16
   3.3854357e+04   1.1657342e-15
   3.3854183e+04   4.9960036e-16
   3.3854008e+04   9.4368957e-16
   3.3853834e+04   1.4988011e-15
   3.3853660e+04   1.0547119e-15
   3.3853485e+04   4.4408921e-16
   3.3853311e+04   1.2212453e-15
   3.3853137e+04   4.4408921e-16
   3.3852962e+04   5.5511151e-16
   3.3852788e+04   1.2212453e-15
   3.3852614e+04   2.2204460e-16
   3.3852439e+04   3.3306691e-16
   3.3852265e+04   1.1102230e-16
   3.3852091e+04   2.7755576e-16
   3.3851916e+04   8.6042284e-16
   3.3851742e+04   1.4155344e-15
   3.3851568e+04   4.8572257e-16
   3.3851393e+04   6.6613381e-16
   3.3851219e+04   4.4755866e-16
   3.3851045e+04   1.7989082e-15
   3.3850870e+04   1.5725268e-15
   3.3850696e+04   2.0474074e-15
   3.3850522e+04   1.1280310e-15
   3.3850348e+04   1.2515522e-15
   3.3850173e+04   1.0729432e-15
   3.3849999e+04   1.2509734e-15
   3.3849825e+04   9.4960715e-16
   3.3849650e+04   2.3393585e-15
   3.3849476e+04   4.9681079e-16
   3.3849302e+04   1.3017225e-15
   3.3849127e+04   4.7266183e-16
   3.3848953e+04   1.4726095e-15
   3.3848779e+04   3.9810227e-16
   3.3848604e+04   7.5933327e-16
   3.3848430e+04   1.3437644e-15
   3.3848256e+04   2.3912049e-16
   3.3848081e+04   2.8313491e-16
   3.3847907e+04   1.6360150e-15
   3.3847733e+04   8.7668168e-16
   3.3847558e+04   2.9184207e-16
   3.3847384e+04   8.2858203e-17
   3.3847210e+04   6.1538477e-16
   3.3847036e+04   1.0671598e-15
   3.3846861e+04   1.9075250e-16
   3.3846687e+04   1.0667863e-15
   3.3846513e+04   2.4684139e-16
   3.3846338e+04   1.2386596e-15
   3.3846164e+04   2.5177271e-16
   3.3845990e+04   4.7142424e-17
   3.3845815e+04   7.8980833e-16
   3.3845641e+04   2.1694577e-15
   3.3845467e+04   1.3381852e-15
   3.3845292e+04   8.0926527e-16
   3.3845118e+04   2.6946018e-15
   3.3844944e+04   2.4424907e-15
   3.3844769e+04   7.7715612e-16
   3.3844595e+04   2.5535130e-15
   3.3844421e+04   2.7755576e-15
   3.3844246e+04   1.3877788e-15
   3.3844072e+04   1.1379786e-15
   3.3843898e+04   1.0685897e-15
   3.3843724e+04   7.9103391e-16
   3.3843549e+04   1.5751289e-15
   3.3843375e+04   1.7763568e-15
   3.3843201e+04   1.4207385e-15
   3.3843026e+04   1.4649740e-15
   3.3842852e+04   1.1345092e-15
   3.3842678e+04   1.2073675e-15
   3.3842503e+04   9.6450625e-16
   3.3842329e+04   4.0245585e-16
   3.3842155e+04   2.7755576e-16
   3.3841980e+04   1.0269563e-15
   3.3841806e+04   1.3739010e-15
   3.3841632e+04   9.9920072e-16
   3.3841457e+04   5.2735594e-16
   3.3841283e+04   5.1347815e-16
   3.3841109e+04   4.1633363e-17
   3.3840934e+04   4.9960036e-16
   3.3840760e+04   4.0245585e-16
   3.3840586e+04   2.3869795e-15
   3.3840412e+04   5.4123372e-16
   3.3840237e+04   2.7755576e-17
   3.3840063e+04   4.7184479e-16
   3.3839889e+04   1.1796120e-15
   3.3839714e+04   1.3183898e-15
   3.3839540e+04   3.2612801e-16
   3.3839366e+04   6.1062266e-16
   3.3839191e+04   1.3877788e-17
   3.3839017e+04   4.2327253e-16
   3.3838843e+04   1.1102230e-16
   3.3838668e+04   1.4016566e-15
   3.3838494e+04   1.9359514e-15
   3.3838320e+04   1.3669621e-15
   3.3838145e+04   2.2898350e-16
   3.3837971e+04   1.3877788e-16
   3.3837797e+04   1.6653345e-16
   3.3837622e+04   1.0130785e-15
   3.3837448e+04   8.3266727e-17
   3.3837274e+04   1.2490009e-16
   3.3837100e+04   4.9960036e-16
   3.3836925e+04   6.5225603e-16
   3.3836751e+04   2.4806546e-16
   3.3836577e+04   5.7419347e-16
   3.3836402e+04   2.5153490e-17
   3.3836228e+04   5.5153365e-16
   3.3836054e+04   4.0516635e-16
   3.3835879e+04   8.8077874e-17
   3.3835705e+04   1.8201044e-16
   3.3835531e+04   2.1141942e-16
   3.3835356e+04   6.4965394e-16
   3.3835182e+04   8.0491169e-16
   3.3835008e+04   1.5300261e-15
   3.3834833e+04   1.8735014e-16
   3.3834659e+04   4.3021142e-16
   3.3834485e+04   5.5511151e-17
   3.3834310e+04   2.7755576e-16
   3.3834136e+04   3.8857806e-16
   3.3833962e+04   7.2164497e-16
   3.3833788e+04   5.5443465e-16
   3.3833613e+04   8.9029113e-16
   3.3833439e+04   6.2668325e-16
   3.3833265e+04   4.4633214e-17
   3.3833090e+04   7.9265597e-16
   3.3832916e+04   3.0094573e-16
   3.3832742e+04   7.9234159e-16
   3.3832567e+04   8.6343472e-16
   3.3832393e+04   6.0733042e-16
   3.3832219e+04   1.3543399e-15
   3.3832044e+04   7.7371167e-16
   3.3831870e+04   5.3797001e-17
   3.3831696e+04   1.9360835e-15
   3.3831521e+04   9.7289508e-16
   3.3831347e+04   1.4304144e-16
   3.3831173e+04   2.3191137e-16
   3.3830998e+04   1.5171445e-15
   3.3830824e+04   9.8153421e-16
   3.3830650e+04   2.2724135e-16
   3.3830476e+04   1.1447912e-15
   3.3830301e+04   1.4612276e-15
   3.3830127e+04   1.1523971e-15
   3.3829953e+04   1.5903917e-15
   3.3829778e+04   3.8149567e-16
   3.3829604e+04   1.6575066e-15
   3.3829430e+04   9.3013039e-16
   3.3829255e+04   9.5716825e-16
   3.3829081e+04   2.1671499e-16
   3.3828907e+04   8.0912087e-17
   3.3828732e+04   8.2388631e-16
   3.3828558e+04   1.9289310e-16
   3.3828384e+04   1.7922344e-17
   3.3828209e+04   1.0377242e-15
   3.3828035e+04   5.8533365e-17
   3.3827861e+04   6.1116476e-16
   3.3827686e+04   3.7600131e-16
   3.3827512e+04   5.5511151e-16
   3.3827338e+04   1.2490009e-16
   3.3827164e+04   1.8735014e-16
   3.3826989e+04   9.7144515e-17
   3.3826815e+04   7.7715612e-16
   3.3826641e+04   1.6653345e-16
   3.3826466e+04   4.4408921e-16
   3.3826292e+04   2.6645353e-15
   3.3826118e+04   1.6653345e-15
   3.3825943e+04   1.3322676e-15
   3.3825769e+04   8.8817842e-16
   3.3825595e+04   8.8817842e-16
   3.3825420e+04   0.0000000e+00
   3.3825246e+04   2.2204460e-15
   3.3825072e+04   4.4408921e-16
   3.3824897e+04   2.2204460e-15
   3.3824723e+04   8.8817842e-16
   3.3824549e+04   2.6645353e-15
   3.3824374e+04   3.9968029e-15
   3.3824200e+04   8.8817842e-16
   3.3824026e+04   3.9968029e-15
   3.3823852e+04   4.4408921e-15
   3.3823677e+04   4.4408921e-16
   3.3823503e+04   4.4408921e-16
   3.3823329e+04   3.5527137e-15
   3.3823154e+04   2.6645353e-15
   3.3822980e+04   2.6645353e-15
   3.3822806e+04   1.7763568e-15
   3.3822631e+04   1.7763568e-15
   3.3822457e+04   2.2204460e-15
   3.3822283e+04   1.1102230e-15
   3.3822108e+04   1.6653345e-15
   3.3821934e+04   1.5543122e-15
   3.3821760e+04   9.4368957e-16
   3.3821585e+04   1.3877788e-15
   3.3821411e+04   1.4432899e-15
   3.3821237e+04   5.4123372e-16
   3.3821062e+04   5.6898930e-16
   3.3820888e+04   1.0495077e-15
   3.3820714e+04   6.3230671e-16
   3.3820540e+04   6.9735884e-16
   3.3820365e+04   1.1796120e-16
   3.3820191e+04   1.1310397e-15
   3.3820017e+04   6.8001160e-16
   3.3819842e+04   3.4694470e-16
   3.3819668e+04   6.2450045e-16
   3.3819494e+04   1.0547119e-15
   3.3819319e+04   9.7144515e-16
   3.3819145e+04   7.0776718e-16
   3.3818971e+04   7.9103391e-16
   3.3818796e+04   1.9428903e-16
   3.3818622e+04   3.4694470e-16
   3.3818448e+04   1.2490009e-16
   3.3818273e+04   1.1657342e-15
   3.3818099e+04   9.0205621e-16
   3.3817925e+04   1.2490009e-16
   3.3817750e+04   1.2628787e-15
   3.3817576e+04   1.3739010e-15
   3.3817402e+04   1.9428903e-16
   3.3817228e+04   7.0776718e-16
   3.3817053e+04   8.8817842e-16
   3.3816879e+04   9.5756736e-16
   3.3816705e+04   1.1102230e-15
   3.3816530e+04   8.0491169e-16
   3.3816356e+04   1.4155344e-15
   3.3816182e+04   1.4988011e-15
   3.3816007e+04   1.1102230e-15
   3.3815833e+04   9.7144515e-16
   3.3815659e+04   4.4408921e-16
   3.3815484e+04   1.6375790e-15
   3.3815310e+04   2.4980018e-16
   3.3815136e+04   2.9143354e-16
   3.3814961e+04   5.9674488e-16
   3.3814787e+04   6.5225603e-16
   3.3814613e+04   1.5959456e-16
   3.3814438e+04   9.1940344e-17
   3.3814264e+04   4.7878368e-16
   3.3814090e+04   9.6450625e-16
   3.3813916e+04   2.4253603e-16
   3.3813741e+04   6.1935049e-16
   3.3813567e+04   4.5587991e-16
   3.3813393e+04   1.2014586e-15
   3.3813218e+04   4.6837534e-17
   3.3813044e+04   3.0097452e-16
   3.3812870e+04   1.8735014e-16
   3.3812695e+04   4.3715032e-16
   3.3812521e+04   5.4123372e-16
   3.3812347e+04   9.7144515e-16
   3.3812172e+04   7.2164497e-16
   3.3811998e+04   7.7715612e-16
   3.3811824e+04   4.4408921e-16
   3.3811649e+04   4.4408921e-16
   3.3811475e+04   4.4408921e-16
   3.3811301e+04   6.6613381e-16
   3.3811126e+04   1.3322676e-15
   3.3810952e+04   8.8817842e-16
   3.3810778e+04   0.0000000e+00
   3.3810604e+04   8.8817842e-16
   3.3810429e+04   1.7763568e-15
   3.3810255e+04   1.7763568e-15
   3.3810081e+04   4.4408921e-16
   3.3809906e+04   8.8817842e-16
   3.3809732e+04   1.7763568e-15
   3.3809558e+04   0.0000000e+00
   3.3809383e+04   0.0000000e+00
   3.3809209e+04   1.7763568e-15
   3.3809035e+04   1.7763568e-15
   3.3808860e+04   1.3322676e-15
   3.3808686e+04   4.4408921e-16
   3.3808512e+04   0.0000000e+00
   3.3808337e+04   4.4408921e-16
   3.3808163e+04   1.7763568e-15
   3.3807989e+04   6.6613381e-16
   3.3807814e+04   1.3322676e-15
   3.3807640e+04   4.4408921e-16
   3.3807466e+04   3.3306691e-16
   3.3807291e+04   8.3266727e-16
   3.3807117e+04   5.5511151e-16
   3.3806943e+04   5.8286709e-16
   3.3806769e+04   1.4155344e-15
   3.3806594e+04   9.0205621e-17
   3.3806420e+04   9.4022012e-16
   3.3806246e+04   2.5413699e-16
   3.3806071e+04   3.3827108e-17
   3.3805897e+04   5.4101688e-16
   3.3805723e+04   5.9576909e-17
   3.3805548e+04   5.4678798e-16
   3.3805374e+04   6.8790474e-16
   3.3805200e+04   1.8978300e-16
   3.3805025e+04   6.6689012e-16
   3.3804851e+04   1.2149782e-16
   3.3804677e+04   1.0058305e-17
   3.3804502e+04   1.8102637e-16
   3.3804328e+04   6.9448799e-16
   3.3804154e+04   7.7088122e-16
   3.3803979e+04   1.1393560e-15
   3.3803805e+04   1.1406069e-15
   3.3803631e+04   7.9856554e-16
   3.3803457e+04   8.7274824e-16
   3.3803282e+04   7.0190482e-17
   3.3803108e+04   1.6909864e-15
   3.3802934e+04   2.2157674e-15
   3.3802759e+04   1.5580975e-15
   3.3802585e+04   4.4191879e-16
   3.3802411e+04   1.3916300e-15
   3.3802236e+04   1.4140528e-15
   3.3802062e+04   3.6555107e-16
   3.3801888e+04   6.4402353e-20
   3.3801713e+04   1.4728088e-15
   3.3801539e+04   3.9795035e-16
   3.3801365e+04   3.2385201e-16
   3.3801190e+04   6.4850834e-16
   3.3801016e+04   8.4477579e-19
   3.3800842e+04   6.1122219e-18
   3.3800667e+04   2.5151949e-16
   3.3800493e+04   1.8821228e-16
   3.3800319e+04   4.6490589e-16
   3.3800145e+04   3.7123082e-16
   3.3799970e+04   1.0998147e-15
   3.3799796e+04   2.9837244e-16
   3.3799622e+04   3.5388359e-16
   3.3799447e+04   4.1633363e-17
   3.3799273e+04   1.7694179e-16
   3.3799099e+04   4.5102810e-16
   3.3798924e+04   6.8348105e-16
   3.3798750e+04   9.4368957e-16
   3.3798576e+04   3.0357661e-16
   3.3798401e+04   2.8102520e-16
   3.3798227e+04   5.6205041e-16
   3.3798053e+04   8.3266727e-17
   3.3797878e+04   1.1657342e-15
   3.3797704e+04   2.2204460e-16
   3.3797530e+04   9.4368957e-16
   3.3797355e+04   3.3306691e-16
   3.3797181e+04   3.3306691e-16
   3.3797007e+04   8.8817842e-16
   3.3796833e+04   4.4408921e-16
   3.3796658e+04   0.0000000e+00
   3.3796484e+04   0.0000000e+00
   3.3796310e+04   2.2204460e-15
   3.3796135e+04   2.2204460e-15
   3.3795961e+04   0.0000000e+00
   3.3795787e+04   4.4408921e-16
   3.3795612e+04   1.7763568e-15
   3.3795438e+04   4.4408921e-16
   3.3795264e+04   2.2204460e-15
   3.3795089e+04   8.8817842e-16
   3.3794915e+04   8.8817842e-16
   3.3794741e+04   3.1086245e-15
   3.3794566e+04   1.7763568e-15
   3.3794392e+04   1.3322676e-15
   3.3794218e+04   1.7763568e-15
   3.3794043e+04   1.3322676e-15
   3.3793869e+04   8.8817842e-16
   3.3793695e+04   1.1102230e-15
   3.3793521e+04   1.1102230e-15
   3.3793346e+04   8.8817842e-16
   3.3793172e+04   3.3306691e-16
   3.3792998e+04   9.9920072e-16
   3.3792823e+04   5.5511151e-17
   3.3792649e+04   5.5511151e-17
   3.3792475e+04   2.7755576e-17
   3.3792300e+04   1.8041124e-16
   3.3792126e+04   3.4694470e-17
   3.3791952e+04   5.0653925e-16
   3.3791777e+04   1.9186042e-15
   3.3791603e+04   5.8980598e-17
   3.3791429e+04   4.4343869e-17
   3.3791254e+04   7.8469132e-17
   3.3791080e+04   2.0656762e-16
   3.3790906e+04   8.6410913e-17
   3.3790731e+04   3.3566899e-16
   3.3790557e+04   4.5709964e-16
   3.3790383e+04   7.4766582e-16
   3.3790209e+04   7.2511441e-16
   3.3790034e+04   4.7878368e-16
   3.3789860e+04   2.0539126e-15
   3.3789686e+04   1.4849233e-15
   3.3789511e+04   6.6613381e-16
   3.3789337e+04   3.8857806e-16
   3.3789163e+04   1.5543122e-15
   3.3788988e+04   1.1102230e-16
   3.3788814e+04   1.2767565e-15
   3.3788640e+04   2.5812685e-15
   3.3788465e+04   1.3045121e-15
   3.3788291e+04   6.1062266e-16
   3.3788117e+04   6.6613381e-16
   3.3787942e+04   3.8857806e-16
   3.3787768e+04   5.5511151e-16
   3.3787594e+04   2.1233015e-15
   3.3787419e+04   2.3592239e-16
   3.3787245e+04   6.8001160e-16
   3.3787071e+04   1.1379786e-15
   3.3786897e+04   1.1379786e-15
   3.3786722e+04   7.7715612e-16
   3.3786548e+04   7.2164497e-16
   3.3786374e+04   1.3600232e-15
   3.3786199e+04   1.7763568e-15
   3.3786025e+04   5.5511151e-17
   3.3785851e+04   5.5511151e-17
   3.3785676e+04   7.7715612e-16
   3.3785502e+04   4.4408921e-16
   3.3785328e+04   8.6042284e-16
   3.3785153e+04   6.9388939e-16
   3.3784979e+04   8.8817842e-16
   3.3784805e+04   1.3877788e-16
   3.3784630e+04   2.7755576e-17
   3.3784456e+04   4.4408921e-16
   3.3784282e+04   6.5225603e-16
   3.3784107e+04   4.9960036e-16
   3.3783933e+04   1.1657342e-15
   3.3783759e+04   9.7144515e-17
   3.3783585e+04   1.3877788e-17
   3.3783410e+04   5.8286709e-16
   3.3783236e+04   4.9960036e-16
   3.3783062e+04   1.1102230e-16
   3.3782887e+04   5.5511151e-16
   3.3782713e+04   8.3266727e-16
   3.3782539e+04   1.2767565e-15
   3.3782364e+04   1.2490009e-15
   3.3782190e+04   2.2204460e-16
   3.3782016e+04   9.9920072e-16
   3.3781841e+04   9.4368957e-16
   3.3781667e+04   3.3306691e-16
   3.3781493e+04   3.8857806e-16
   3.3781318e+04   1.6653345e-16
   3.3781144e+04   9.9920072e-16
   3.3780970e+04   6.6613381e-16
   3.3780795e+04   1.1102230e-16
   3.3780621e+04   6.1062266e-16
   3.3780447e+04   3.6082248e-16
   3.3780273e+04   1.1102230e-16
   3.3780098e+04   6.6613381e-16
   3.3779924e+04   8.8817842e-16
   3.3779750e+04   2.2204460e-16
   3.3779575e+04   1.1934898e-15
   3.3779401e+04   1.3877788e-15
   3.3779227e+04   4.1633363e-17
   3.3779052e+04   2.2204460e-16
   3.3778878e+04   5.5511151e-16
   3.3778704e+04   1.1102230e-16
   3.3778529e+04   5.5511151e-16
   3.3778355e+04   3.8857806e-16
   3.3778181e+04   5.5511151e-16
   3.3778006e+04   4.6490589e-16
   3.3777832e+04   7.9450335e-16
   3.3777658e+04   7.6674778e-16
   3.3777483e+04   8.5348395e-16
   3.3777309e+04   4.0939474e-16
   3.3777135e+04   4.3021142e-16
   3.3776961e+04   3.5041414e-16
   3.3776786e+04   1.7000290e-15
   3.3776612e+04   1.0096091e-15
   3.3776438e+04   7.6674778e-16
   3.3776263e+04   5.0133508e-16
   3.3776089e+04   2.1545266e-15
   3.3775915e+04   1.7069679e-15
   3.3775740e+04   1.3877788e-15
   3.3775566e+04   1.7208457e-15
   3.3775392e+04   2.1094237e-15
   3.3775217e+04   2.1094237e-15
   3.3775043e+04   2.6645353e-15
   3.3774869e+04   1.5543122e-15
   3.3774694e+04   2.6645353e-15
   3.3774520e+04   8.8817842e-16
   3.3774346e+04   1.7763568e-15
   3.3774171e+04   0.0000000e+00
   3.3773997e+04   2.6645353e-15
   3.3773823e+04   2.6645353e-15
   3.3773649e+04   2.6645353e-15
   3.3773474e+04   8.8817842e-16
   3.3773300e+04   0.0000000e+00
   3.3773126e+04   1.7763568e-15
   3.3772951e+04   1.7763568e-15
   3.3772777e+04   1.7763568e-15
   3.3772603e+04   8.8817842e-16
   3.3772428e+04   8.8817842e-16
   3.3772254e+04   1.7763568e-15
   3.3772080e+04   0.0000000e+00
   3.3771905e+04   1.7763568e-15
   3.3771731e+04   0.0000000e+00
   3.3771557e+04   8.8817842e-16
   3.3771382e+04   0.0000000e+00
   3.3771208e+04   1.3322676e-15
   3.3771034e+04   0.0000000e+00
   3.3770859e+04   6.6613381e-16
   3.3770685e+04   2.2204460e-16
   3.3770511e+04   6.6613381e-16
   3.3770337e+04   0.0000000e+00
   3.3770162e+04   9.9920072e-16
   3.3769988e+04   9.7144515e-16
   3.3769814e+04   4.3021142e-16
   3.3769639e+04   3.5388359e-16
   3.3769465e+04   1.2281842e-15
   3.3769291e+04   3.6776138e-16
   3.3769116e+04   9.6277153e-16
   3.3768942e+04   1.2927214e-15
   3.3768768e+04   2.5779617e-16
   3.3768593e+04   4.9450461e-16
   3.3768419e+04   1.1011157e-15
   3.3768245e+04   4.9439619e-17
   3.3768070e+04   6.4705186e-16
   3.3767896e+04   3.9898640e-16
   3.3767722e+04   1.2281842e-15
   3.3767547e+04   1.3877788e-16
   3.3767373e+04   2.3592239e-16
   3.3767199e+04   1.1657342e-15
   3.3767025e+04   4.9960036e-16
   3.3766850e+04   4.4408921e-16
   3.3766676e+04   1.7763568e-15
   3.3766502e+04   8.8817842e-16
   3.3766327e+04   0.0000000e+00
   3.3766153e+04   0.0000000e+00
   3.3765979e+04   8.8817842e-16
   3.3765804e+04   0.0000000e+00
   3.3765630e+04   0.0000000e+00
   3.3765456e+04   1.7763568e-15
   3.3765281e+04   8.8817842e-16
   3.3765107e+04   8.8817842e-16
   3.3764933e+04   0.0000000e+00
   3.3764758e+04   1.7763568e-15
   3.3764584e+04   0.0000000e+00
   3.3764410e+04   0.0000000e+00
   3.3764235e+04   8.8817842e-16
   3.3764061e+04   0.0000000e+00
   3.3763887e+04   0.0000000e+00
   3.3763712e+04   0.0000000e+00
   3.3763538e+04   8.8817842e-16
   3.3763364e+04   4.4408921e-16
   3.3763190e+04   0.0000000e+00
   3.3763015e+04   0.0000000e+00
   3.3762841e+04   4.4408921e-16
   3.3762667e+04   4.4408921e-16
   3.3762492e+04   0.0000000e+00
   3.3762318e+04   1.6653345e-16
   3.3762144e+04   7.4940054e-16
   3.3761969e+04   3.0531133e-16
   3.3761795e+04   5.8286709e-16
   3.3761621e+04   1.7347235e-17
   3.3761446e+04   9.4976110e-16
   3.3761272e+04   6.7610847e-16
   3.3761098e+04   6.0807479e-16
   3.3760923e+04   1.6748587e-15
   3.3760749e+04   6.3640571e-16
   3.3760575e+04   5.9175839e-18
   3.3760400e+04   7.1375485e-16
   3.3760226e+04   8.6056303e-17
   3.3760052e+04   1.1407682e-15
   3.3759878e+04   2.1779956e-15
   3.3759703e+04   1.6809746e-16
   3.3759529e+04   1.0590655e-15
   3.3759355e+04   1.8635686e-15
   3.3759180e+04   1.2728114e-16
   3.3759006e+04   1.2180472e-15
   3.3758832e+04   7.5769918e-16
   3.3758657e+04   1.0562759e-15
   3.3758483e+04   4.0483690e-16
   3.3758309e+04   5.5102627e-17
   3.3758134e+04   5.5102627e-17
   3.3757960e+04   5.7375140e-16
   3.3757786e+04   5.6348024e-16
   3.3757611e+04   3.7823680e-16
   3.3757437e+04   1.1814153e-15
   3.3757263e+04   4.5500821e-16
   3.3757088e+04   9.3334832e-16
   3.3756914e+04   2.6170544e-16
   3.3756740e+04   4.4959827e-16
   3.3756566e+04   2.6530004e-17
   3.3756391e+04   1.0649951e-16
   3.3756217e+04   7.7349143e-17
   3.3756043e+04   1.5777142e-15
   3.3755868e+04   1.1333326e-16
   3.3755694e+04   4.4408921e-16
   3.3755520e+04   0.0000000e+00
   3.3755345e+04   8.8817842e-16
   3.3755171e+04   4.4408921e-16
   3.3754997e+04   1.3322676e-15
   3.3754822e+04   8.8817842e-16
   3.3754648e+04   7.2164497e-16
   3.3754474e+04   3.3306691e-16
   3.3754299e+04   5.8286709e-16
   3.3754125e+04   2.4980018e-16
   3.3753951e+04   8.5348395e-16
   3.3753776e+04   5.4817262e-16
   3.3753602e+04   7.1817552e-16
   3.3753428e+04   1.0685897e-15
   3.3753254e+04   6.5919492e-16
   3.3753079e+04   8.8817842e-16
   3.3752905e+04   2.9143354e-16
   3.3752731e+04   7.6327833e-16
   3.3752556e+04   8.8817842e-16
   3.3752382e+04   1.3877788e-16
   3.3752208e+04   4.0245585e-16
   3.3752033e+04   3.1918912e-16
   3.3751859e+04   3.0531133e-16
   3.3751685e+04   9.8532293e-16
   3.3751510e+04   5.4123372e-16
   3.3751336e+04   3.8857806e-16
   3.3751162e+04   1.2490009e-16
   3.3750987e+04   9.7144515e-17
   3.3750813e+04   5.9674488e-16
   3.3750639e+04   1.4849233e-15
   3.3750464e+04   1.1934898e-15
   3.3750290e+04   1.4016566e-15
   3.3750116e+04   1.1102230e-16
   3.3749942e+04   1.5126789e-15
   3.3749767e+04   5.5511151e-16
   3.3749593e+04   1.3600232e-15
   3.3749419e+04   1.9428903e-16
   3.3749244e+04   6.1062266e-16
   3.3749070e+04   1.1102230e-16
   3.3748896e+04   3.0531133e-16
   3.3748721e+04   1.3322676e-15
   3.3748547e+04   1.0269563e-15
   3.3748373e+04   5.8286709e-16
   3.3748198e+04   9.8532293e-16
   3.3748024e+04   5.9674488e-16
   3.3747850e+04   4.9960036e-16
   3.3747675e+04   6.2450045e-16
   3.3747501e+04   2.2377933e-16
   3.3747327e+04   7.8582973e-16
   3.3747152e+04   5.0220245e-16
   3.3746978e+04   1.0744444e-16
   3.3746804e+04   5.7169981e-16
   3.3746630e+04   1.0039983e-15
   3.3746455e+04   2.0664893e-16
   3.3746281e+04   7.0429773e-16
   3.3746107e+04   2.6020852e-16
   3.3745932e+04   5.5511151e-16
   3.3745758e+04   9.9920072e-16
   3.3745584e+04   1.1102230e-15
   3.3745409e+04   4.4408921e-16
   3.3745235e+04   8.8817842e-16
   3.3745061e+04   1.3322676e-15
   3.3744886e+04   1.1102230e-15
   3.3744712e+04   4.4408921e-16
   3.3744538e+04   3.4490208e-16
   3.3744363e+04   4.4831463e-17
   3.3744189e+04   2.4109302e-16
   3.3744015e+04   5.2490479e-16
   3.3743840e+04   8.5171568e-16
   3.3743666e+04   7.0423065e-16
   3.3743492e+04   7.7273245e-16
   3.3743318e+04   4.6939364e-16
   3.3743143e+04   1.0857116e-16
   3.3742969e+04   1.0930770e-15
   3.3742795e+04   2.1047778e-16
   3.3742620e+04   6.3551857e-16
   3.3742446e+04   3.0021080e-16
   3.3742272e+04   1.4993618e-16
   3.3742097e+04   3.1286301e-16
   3.3741923e+04   5.1028005e-16
   3.3741749e+04   2.8707996e-16
   3.3741574e+04   4.0041323e-16
   3.3741400e+04   4.0320280e-16
   3.3741226e+04   4.7660689e-16
   3.3741051e+04   1.8279229e-16
   3.3740877e+04   9.6389347e-16
   3.3740703e+04   2.9973218e-16
   3.3740528e+04   4.4885131e-16
   3.3740354e+04   1.3469264e-17
   3.3740180e+04   5.5987362e-16
   3.3740006e+04   1.5114533e-15
   3.3739831e+04   7.4858349e-16
   3.3739657e+04   2.5415376e-16
   3.3739483e+04   5.4164225e-16
   3.3739308e+04   2.1252040e-16
   3.3739134e+04   1.3032865e-15
   3.3738960e+04   7.4423025e-16
   3.3738785e+04   1.0069528e-16
   3.3738611e+04   6.3772772e-16
   3.3738437e+04   1.1145598e-15
   3.3738262e+04   4.7184479e-16
   3.3738088e+04   1.0130785e-15
   3.3737914e+04   1.1518564e-15
   3.3737739e+04   2.7755576e-16
   3.3737565e+04   9.4368957e-16
   3.3737391e+04   1.4432899e-15
   3.3737216e+04   5.5511151e-16
   3.3737042e+04   0.0000000e+00
   3.3736868e+04   6.6613381e-16
   3.3736694e+04   4.4408921e-16
   3.3736519e+04   0.0000000e+00
   3.3736345e+04   8.8817842e-16
   3.3736171e+04   1.7763568e-15
   3.3735996e+04   0.0000000e+00
   3.3735822e+04   0.0000000e+00
   3.3735648e+04   1.7763568e-15
   3.3735473e+04   0.0000000e+00
   3.3735299e+04   1.7763568e-15
   3.3735125e+04   8.8817842e-16
   3.3734950e+04   1.7763568e-15
   3.3734776e+04   8.8817842e-16
   3.3734602e+04   8.8817842e-16
   3.3734427e+04   8.8817842e-16
   3.3734253e+04   0.0000000e+00
   3.3734079e+04   0.0000000e+00
   3.3733904e+04   1.7763568e-15
   3.3733730e+04   8.8817842e-16
   3.3733556e+04   0.0000000e+00
   3.3733382e+04   1.5543122e-15
   3.3733207e+04   1.1102230e-16
   3.3733033e+04   1.2212453e-15
   3.3732859e+04   3.3306691e-16
   3.3732684e+04   3.8857806e-16
   3.3732510e+04   7.4940054e-16
   3.3732336e+04   9.8532293e-16
   3.3732161e+04   5.6898930e-16
   3.3731987e+04   8.2572837e-16
   3.3731813e+04   9.8532293e-16
   3.3731638e+04   1.1570606e-15
   3.3731464e+04   1.6046192e-16
   3.3731290e+04   7.8062556e-16
   3.3731115e+04   7.9797280e-16
   3.3730941e+04   8.3960616e-16
   3.3730767e+04   3.0531133e-16
   3.3730592e+04   1.3877788e-16
   3.3730418e+04   1.3877788e-16
   3.3730244e+04   1.0963452e-15
   3.3730070e+04   9.9920072e-16
   3.3729895e+04   7.4940054e-16
   3.3729721e+04   1.3877788e-17
   3.3729547e+04   9.2981178e-16
   3.3729372e+04   8.8817842e-16
   3.3729198e+04   5.1347815e-16
   3.3729024e+04   5.5511151e-17
   3.3728849e+04   1.5681900e-15
   3.3728675e+04   6.9388939e-16
   3.3728501e+04   4.7184479e-16
   3.3728326e+04   2.3592239e-16
   3.3728152e+04   1.1518564e-15
   3.3727978e+04   6.9388939e-18
   3.3727803e+04   1.6653345e-16
   3.3727629e+04   9.7144515e-17
   3.3727455e+04   8.1185059e-16
   3.3727280e+04   2.2204460e-16
   3.3727106e+04   4.3021142e-16
   3.3726932e+04   1.1171619e-15
   3.3726758e+04   3.5388359e-16
   3.3726583e+04   5.6205041e-16
   3.3726409e+04   3.6082248e-16
   3.3726235e+04   3.3306691e-16
   3.3726060e+04   7.6327833e-16
   3.3725886e+04   2.7755576e-17
   3.3725712e+04   6.5225603e-16
   3.3725537e+04   6.8001160e-16
   3.3725363e+04   6.5919492e-16
   3.3725189e+04   1.7520707e-16
   3.3725014e+04   3.4000580e-16
   3.3724840e+04   1.2143064e-15
   3.3724666e+04   4.6458063e-16
   3.3724491e+04   7.8588394e-16
   3.3724317e+04   1.8159031e-15
   3.3724143e+04   1.4790415e-15
   3.3723968e+04   1.0735770e-15
   3.3723794e+04   1.1336418e-15
   3.3723620e+04   9.5062846e-16
   3.3723446e+04   3.5041414e-16
   3.3723271e+04   8.3960616e-16
   3.3723097e+04   3.4694470e-16
   3.3722923e+04   9.9920072e-16
   3.3722748e+04   3.8857806e-16
   3.3722574e+04   3.8857806e-16
   3.3722400e+04   3.8857806e-16
   3.3722225e+04   4.4408921e-16
   3.3722051e+04   4.4408921e-16
   3.3721877e+04   1.4432899e-15
   3.3721702e+04   2.2204460e-16
   3.3721528e+04   8.8817842e-16
   3.3721354e+04   1.1102230e-15
   3.3721179e+04   3.3306691e-16
   3.3721005e+04   7.7715612e-16
   3.3720831e+04   2.2204460e-16
   3.3720656e+04   2.0539126e-15
   3.3720482e+04   5.5511151e-17
   3.3720308e+04   1.3877788e-15
   3.3720133e+04   6.1062266e-16
   3.3719959e+04   6.1062266e-16
   3.3719785e+04   8.3266727e-16
   3.3719611e+04   4.4408921e-16
   3.3719436e+04   5.5511151e-16
   3.3719262e+04   4.4408921e-16
   3.3719088e+04   3.3306691e-16
   3.3718913e+04   5.5511151e-16
   3.3718739e+04   2.2204460e-16
   3.3718565e+04   5.5511151e-16
   3.3718390e+04   3.3306691e-16
   3.3718216e+04   1.0547119e-15
   3.3718042e+04   6.3837824e-16
   3.3717867e+04   4.1633363e-16
   3.3717693e+04   4.0245585e-16
   3.3717519e+04   5.4123372e-16
   3.3717344e+04   4.5449755e-16
   3.3717170e+04   1.0529771e-15
   3.3716996e+04   7.5373735e-16
   3.3716821e+04   7.7195195e-17
   3.3716647e+04   2.3573266e-16
   3.3716473e+04   6.4244739e-16
   3.3716299e+04   9.0761045e-16
   3.3716124e+04   1.3540386e-15
   3.3715950e+04   1.9879505e-16
   3.3715776e+04   4.9884405e-16
   3.3715601e+04   4.6136927e-16
   3.3715427e+04   5.4505321e-16
   3.3715253e+04   9.7206027e-16
   3.3715078e+04   3.6022388e-16
   3.3714904e+04   1.2010926e-15
   3.3714730e+04   8.1741206e-16
   3.3714555e+04   1.1365060e-16
   3.3714381e+04   3.6835412e-16
   3.3714207e+04   6.6768621e-16
   3.3714032e+04   1.2065660e-15
   3.3713858e+04   2.7965951e-16
   3.3713684e+04   9.2465883e-17
   3.3713509e+04   1.1140083e-15
   3.3713335e+04   8.7213021e-16
   3.3713161e+04   1.0932576e-15
   3.3712987e+04   8.2027101e-16
   3.3712812e+04   1.7161171e-15
   3.3712638e+04   4.5803140e-16
   3.3712464e+04   2.7931907e-16
   3.3712289e+04   3.0981683e-16
   3.3712115e+04   1.4344077e-16
   3.3711941e+04   1.5025488e-15
   3.3711766e+04   1.0538671e-15
   3.3711592e+04   8.1102391e-16
   3.3711418e+04   4.7012548e-16
   3.3711243e+04   1.3261909e-15
   3.3711069e+04   3.3306691e-16
   3.3710895e+04   2.4980018e-16
   3.3710720e+04   4.4408921e-16
   3.3710546e+04   2.7755576e-16
   3.3710372e+04   4.8225313e-16
   3.3710197e+04   1.6948248e-15
   3.3710023e+04   6.6960326e-16
   3.3709849e+04   3.8163916e-16
   3.3709675e+04   2.7061686e-16
   3.3709500e+04   1.9463597e-15
   3.3709326e+04   1.0928758e-16
   3.3709152e+04   1.5256893e-15
   3.3708977e+04   6.9735884e-16
   3.3708803e+04   1.6653345e-16
   3.3708629e+04   2.4980018e-16
   3.3708454e+04   2.2204460e-16
   3.3708280e+04   1.2767565e-15
   3.3708106e+04   4.4408921e-16
   3.3707931e+04   1.6653345e-16
   3.3707757e+04   9.9920072e-16
   3.3707583e+04   5.5511151e-16
   3.3707408e+04   3.3306691e-16
   3.3707234e+04   4.4408921e-16
   3.3707060e+04   1.4432899e-15
   3.3706885e+04   1.1102230e-16
   3.3706711e+04   1.6653345e-16
   3.3706537e+04   1.1102230e-16
   3.3706363e+04   1.6653345e-16
   3.3706188e+04   2.6645353e-15
   3.3706014e+04   8.3266727e-16
   3.3705840e+04   6.1062266e-16
   3.3705665e+04   1.4432899e-15
   3.3705491e+04   4.4408921e-16
   3.3705317e+04   8.8817842e-16
   3.3705142e+04   7.7715612e-16
   3.3704968e+04   6.6613381e-16
   3.3704794e+04   7.7715612e-16
   3.3704619e+04   0.0000000e+00
   3.3704445e+04   4.4408921e-16
   3.3704271e+04   7.7715612e-16
   3.3704096e+04   1.5543122e-15
   3.3703922e+04   1.6653345e-16
   3.3703748e+04   1.6653345e-16
   3.3703573e+04   1.1102230e-16
   3.3703399e+04   1.1102230e-15
   3.3703225e+04   4.9960036e-16
   3.3703051e+04   3.7470027e-16
   3.3702876e+04   6.4184769e-16
   3.3702702e+04   2.2898350e-16
   3.3702528e+04   7.9797280e-17
   3.3702353e+04   4.1264735e-16
   3.3702179e+04   5.6627879e-16
   3.3702005e+04   1.7134460e-16
   3.3701830e+04   1.2330089e-16
   3.3701656e+04   8.3581145e-16
   3.3701482e+04   3.3566899e-16
   3.3701307e+04   4.2934406e-16
   3.3701133e+04   4.7011006e-16
   3.3700959e+04   1.1206314e-15
   3.3700784e+04   1.1726731e-15
   3.3700610e+04   8.4654506e-16
   3.3700436e+04   3.3306691e-16
   3.3700261e+04   1.3877788e-16
   3.3700087e+04   2.7755576e-16
   3.3699913e+04   6.1062266e-16
   3.3699739e+04   8.8817842e-16
   3.3699564e+04   3.3306691e-16
   3.3699390e+04   3.3306691e-16
   3.3699216e+04   3.3306691e-16
   3.3699041e+04   6.1062266e-16
   3.3698867e+04   0.0000000e+00
   3.3698693e+04   5.5511151e-16
   3.3698518e+04   6.3837824e-16
   3.3698344e+04   2.3592239e-16
   3.3698170e+04   2.6367797e-16
   3.3697995e+04   8.1878948e-16
   3.3697821e+04   3.6082248e-16
   3.3697647e+04   2.4980018e-16
   3.3697472e+04   3.3306691e-16
   3.3697298e+04   4.4408921e-16
   3.3697124e+04   7.7715612e-16
   3.3696949e+04   2.7755576e-16
   3.3696775e+04   3.3306691e-16
   3.3696601e+04   1.2212453e-15
   3.3696427e+04   3.8857806e-16
   3.3696252e+04   8.3266727e-16
   3.3696078e+04   9.1593400e-16
   3.3695904e+04   8.3266727e-17
   3.3695729e+04   8.8817842e-16
   3.3695555e+04   1.6375790e-15
   3.3695381e+04   2.7755576e-17
   3.3695206e+04   2.7755576e-16
   3.3695032e+04   1.8041124e-16
   3.3694858e+04   1.6653345e-16
   3.3694683e+04   1.1102230e-16
   3.3694509e+04   1.5265567e-16
   3.3694335e+04   1.8041124e-16
   3.3694160e+04   6.3837824e-16
   3.3693986e+04   8.8817842e-16
   3.3693812e+04   0.0000000e+00
   3.3693637e+04   3.3306691e-16
   3.3693463e+04   5.5511151e-17
   3.3693289e+04   1.1102230e-16
   3.3693115e+04   2.4980018e-16
   3.3692940e+04   2.2204460e-16
   3.3692766e+04   4.4408921e-16
   3.3692592e+04   2.7755576e-16
   3.3692417e+04   4.4408921e-16
   3.3692243e+04   1.1657342e-15
   3.3692069e+04   9.4368957e-16
   3.3691894e+04   1.1102230e-16
   3.3691720e+04   1.7208457e-15
   3.3691546e+04   2.7755576e-16
   3.3691371e+04   3.3306691e-16
   3.3691197e+04   3.8857806e-16
   3.3691023e+04   3.3306691e-16
   3.3690848e+04   1.1102230e-15
   3.3690674e+04   1.1102230e-15
   3.3690500e+04   3.3306691e-16
   3.3690325e+04   4.7184479e-16
   3.3690151e+04   2.7755576e-16
   3.3689977e+04   1.5265567e-16
   3.3689803e+04   1.3322676e-15
   3.3689628e+04   7.7715612e-16
   3.3689454e+04   1.3322676e-15
   3.3689280e+04   6.6613381e-16
   3.3689105e+04   1.1102230e-16
   3.3688931e+04   4.9960036e-16
   3.3688757e+04   0.0000000e+00
   3.3688582e+04   8.6042284e-16
   3.3688408e+04   7.7715612e-16
   3.3688234e+04   0.0000000e+00
   3.3688059e+04   1.3704315e-15
   3.3687885e+04   2.7929048e-16
   3.3687711e+04   8.6389229e-16
   3.3687536e+04   1.2559398e-15
   3.3687362e+04   3.6776138e-16
   3.3687188e+04   2.0816682e-16
   3.3687013e+04   8.5001450e-17
   3.3686839e+04   4.5709964e-16
   3.3686665e+04   2.1857516e-16
   3.3686491e+04   2.7755576e-17
   3.3686316e+04   6.1062266e-16
   3.3686142e+04   1.1102230e-16
   3.3685968e+04   2.7755576e-16
   3.3685793e+04   2.2204460e-16
   3.3685619e+04   3.8857806e-16
   3.3685445e+04   7.7715612e-16
   3.3685270e+04   3.3306691e-16
   3.3685096e+04   1.1102230e-16
   3.3684922e+04   1.3322676e-15
   3.3684747e+04   1.1102230e-16
   3.3684573e+04   1.2212453e-15
   3.3684399e+04   1.1657342e-15
   3.3684224e+04   9.9920072e-16
   3.3684050e+04   1.1657342e-15
   3.3683876e+04   3.3306691e-16
   3.3683701e+04   1.6098234e-15
   3.3683527e+04   4.9960036e-16
   3.3683353e+04   3.3306691e-16
   3.3683179e+04   8.8817842e-16
   3.3683004e+04   8.8817842e-16
   3.3682830e+04   9.9920072e-16
   3.3682656e+04   1.5543122e-15
   3.3682481e+04   1.1102230e-16
   3.3682307e+04   4.4408921e-16
   3.3682133e+04   2.2204460e-16
   3.3681958e+04   9.9920072e-16
   3.3681784e+04   2.2204460e-15
   3.3681610e+04   4.9960036e-16
   3.3681435e+04   2.7755576e-16
   3.3681261e+04   1.7763568e-15
   3.3681087e+04   8.8817842e-16
   3.3680912e+04   9.9920072e-16
   3.3680738e+04   1.0130785e-15
   3.3680564e+04   3.9898640e-16
   3.3680389e+04   7.0082828e-16
   3.3680215e+04   9.3675068e-16
   3.3680041e+04   5.4795578e-16
   3.3679867e+04   8.6920488e-16
   3.3679692e+04   1.7326364e-15
   3.3679518e+04   1.7452944e-16
   3.3679344e+04   6.9898514e-16
   3.3679169e+04   3.2395961e-16
   3.3678995e+04   3.3827108e-17
   3.3678821e+04   1.5733942e-15
   3.3678646e+04   5.3082538e-16
   3.3678472e+04   1.2420620e-15
   3.3678298e+04   2.3592239e-16
   3.3678123e+04   0.0000000e+00
   3.3677949e+04   6.3837824e-16
   3.3677775e+04   1.3877788e-15
   3.3677600e+04   6.6613381e-16
   3.3677426e+04   4.4408921e-16
   3.3677252e+04   3.3306691e-16
   3.3677077e+04   1.5543122e-15
   3.3676903e+04   8.8817842e-16
   3.3676729e+04   6.6613381e-16
   3.3676554e+04   1.4432899e-15
   3.3676380e+04   3.3306691e-16
   3.3676206e+04   2.2204460e-16
   3.3676032e+04   2.7755576e-16
   3.3675857e+04   1.0547119e-15
   3.3675683e+04   3.8857806e-16
   3.3675509e+04   3.8857806e-16
   3.3675334e+04   7.2164497e-16
   3.3675160e+04   6.1062266e-16
   3.3674986e+04   8.8817842e-16
   3.3674811e+04   1.4432899e-15
   3.3674637e+04   1.7763568e-15
   3.3674463e+04   5.5511151e-16
   3.3674288e+04   5.5511151e-16
   3.3674114e+04   1.3322676e-15
   3.3673940e+04   1.1102230e-16
   3.3673765e+04   3.3306691e-16
   3.3673591e+04   4.9960036e-16
   3.3673417e+04   2.7755576e-17
   3.3673242e+04   1.6930901e-15
   3.3673068e+04   4.1633363e-17
   3.3672894e+04   1.1102230e-15
   3.3672720e+04   6.6960326e-16
   3.3672545e+04   1.1327744e-15
   3.3672371e+04   4.6230381e-16
   3.3672197e+04   2.7105054e-16
   3.3672022e+04   5.7291953e-16
   3.3671848e+04   5.8541835e-16
   3.3671674e+04   3.7279786e-17
   3.3671499e+04   8.1294199e-17
   3.3671325e+04   4.5000679e-16
   3.3671151e+04   7.8504623e-16
   3.3670976e+04   2.8034533e-16
   3.3670802e+04   8.0477151e-17
   3.3670628e+04   1.5257396e-15
   3.3670453e+04   8.3110326e-16
   3.3670279e+04   7.1212076e-16
   3.3670105e+04   1.8219353e-15
   3.3669930e+04   1.1542374e-15
   3.3669756e+04   2.1478590e-15
   3.3669582e+04   1.8262888e-15
   3.3669408e+04   2.6105881e-15
   3.3669233e+04   5.9912593e-16
   3.3669059e+04   7.9144243e-16
   3.3668885e+04   5.0000889e-16
   3.3668710e+04   7.8191822e-16
   3.3668536e+04   4.7041495e-16
   3.3668362e+04   5.5864804e-16
   3.3668187e+04   1.7860793e-16
   3.3668013e+04   8.3562606e-16
   3.3667839e+04   7.5974180e-16
   3.3667664e+04   4.7381731e-16
   3.3667490e+04   9.9083199e-16
   3.3667316e+04   7.3429718e-16
   3.3667141e+04   1.6201066e-16
   3.3666967e+04   4.9593567e-17
   3.3666793e+04   1.0590655e-15
   3.3666618e+04   1.4178453e-15
   3.3666444e+04   2.2204460e-16
   3.3666270e+04   3.3306691e-16
   3.3666096e+04   9.9920072e-16
   3.3665921e+04   9.9920072e-16
   3.3665747e+04   9.4368957e-16
   3.3665573e+04   9.1593400e-16
   3.3665398e+04   7.0776718e-16
   3.3665224e+04   2.3592239e-16
   3.3665050e+04   1.0200174e-15
   3.3664875e+04   3.3306691e-16
   3.3664701e+04   8.8470897e-17
   3.3664527e+04   1.8821750e-16
   3.3664352e+04   5.3082538e-16
   3.3664178e+04   6.9388939e-17
   3.3664004e+04   2.8449465e-16
   3.3663829e+04   6.5225603e-16
   3.3663655e+04   6.1062266e-16
   3.3663481e+04   8.3266727e-17
   3.3663306e+04   3.1918912e-16
   3.3663132e+04   7.7715612e-16
   3.3662958e+04   2.6367797e-15
   3.3662784e+04   4.8572257e-16
   3.3662609e+04   1.0408341e-15
   3.3662435e+04   2.0539126e-15
   3.3662261e+04   2.2065683e-15
   3.3662086e+04   1.9428903e-15
   3.3661912e+04   1.9012569e-15
   3.3661738e+04   3.5804693e-15
   3.3661563e+04   2.5812685e-15
   3.3661389e+04   1.6514567e-15
   3.3661215e+04   2.5118796e-15
   3.3661040e+04   2.5604519e-15
   3.3660866e+04   1.1657342e-15
   3.3660692e+04   2.2065683e-15
   3.3660517e+04   1.7971735e-15
   3.3660343e+04   1.8873791e-15
   3.3660169e+04   1.5959456e-15
   3.3659994e+04   1.1726731e-15
   3.3659820e+04   2.4077962e-15
   3.3659646e+04   1.1032841e-15
   3.3659472e+04   2.4980018e-16
   3.3659297e+04   8.8817842e-16
   3.3659123e+04   1.1241008e-15
   3.3658949e+04   1.1102230e-15
   3.3658774e+04   6.9388939e-17
   3.3658600e+04   1.6098234e-15
   3.3658426e+04   2.9282132e-15
   3.3658251e+04   1.7468665e-15
   3.3658077e+04   3.3497510e-15
   3.3657903e+04   2.6896887e-15
   3.3657728e+04   3.2787358e-15
   3.3657554e+04   4.1799246e-15
   3.3657380e+04   3.4187469e-15
   3.3657205e+04   4.6229025e-15
   3.3657031e+04   3.7853835e-15
   3.3656857e+04   4.0913453e-15
   3.3656682e+04   1.0824674e-15
   3.3656508e+04   2.8622937e-15
   3.3656334e+04   1.1449175e-15
   3.3656160e+04   3.3167913e-15
   3.3655985e+04   4.9960036e-16
   3.3655811e+04   2.8310687e-15
   3.3655637e+04   3.8302694e-15
   3.3655462e+04   3.9412917e-15
   3.3655288e+04   5.1077028e-15
   3.3655114e+04   5.9930916e-15
   3.3654939e+04   8.4771455e-15
   3.3654765e+04   8.8371510e-15
   3.3654591e+04   1.3338176e-14
   3.3654416e+04   1.5399979e-14
   3.3654242e+04   2.0968030e-14
   3.3654068e+04   2.5670896e-14
   3.3653893e+04   3.5190778e-14
   3.3653719e+04   4.2804781e-14
   3.3653545e+04   5.6534663e-14
   3.3653370e+04   7.2749078e-14
   3.3653196e+04   9.3918061e-14
   3.3653022e+04   1.1998590e-13
   3.3652848e+04   1.5173547e-13
   3.3652673e+04   1.8495329e-13
   3.3652499e+04   2.1201543e-13
   3.3652325e+04   2.0996084e-13
   3.3652150e+04   1.2622716e-13
   3.3651976e+04   1.6701211e-13
   3.3651802e+04   9.6887370e-13
   3.3651627e+04   2.9930924e-12
   3.3651453e+04   8.0063928e-12
   3.3651279e+04   2.0483830e-11
   3.3651104e+04   5.2449497e-11
   3.3650930e+04   1.3818401e-10
   3.3650756e+04   3.8377034e-10
   3.3650581e+04   1.1528717e-09
   3.3650407e+04   3.8721247e-09
   3.3650233e+04   1.5261063e-08
   3.3650058e+04   7.6541237e-08
   3.3649884e+04   5.7545564e-07
   3.3649710e+04   1.0699638e-05
   3.3649536e+04   3.5867931e-04
   3.3649361e+04   2.7219687e-03
   3.3649187e+04   1.1643223e-02
   3.3649013e+04   3.6053778e-02
   3.3648838e+04   9.1265169e-02
   3.3648664e+04   2.0048282e-01
   3.3648490e+04   3.9403888e-01
   3.3648315e+04   7.0675659e-01
   3.3648141e+04   1.1732913e+00
   3.3647967e+04   1.8211125e+00
   3.3647792e+04   2.6635711e+00
   3.3647618e+04   3.6944825e+00
   3.3647444e+04   4.8848712e+00
   3.3647269e+04   6.1842886e+00
   3.3647095e+04   7.5269637e+00
   3.3646921e+04   8.8406901e+00
   3.3646746e+04   1.0057206e+01
   3.3646572e+04   1.1121817e+01
   3.3646398e+04   1.1999321e+01
   3.3646224e+04   1.2675430e+01
   3.3646049e+04   1.3153307e+01
   3.3645875e+04   1.3445791e+01
   3.3645701e+04   1.3566472e+01
   3.3645526e+04   1.3522536e+01
   3.3645352e+04   1.3311250e+01
   3.3645178e+04   1.2921284e+01
   3.3645003e+04   1.2338402e+01
   3.3644829e+04   1.1553823e+01
   3.3644655e+04   1.0572992e+01
   3.3644480e+04   9.4212965e+00
   3.3644306e+04   8.1448455e+00
   3.3644132e+04   6.8066202e+00
   3.3643957e+04   5.4783209e+00
   3.3643783e+04   4.2299258e+00
   3.3643609e+04   3.1199713e+00
   3.3643434e+04   2.1879026e+00
   3.3643260e+04   1.4503018e+00
   3.3643086e+04   9.0230366e-01
   3.3642912e+04   5.2222455e-01
   3.3642737e+04   2.7780744e-01
   3.3642563e+04   1.3355636e-01
   3.3642389e+04   5.6635112e-02
   3.3642214e+04   2.0295037e-02
   3.3642040e+04   5.6281101e-03
   3.3641866e+04   1.0130874e-03
   3.3641691e+04   7.7232738e-05
   3.3641517e+04   1.5149484e-06
   3.3641343e+04   1.8461060e-07
   3.3641168e+04   3.7461636e-08
   3.3640994e+04   1.0100683e-08
   3.3640820e+04   3.2850908e-09
   3.3640645e+04   1.2224425e-09
   3.3640471e+04   5.0378744e-10
   3.3640297e+04   2.2497079e-10
   3.3640122e+04   1.0723554e-10
   3.3639948e+04   5.3937479e-11
   3.3639774e+04   2.8414771e-11
   3.3639600e+04   1.5567117e-11
   3.3639425e+04   8.8502122e-12
   3.3639251e+04   5.2006316e-12
   3.3639077e+04   3.1865482e-12
   3.3638902e+04   2.0395075e-12
   3.3638728e+04   1.4157148e-12
   3.3638554e+04   1.0906831e-12
   3.3638379e+04   9.9260877e-13
   3.3638205e+04   1.0687007e-12
   3.3638031e+04   1.3435086e-12
   3.3637856e+04   1.8716417e-12
   3.3637682e+04   2.7877145e-12
   3.3637508e+04   4.3454129e-12
   3.3637333e+04   6.9896033e-12
   3.3637159e+04   1.1592394e-11
   3.3636985e+04   1.9792418e-11
   3.3636810e+04   3.4887065e-11
   3.3636636e+04   6.3658814e-11
   3.3636462e+04   1.2073818e-10
   3.3636288e+04   2.3889836e-10
   3.3636113e+04   4.9394377e-10
   3.3635939e+04   1.0587885e-09
   3.3635765e+04   2.2369769e-09
   3.3635590e+04   3.1817416e-09
   3.3635416e+04   2.4700745e-08
   3.3635242e+04   9.7526994e-07
   3.3635067e+04   1.8197154e-04
   3.3634893e+04   1.7338476e-03
   3.3634719e+04   8.3228078e-03
   3.3634544e+04   2.7588903e-02
   3.3634370e+04   7.3003464e-02
   3.3634196e+04   1.6572380e-01
   3.3634021e+04   3.3445775e-01
   3.3633847e+04   6.1323050e-01
   3.3633673e+04   1.0373614e+00
   3.3633498e+04   1.6369010e+00
   3.3633324e+04   2.4294193e+00
   3.3633150e+04   3.4141910e+00
   3.3632975e+04   4.5681895e+00
   3.3632801e+04   5.8460386e+00
   3.3632627e+04   7.1851079e+00
   3.3632453e+04   8.5138574e+00
   3.3632278e+04   9.7619617e+00
   3.3632104e+04   1.0870458e+01
   3.3631930e+04   1.1798789e+01
   3.3631755e+04   1.2527399e+01
   3.3631581e+04   1.3055571e+01
   3.3631407e+04   1.3394530e+01
   3.3631232e+04   1.3558471e+01
   3.3631058e+04   1.3556745e+01
   3.3630884e+04   1.3389245e+01
   3.3630709e+04   1.3046455e+01
   3.3630535e+04   1.2514154e+01
   3.3630361e+04   1.1781278e+01
   3.3630186e+04   1.0848881e+01
   3.3630012e+04   9.7369577e+00
   3.3629838e+04   8.4864946e+00
   3.3629663e+04   7.1567811e+00
   3.3629489e+04   5.8182780e+00
   3.3629315e+04   4.5424375e+00
   3.3629141e+04   3.3916052e+00
   3.3628966e+04   2.4107237e+00
   3.3628792e+04   1.6223313e+00
   3.3628618e+04   1.0267184e+00
   3.3628443e+04   6.0598729e-01
   3.3628269e+04   3.2989895e-01
   3.3628095e+04   1.6310164e-01
   3.3627920e+04   7.1648820e-02
   3.3627746e+04   2.6973813e-02
   3.3627572e+04   8.0888962e-03
   3.3627397e+04   1.6680026e-03
   3.3627223e+04   1.7141574e-04
   3.3627049e+04   5.8455727e-07
   3.3626874e+04   4.2624675e-09
   3.3626700e+04   7.7376998e-09
   3.3626526e+04   3.2724666e-09
   3.3626351e+04   1.3543822e-09
   3.3626177e+04   5.9269346e-10
   3.3626003e+04   2.7594303e-10
   3.3625829e+04   1.3592549e-10
   3.3625654e+04   7.0344252e-11
   3.3625480e+04   3.8002186e-11
   3.3625306e+04   2.1317140e-11
   3.3625131e+04   1.2368211e-11
   3.3624957e+04   7.3986496e-12
   3.3624783e+04   4.5683326e-12
   3.3624608e+04   2.9157531e-12
   3.3624434e+04   1.9489086e-12
   3.3624260e+04   1.3894126e-12
   3.3624085e+04   1.1048684e-12
   3.3623911e+04   1.0200136e-12
   3.3623737e+04   1.1259619e-12
   3.3623562e+04   1.4497062e-12
   3.3623388e+04   2.0920488e-12
   3.3623214e+04   3.2482055e-12
   3.3623039e+04   5.2967446e-12
   3.3622865e+04   8.9773559e-12
   3.3622691e+04   1.5746005e-11
   3.3622517e+04   2.8643755e-11
   3.3622342e+04   5.4203648e-11
   3.3622168e+04   1.0739376e-10
   3.3621994e+04   2.2455112e-10
   3.3621819e+04   5.0107975e-10
   3.3621645e+04   1.2115509e-09
   3.3621471e+04   3.2438903e-09
   3.3621296e+04   9.9366657e-09
   3.3621122e+04   3.6713250e-08
   3.3620948e+04   1.8025661e-07
   3.3620773e+04   1.4763249e-06
   3.3620599e+04   8.2954832e-05
   3.3620425e+04   1.0582488e-03
   3.3620250e+04   5.8091897e-03
   3.3620076e+04   2.0806242e-02
   3.3619902e+04   5.7816433e-02
   3.3619727e+04   1.3593626e-01
   3.3619553e+04   2.8209544e-01
   3.3619379e+04   5.2926304e-01
   3.3619205e+04   9.1297500e-01
   3.3619030e+04   1.4653749e+00
   3.3618856e+04   2.2078740e+00
   3.3618682e+04   3.1449322e+00
   3.3618507e+04   4.2594660e+00
   3.3618333e+04   5.5115295e+00
   3.3618159e+04   6.8421951e+00
   3.3617984e+04   8.1812679e+00
   3.3617810e+04   9.4570494e+00
   3.3617636e+04   1.0606776e+01
   3.3617461e+04   1.1584703e+01
   3.3617287e+04   1.2365860e+01
   3.3617113e+04   1.2945172e+01
   3.3616938e+04   1.3331638e+01
   3.3616764e+04   1.3539529e+01
   3.3616590e+04   1.3580050e+01
   3.3616415e+04   1.3455727e+01
   3.3616241e+04   1.3159178e+01
   3.3616067e+04   1.2676732e+01
   3.3615893e+04   1.1995645e+01
   3.3615718e+04   1.1113050e+01
   3.3615544e+04   1.0043672e+01
   3.3615370e+04   8.8231907e+00
   3.3615195e+04   7.5067230e+00
   3.3615021e+04   6.1627934e+00
   3.3614847e+04   4.8636537e+00
   3.3614672e+04   3.6749066e+00
   3.3614498e+04   2.6466522e+00
   3.3614324e+04   1.8074110e+00
   3.3614149e+04   1.1629177e+00
   3.3613975e+04   6.9944875e-01
   3.3613801e+04   3.8927783e-01
   3.3613626e+04   1.9764209e-01
   3.3613452e+04   8.9737395e-02
   3.3613278e+04   3.5327307e-02
   3.3613103e+04   1.1348764e-02
   3.3612929e+04   2.6298588e-03
   3.3612755e+04   3.4076370e-04
   3.3612581e+04   9.4696120e-06
   3.3612406e+04   5.1836934e-07
   3.3612232e+04   6.8788409e-08
   3.3612058e+04   1.3605863e-08
   3.3611883e+04   3.4108241e-09
   3.3611709e+04   9.9909189e-10
   3.3611535e+04   3.2538514e-10
   3.3611360e+04   1.1372278e-10
   3.3611186e+04   4.1357986e-11
   3.3611012e+04   1.5136059e-11
   3.3610837e+04   5.2796101e-12
   3.3610663e+04   1.5493162e-12
   3.3610489e+04   1.6464607e-13
   3.3610314e+04   2.8915759e-13
   3.3610140e+04   3.9648840e-13
   3.3609966e+04   3.7195247e-13
   3.3609791e+04   3.1125102e-13
   3.3609617e+04   2.4891200e-13
   3.3609443e+04   1.8957058e-13
   3.3609269e+04   1.4882540e-13
   3.3609094e+04   1.0867696e-13
   3.3608920e+04   8.8498653e-14
   3.3608746e+04   6.0493277e-14
   3.3608571e+04   5.2208238e-14
   3.3608397e+04   3.3389957e-14
   3.3608223e+04   3.3861802e-14
   3.3608048e+04   1.6930901e-14
   3.3607874e+04   2.0844437e-14
   3.3607700e+04   8.7707619e-15
   3.3607525e+04   1.4821477e-14
   3.3607351e+04   6.1617378e-15
   3.3607177e+04   9.3258734e-15
   3.3607002e+04   1.6653345e-15
   3.3606828e+04   6.6335826e-15
   3.3606654e+04   4.1633363e-16
   3.3606479e+04   4.2188475e-15
   3.3606305e+04   4.1633363e-16
   3.3606131e+04   3.9135362e-15
   3.3605957e+04   5.5511151e-16
   3.3605782e+04   2.5396352e-15
   3.3605608e+04   1.8318680e-15
   3.3605434e+04   3.0531133e-15
   3.3605259e+04   1.7624791e-15
   3.3605085e+04   3.2057690e-15
   3.3604911e+04   2.8588243e-15
   3.3604736e+04   2.2759572e-15
   3.3604562e+04   7.7715612e-16
   3.3604388e+04   2.5535130e-15
   3.3604213e+04   1.3877788e-15
   3.3604039e+04   1.3877788e-15
   3.3603865e+04   1.4155344e-15
   3.3603690e+04   1.9984014e-15
   3.3603516e+04   1.4432899e-15
   3.3603342e+04   6.1062266e-16
   3.3603167e+04   9.9920072e-16
   3.3602993e+04   9.4368957e-16
   3.3602819e+04   1.0547119e-15
   3.3602645e+04   9.9920072e-16
   3.3602470e+04   6.6613381e-16
   3.3602296e+04   1.2212453e-15
   3.3602122e+04   1.6653345e-16
   3.3601947e+04   9.7144515e-16
   3.3601773e+04   1.8873791e-15
   3.3601599e+04   6.6613381e-16
   3.3601424e+04   1.7763568e-15
   3.3601250e+04   1.5543122e-15
   3.3601076e+04   1.6930901e-15
   3.3600901e+04   1.2767565e-15
   3.3600727e+04   1.3739010e-15
   3.3600553e+04   1.9984014e-15
   3.3600378e+04   2.1094237e-15
   3.3600204e+04   1.6653345e-15
   3.3600030e+04   1.8873791e-15
   3.3599855e+04   1.6098234e-15
   3.3599681e+04   3.3306691e-16
   3.3599507e+04   3.5388359e-16
   3.3599333e+04   3.5041414e-16
   3.3599158e+04   1.0061396e-16
   3.3598984e+04   5.3429483e-16
   3.3598810e+04   2.0122792e-16
   3.3598635e+04   2.3592239e-16
   3.3598461e+04   9.8185349e-16
   3.3598287e+04   1.6861512e-15
   3.3598112e+04   1.9394208e-15
   3.3597938e+04   2.6541269e-15
   3.3597764e+04   1.8856444e-15
   3.3597589e+04   1.2108370e-15
   3.3597415e+04   2.1441182e-15
   3.3597241e+04   1.4988011e-15
   3.3597066e+04   1.4988011e-15
   3.3596892e+04   4.4408921e-16
   3.3596718e+04   1.1657342e-15
   3.3596543e+04   3.3306691e-16
   3.3596369e+04   1.1102230e-16
   3.3596195e+04   4.4408921e-16
   3.3596021e+04   0.0000000e+00
   3.3595846e+04   1.3322676e-15
   3.3595672e+04   8.8817842e-16
   3.3595498e+04   4.4408921e-16
   3.3595323e+04   4.4408921e-16
   3.3595149e+04   3.5527137e-15
   3.3594975e+04   2.2204460e-15
   3.3594800e+04   1.7763568e-15
   3.3594626e+04   4.4408921e-16
   3.3594452e+04   2.2204460e-15
   3.3594277e+04   2.6645353e-15
   3.3594103e+04   8.8817842e-16
   3.3593929e+04   1.3322676e-15
   3.3593754e+04   0.0000000e+00
   3.3593580e+04   1.3322676e-15
   3.3593406e+04   1.7763568e-15
   3.3593231e+04   1.3322676e-15
   3.3593057e+04   8.8817842e-16
   3.3592883e+04   6.6613381e-16
   3.3592709e+04   1.5543122e-15
   3.3592534e+04   4.4408921e-16
   3.3592360e+04   1.2212453e-15
   3.3592186e+04   3.3306691e-16
   3.3592011e+04   3.8857806e-16
   3.3591837e+04   4.9960036e-16
   3.3591663e+04   9.7144515e-16
   3.3591488e+04   3.4694470e-16
   3.3591314e+04   6.7307271e-16
   3.3591140e+04   3.5388359e-16
   3.3590965e+04   6.5919492e-16
   3.3590791e+04   1.3183898e-16
   3.3590617e+04   1.2577829e-15
   3.3590442e+04   1.2052805e-15
   3.3590268e+04   6.4637423e-16
   3.3590094e+04   5.6020726e-16
   3.3589919e+04   2.6844846e-16
   3.3589745e+04   5.6118304e-16
   3.3589571e+04   1.3010426e-16
   3.3589396e+04   4.6143644e-16
   3.3589222e+04   7.2858386e-16
   3.3589048e+04   1.4432899e-15
   3.3588874e+04   3.1918912e-16
   3.3588699e+04   4.4408921e-16
   3.3588525e+04   6.1062266e-16
   3.3588351e+04   1.3322676e-15
   3.3588176e+04   1.1102230e-15
   3.3588002e+04   8.8817842e-16
   3.3587828e+04   0.0000000e+00
   3.3587653e+04   1.7763568e-15
   3.3587479e+04   8.8817842e-16
   3.3587305e+04   0.0000000e+00
   3.3587130e+04   0.0000000e+00
   3.3586956e+04   4.4408921e-16
   3.3586782e+04   8.8817842e-16
   3.3586607e+04   0.0000000e+00
   3.3586433e+04   8.8817842e-16
   3.3586259e+04   8.8817842e-16
   3.3586084e+04   8.8817842e-16
   3.3585910e+04   0.0000000e+00
   3.3585736e+04   4.4408921e-16
   3.3585562e+04   4.4408921e-16
   3.3585387e+04   8.8817842e-16
   3.3585213e+04   1.3322676e-15
   3.3585039e+04   2.2204460e-15
   3.3584864e+04   1.9984014e-15
   3.3584690e+04   8.8817842e-16
   3.3584516e+04   1.7763568e-15
   3.3584341e+04   2.3314684e-15
   3.3584167e+04   4.9960036e-16
   3.3583993e+04   1.7763568e-15
   3.3583818e+04   1.3045121e-15
   3.3583644e+04   1.2490009e-15
   3.3583470e+04   3.1225023e-16
   3.3583295e+04   5.7939764e-16
   3.3583121e+04   1.7945714e-15
   3.3582947e+04   4.3801768e-16
   3.3582772e+04   5.4513685e-16
   3.3582598e+04   8.9072629e-16
   3.3582424e+04   1.2672323e-15
   3.3582250e+04   2.5177271e-16
   3.3582075e+04   9.4960715e-16
   3.3581901e+04   7.2953508e-16
   3.3581727e+04   9.6865557e-16
   3.3581552e+04   8.5763327e-16
   3.3581378e+04   1.3469625e-15
   3.3581204e+04   9.1749800e-16
   3.3581029e+04   7.4504696e-16
   3.3580855e+04   1.3560781e-15
   3.3580681e+04   9.4763463e-17
   3.3580506e+04   1.0856655e-15
   3.3580332e+04   1.0272367e-16
   3.3580158e+04   3.0374733e-16
   3.3579983e+04   2.0376538e-15
   3.3579809e+04   1.9702373e-15
   3.3579635e+04   1.3041035e-15
   3.3579460e+04   2.2850729e-15
   3.3579286e+04   2.3230996e-15
   3.3579112e+04   1.7660156e-15
   3.3578938e+04   1.4276088e-15
   3.3578763e+04   1.0437929e-15
   3.3578589e+04   1.0998818e-15
   3.3578415e+04   3.2116165e-16
   3.3578240e+04   1.8096215e-15
   3.3578066e+04   1.2755309e-15
   3.3577892e+04   1.0037235e-15
   3.3577717e+04   1.1438962e-15
   3.3577543e+04   3.3742049e-16
   3.3577369e+04   1.1125340e-15
   3.3577194e+04   8.8817842e-16
   3.3577020e+04   8.8817842e-16
   3.3576846e+04   6.6613381e-16
   3.3576671e+04   5.5511151e-16
   3.3576497e+04   8.8817842e-16
   3.3576323e+04   8.3266727e-16
   3.3576148e+04   3.8857806e-16
   3.3575974e+04   1.1102230e-16
   3.3575800e+04   1.8041124e-16
   3.3575626e+04   1.3877788e-16
   3.3575451e+04   6.8521577e-16
   3.3575277e+04   1.7260499e-16
   3.3575103e+04   1.1449175e-16
   3.3574928e+04   2.9143354e-16
   3.3574754e+04   4.5102810e-16
   3.3574580e+04   4.1633363e-16
   3.3574405e+04   1.5265567e-16
   3.3574231e+04   3.1918912e-16
   3.3574057e+04   7.2164497e-16
   3.3573882e+04   3.6082248e-16
   3.3573708e+04   3.7470027e-16
   3.3573534e+04   2.3592239e-16
   3.3573359e+04   6.9388939e-16
   3.3573185e+04   9.0205621e-16
   3.3573011e+04   4.1633363e-17
   3.3572836e+04   9.4368957e-16
   3.3572662e+04   7.9103391e-16
   3.3572488e+04   4.8572257e-16
   3.3572314e+04   2.1233015e-15
   3.3572139e+04   5.6898930e-16
   3.3571965e+04   7.4940054e-16
   3.3571791e+04   7.3552275e-16
   3.3571616e+04   1.1102230e-16
   3.3571442e+04   1.8041124e-16
   3.3571268e+04   1.6653345e-15
   3.3571093e+04   1.0824674e-15
   3.3570919e+04   1.2490009e-15
   3.3570745e+04   1.1657342e-15
   3.3570570e+04   1.4432899e-15
   3.3570396e+04   5.8286709e-16
   3.3570222e+04   1.8873791e-15
   3.3570047e+04   9.1593400e-16
   3.3569873e+04   1.5265567e-15
   3.3569699e+04   6.5225603e-16
   3.3569524e+04   1.2490009e-16
   3.3569350e+04   1.6653345e-16
   3.3569176e+04   4.5796700e-16
   3.3569002e+04   1.7347235e-18
   3.3568827e+04   1.7520707e-16
   3.3568653e+04   5.5771360e-16
   3.3568479e+04   7.1806710e-16
   3.3568304e+04   4.6067750e-16
   3.3568130e+04   2.8236690e-16
   3.3567956e+04   4.2863933e-16
   3.3567781e+04   2.0469737e-16
   3.3567607e+04   6.2710254e-16
   3.3567433e+04   6.1062266e-16
   3.3567258e+04   1.0477730e-15
   3.3567084e+04   5.6898930e-16
   3.3566910e+04   1.8596236e-15
   3.3566735e+04   6.1062266e-16
   3.3566561e+04   1.9984014e-15
   3.3566387e+04   2.6645353e-15
   3.3566212e+04   1.5543122e-15
   3.3566038e+04   2.0102366e-15
   3.3565864e+04   1.0653916e-15
   3.3565690e+04   8.6913000e-16
   3.3565515e+04   2.3012616e-15
   3.3565341e+04   1.4797527e-15
   3.3565167e+04   1.9603046e-15
   3.3564992e+04   1.6609109e-15
   3.3564818e+04   2.3567728e-15
   3.3564644e+04   2.7175953e-15
   3.3564469e+04   2.6751449e-15
   3.3564295e+04   2.4586794e-15
   3.3564121e+04   2.6616756e-15
   3.3563946e+04   2.4198356e-15
   3.3563772e+04   2.3480656e-15
   3.3563598e+04   1.0194046e-15
   3.3563423e+04   5.1028005e-16
   3.3563249e+04   6.0109846e-16
   3.3563075e+04   1.9547255e-15
   3.3562900e+04   1.4024035e-15
   3.3562726e+04   6.3361614e-16
   3.3562552e+04   2.6129692e-16
   3.3562378e+04   2.5735186e-16
   3.3562203e+04   7.9933254e-16
   3.3562029e+04   6.0586056e-16
   3.3561855e+04   4.5755847e-16
   3.3561680e+04   7.1688286e-16
   3.3561506e+04   9.8370086e-17
   3.3561332e+04   1.9347198e-16
   3.3561157e+04   5.9864731e-17
   3.3560983e+04   1.0126700e-15
   3.3560809e+04   1.0149810e-16
   3.3560634e+04   1.0979673e-16
   3.3560460e+04   1.1619302e-16
   3.3560286e+04   1.1553936e-15
   3.3560111e+04   3.0455239e-16
   3.3559937e+04   3.2916378e-16
   3.3559763e+04   4.7184479e-16
   3.3559588e+04   5.6205041e-16
   3.3559414e+04   8.3960616e-16
   3.3559240e+04   5.6898930e-16
   3.3559066e+04   0.0000000e+00
   3.3558891e+04   3.8857806e-16
   3.3558717e+04   6.6613381e-16
   3.3558543e+04   2.2204460e-16
   3.3558368e+04   3.3306691e-16
   3.3558194e+04   1.3322676e-15
   3.3558020e+04   4.4408921e-16
   3.3557845e+04   4.4408921e-16
   3.3557671e+04   8.8817842e-16
   3.3557497e+04   4.4408921e-16
   3.3557322e+04   4.4408921e-16
   3.3557148e+04   1.3322676e-15
   3.3556974e+04   0.0000000e+00
   3.3556799e+04   1.7763568e-15
   3.3556625e+04   4.4408921e-16
   3.3556451e+04   1.7763568e-15
   3.3556276e+04   4.4408921e-16
   3.3556102e+04   8.8817842e-16
   3.3555928e+04   4.4408921e-16
   3.3555754e+04   4.4408921e-16
   3.3555579e+04   1.7763568e-15
   3.3555405e+04   0.0000000e+00
   3.3555231e+04   8.8817842e-16
   3.3555056e+04   0.0000000e+00
   3.3554882e+04   6.6613381e-16
   3.3554708e+04   3.3306691e-16
   3.3554533e+04   3.3306691e-16
   3.3554359e+04   5.5511151e-16
   3.3554185e+04   4.9960036e-16
   3.3554010e+04   8.0491169e-16
   3.3553836e+04   5.4123372e-16
   3.3553662e+04   1.3877788e-17
   3.3553487e+04   4.8572257e-17
   3.3553313e+04   2.3592239e-16
   3.3553139e+04   1.0633855e-15
   3.3552964e+04   1.1709383e-16
   3.3552790e+04   3.4694470e-18
   3.3552616e+04   1.5890067e-15
   3.3552442e+04   7.5633944e-16
   3.3552267e+04   1.4155344e-15
   3.3552093e+04   1.8041124e-15
   3.3551919e+04   1.5265567e-15
   3.3551744e+04   2.2620794e-15
   3.3551570e+04   2.1094237e-15
   3.3551396e+04   1.0824674e-15
   3.3551221e+04   2.3175906e-15
   3.3551047e+04   3.0392355e-15
   3.3550873e+04   1.8873791e-15
   3.3550698e+04   1.7624791e-15
   3.3550524e+04   2.2759572e-15
   3.3550350e+04   2.0122792e-15
   3.3550175e+04   3.0253577e-15
   3.3550001e+04   6.9388939e-16
   3.3549827e+04   2.2898350e-15
   3.3549652e+04   2.5396352e-15
   3.3549478e+04   1.9914626e-15
   3.3549304e+04   7.2164497e-16
   3.3549130e+04   3.4694470e-16
   3.3548955e+04   3.6776138e-16
   3.3548781e+04   4.4408921e-16
   3.3548607e+04   3.4694470e-16
   3.3548432e+04   2.1510571e-16
   3.3548258e+04   5.7592819e-16
   3.3548084e+04   1.2143064e-15
   3.3547909e+04   1.1379786e-15
   3.3547735e+04   5.5511151e-17
   3.3547561e+04   1.7624791e-15
   3.3547386e+04   1.0547119e-15
   3.3547212e+04   7.0776718e-16
   3.3547038e+04   1.6514567e-15
   3.3546863e+04   8.2572837e-16
   3.3546689e+04   1.3409412e-15
   3.3546515e+04   1.5612511e-15
   3.3546340e+04   7.7021722e-16
   3.3546166e+04   6.3111408e-16
   3.3545992e+04   1.2299732e-15
   3.3545817e+04   1.1497693e-15
   3.3545643e+04   5.9086308e-16
   3.3545469e+04   2.5869064e-16
   3.3545295e+04   3.5648567e-16
   3.3545120e+04   3.9551695e-16
   3.3544946e+04   5.3776428e-16
   3.3544772e+04   4.9266147e-16
   3.3544597e+04   5.6898930e-16
   3.3544423e+04   5.5511151e-16
   3.3544249e+04   9.4368957e-16
   3.3544074e+04   7.2164497e-16
   3.3543900e+04   1.6653345e-16
   3.3543726e+04   6.6613381e-16
   3.3543551e+04   0.0000000e+00
   3.3543377e+04   7.7715612e-16
   3.3543203e+04   1.9984014e-15
   3.3543028e+04   0.0000000e+00
   3.3542854e+04   6.6613381e-16
   3.3542680e+04   3.3306691e-16
   3.3542505e+04   7.7715612e-16
   3.3542331e+04   6.6613381e-16
   3.3542157e+04   6.1062266e-16
   3.3541983e+04   3.8857806e-16
   3.3541808e+04   4.9960036e-16
   3.3541634e+04   7.2164497e-16
   3.3541460e+04   7.2164497e-16
   3.3541285e+04   3.8857806e-16
   3.3541111e+04   8.8817842e-16
   3.3540937e+04   5.5511151e-16
   3.3540762e+04   8.8817842e-16
   3.3540588e+04   3.3306691e-16
   3.3540414e+04   5.5511151e-16
   3.3540239e+04   4.4408921e-16
   3.3540065e+04   1.1102230e-16
   3.3539891e+04   1.1102230e-16
   3.3539716e+04   4.9960036e-16
   3.3539542e+04   6.3837824e-16
   3.3539368e+04   9.1593400e-16
   3.3539193e+04   4.8572257e-16
   3.3539019e+04   3.4694470e-16
   3.3538845e+04   2.1163626e-16
   3.3538671e+04   5.7245875e-17
   3.3538496e+04   3.5648567e-16
   3.3538322e+04   8.1098323e-16
   3.3538148e+04   5.6879956e-16
   3.3537973e+04   4.2040278e-16
   3.3537799e+04   1.7569248e-15
   3.3537625e+04   2.4381553e-16
   3.3537450e+04   4.7635081e-16
   3.3537276e+04   9.4293326e-16
   3.3537102e+04   5.3783145e-16
   3.3536927e+04   1.1202813e-15
   3.3536753e+04   1.6924750e-15
   3.3536579e+04   1.9434889e-15
   3.3536404e+04   1.6854872e-15
   3.3536230e+04   2.2079457e-15
   3.3536056e+04   1.7234740e-15
   3.3535881e+04   3.4214674e-15
   3.3535707e+04   2.7771100e-15
   3.3535533e+04   1.9298140e-15
   3.3535359e+04   1.6632308e-15
   3.3535184e+04   1.0361555e-15
   3.3535010e+04   1.9189200e-15
   3.3534836e+04   8.4871548e-16
   3.3534661e+04   5.7977946e-16
   3.3534487e+04   1.9582496e-15
   3.3534313e+04   4.9487177e-16
   3.3534138e+04   8.1885388e-16
   3.3533964e+04   4.9783705e-16
   3.3533790e+04   7.5390604e-16
   3.3533615e+04   1.9895192e-16
   3.3533441e+04   2.2579229e-16
   3.3533267e+04   5.4666375e-17
   3.3533092e+04   1.5759556e-15
   3.3532918e+04   1.7225650e-15
   3.3532744e+04   8.3874402e-16
   3.3532569e+04   8.8817842e-16
   3.3532395e+04   1.9428903e-16
   3.3532221e+04   1.1102230e-15
   3.3532047e+04   1.4432899e-15
   3.3531872e+04   6.8348105e-16
   3.3531698e+04   1.1084883e-15
   3.3531524e+04   4.9613091e-16
   3.3531349e+04   9.9226183e-16
   3.3531175e+04   1.5959456e-16
   3.3531001e+04   1.9081958e-16
   3.3530826e+04   1.0928758e-16
   3.3530652e+04   7.5026790e-16
   3.3530478e+04   4.7531423e-16
   3.3530303e+04   5.5511151e-17
   3.3530129e+04   3.6082248e-16
   3.3529955e+04   1.1102230e-16
   3.3529780e+04   6.1062266e-16
   3.3529606e+04   1.1102230e-15
   3.3529432e+04   2.7755576e-16
   3.3529257e+04   7.7715612e-16
   3.3529083e+04   5.5511151e-16
   3.3528909e+04   7.7715612e-16
   3.3528735e+04   4.4408921e-16
   3.3528560e+04   2.5535130e-15
   3.3528386e+04   2.1094237e-15
   3.3528212e+04   2.7755576e-16
   3.3528037e+04   3.3306691e-16
   3.3527863e+04   1.6653345e-16
   3.3527689e+04   0.0000000e+00
   3.3527514e+04   5.5511151e-17
   3.3527340e+04   1.6098234e-15
   3.3527166e+04   5.5511151e-16
   3.3526991e+04   8.8817842e-16
   3.3526817e+04   1.3322676e-15
   3.3526643e+04   1.1102230e-16
   3.3526468e+04   2.2204460e-16
   3.3526294e+04   7.7715612e-16
   3.3526120e+04   4.4408921e-16
   3.3525945e+04   0.0000000e+00
   3.3525771e+04   1.1102230e-16
   3.3525597e+04   2.2204460e-16
   3.3525423e+04   1.0547119e-15
   3.3525248e+04   1.1657342e-15
   3.3525074e+04   3.3306691e-16
   3.3524900e+04   8.8817842e-16
   3.3524725e+04   1.6653345e-16
   3.3524551e+04   1.5265567e-16
   3.3524377e+04   9.1246455e-16
   3.3524202e+04   6.5919492e-16
   3.3524028e+04   3.0184188e-16
   3.3523854e+04   9.1962028e-16
   3.3523679e+04   1.0103680e-15
   3.3523505e+04   1.1705453e-15
   3.3523331e+04   1.5665908e-15
   3.3523156e+04   6.0747848e-16
   3.3522982e+04   2.1944252e-16
   3.3522808e+04   5.6985666e-16
   3.3522633e+04   5.2909066e-16
   3.3522459e+04   1.0408341e-17
   3.3522285e+04   1.7347235e-16
   3.3522111e+04   4.1633363e-17
   3.3521936e+04   1.1102230e-15
   3.3521762e+04   6.3837824e-16
   3.3521588e+04   1.0547119e-15
