   3.3878412e+04   3.3306691e-16
   3.3878238e+04   1.6653345e-16
   3.3878064e+04   5.5511151e-17
   3.3877889e+04   2.2204460e-16
   3.3877715e+04   5.5511151e-17
   3.3877541e+04   1.0547119e-15
   3.3877367e+04   5.5511151e-16
   3.3877192e+04   2.2204460e-16
   3.3877018e+04   1.0547119e-15
   3.3876844e+04   6.9388939e-16
   3.3876669e+04   1.3045121e-15
   3.3876495e+04   1.0616508e-15
   3.3876321e+04   2.2204460e-16
   3.3876146e+04   8.3266727e-16
   3.3875972e+04   2.0539126e-15
   3.3875798e+04   1.6098234e-15
   3.3875623e+04   6.1062266e-16
   3.3875449e+04   6.1062266e-16
   3.3875275e+04   1.5543122e-15
   3.3875100e+04   1.6653345e-15
   3.3874926e+04   1.4432899e-15
   3.3874752e+04   1.2767565e-15
   3.3874577e+04   1.2490009e-15
   3.3874403e+04   1.8873791e-15
   3.3874229e+04   9.7144515e-16
   3.3874055e+04   8.6042284e-16
   3.3873880e+04   6.6613381e-16
   3.3873706e+04   1.5959456e-15
   3.3873532e+04   5.6898930e-16
   3.3873357e+04   1.1518564e-15
   3.3873183e+04   1.2767565e-15
   3.3873009e+04   1.3322676e-15
   3.3872834e+04   2.7755576e-16
   3.3872660e+04   5.2735594e-16
   3.3872486e+04   6.3837824e-16
   3.3872311e+04   1.8873791e-15
   3.3872137e+04   1.1102230e-16
   3.3871963e+04   6.6613381e-16
   3.3871788e+04   6.9388939e-16
   3.3871614e+04   8.0491169e-16
   3.3871440e+04   6.9388939e-16
   3.3871265e+04   3.6082248e-16
   3.3871091e+04   4.1633363e-16
   3.3870917e+04   4.9960036e-16
   3.3870743e+04   1.3322676e-15
   3.3870568e+04   9.9920072e-16
   3.3870394e+04   1.1102230e-15
   3.3870220e+04   5.5511151e-16
   3.3870045e+04   2.7755576e-16
   3.3869871e+04   1.2212453e-15
   3.3869697e+04   8.3266727e-16
   3.3869522e+04   0.0000000e+00
   3.3869348e+04   2.2204460e-16
   3.3869174e+04   6.6613381e-16
   3.3868999e+04   4.4408921e-16
   3.3868825e+04   8.8817842e-16
   3.3868651e+04   1.1657342e-15
   3.3868476e+04   4.0245585e-16
   3.3868302e+04   3.3306691e-16
   3.3868128e+04   1.9984014e-15
   3.3867953e+04   1.4988011e-15
   3.3867779e+04   6.6613381e-16
   3.3867605e+04   1.5543122e-15
   3.3867431e+04   7.2164497e-16
   3.3867256e+04   2.2204460e-16
   3.3867082e+04   5.5511151e-16
   3.3866908e+04   1.1102230e-16
   3.3866733e+04   8.3266727e-16
   3.3866559e+04   7.5286999e-16
   3.3866385e+04   1.6479873e-15
   3.3866210e+04   5.1000870e-16
   3.3866036e+04   1.5196178e-15
   3.3865862e+04   4.5102810e-17
   3.3865687e+04   2.6714742e-16
   3.3865513e+04   1.5525775e-15
   3.3865339e+04   6.6960326e-16
   3.3865164e+04   5.4123372e-16
   3.3864990e+04   1.3877788e-15
   3.3864816e+04   1.5265567e-15
   3.3864641e+04   1.1657342e-15
   3.3864467e+04   8.8817842e-16
   3.3864293e+04   2.2204460e-16
   3.3864119e+04   9.9920072e-16
   3.3863944e+04   1.7763568e-15
   3.3863770e+04   2.3314684e-15
   3.3863596e+04   1.1102230e-15
   3.3863421e+04   4.4408921e-16
   3.3863247e+04   7.7715612e-16
   3.3863073e+04   6.6613381e-16
   3.3862898e+04   3.8857806e-16
   3.3862724e+04   1.6098234e-15
   3.3862550e+04   1.2490009e-15
   3.3862375e+04   1.5543122e-15
   3.3862201e+04   1.0547119e-15
   3.3862027e+04   2.7755576e-17
   3.3861852e+04   5.5511151e-16
   3.3861678e+04   1.2767565e-15
   3.3861504e+04   8.8817842e-16
   3.3861329e+04   1.5543122e-15
   3.3861155e+04   1.7763568e-15
   3.3860981e+04   9.9920072e-16
   3.3860807e+04   2.2204460e-16
   3.3860632e+04   6.6613381e-16
   3.3860458e+04   7.7715612e-16
   3.3860284e+04   1.5543122e-15
   3.3860109e+04   1.0547119e-15
   3.3859935e+04   1.3322676e-15
   3.3859761e+04   1.7208457e-15
   3.3859586e+04   1.8041124e-15
   3.3859412e+04   1.7069679e-15
   3.3859238e+04   1.8665625e-15
   3.3859063e+04   7.6327833e-16
   3.3858889e+04   1.3270635e-15
   3.3858715e+04   9.1072982e-16
   3.3858540e+04   5.4969050e-16
   3.3858366e+04   4.8881255e-16
   3.3858192e+04   7.5668841e-17
   3.3858017e+04   1.3219542e-15
   3.3857843e+04   6.9703358e-16
   3.3857669e+04   4.8398785e-16
   3.3857495e+04   7.5547207e-16
   3.3857320e+04   5.8460181e-16
   3.3857146e+04   4.4061976e-16
   3.3856972e+04   5.8286709e-16
   3.3856797e+04   8.7430063e-16
   3.3856623e+04   8.1878948e-16
   3.3856449e+04   1.3877788e-16
   3.3856274e+04   6.3837824e-16
   3.3856100e+04   3.3306691e-16
   3.3855926e+04   7.7715612e-16
   3.3855751e+04   0.0000000e+00
   3.3855577e+04   8.8817842e-16
   3.3855403e+04   3.3306691e-16
   3.3855228e+04   1.2212453e-15
   3.3855054e+04   9.9920072e-16
   3.3854880e+04   0.0000000e+00
   3.3854705e+04   1.1102230e-16
   3.3854531e+04   2.2204460e-16
   3.3854357e+04   1.4432899e-15
   3.3854183e+04   1.6653345e-16
   3.3854008e+04   7.7715612e-16
   3.3853834e+04   8.3266727e-16
   3.3853660e+04   7.2164497e-16
   3.3853485e+04   5.5511151e-16
   3.3853311e+04   7.7715612e-16
   3.3853137e+04   1.3322676e-15
   3.3852962e+04   0.0000000e+00
   3.3852788e+04   1.2212453e-15
   3.3852614e+04   3.3306691e-16
   3.3852439e+04   4.4408921e-16
   3.3852265e+04   6.1062266e-16
   3.3852091e+04   4.9960036e-16
   3.3851916e+04   6.3837824e-16
   3.3851742e+04   8.8817842e-16
   3.3851568e+04   1.1241008e-15
   3.3851393e+04   1.0685897e-15
   3.3851219e+04   2.0920765e-15
   3.3851045e+04   1.0685897e-15
   3.3850870e+04   1.7147742e-15
   3.3850696e+04   1.7247488e-15
   3.3850522e+04   1.5473327e-15
   3.3850348e+04   1.0289290e-16
   3.3850173e+04   1.4155344e-15
   3.3849999e+04   1.6328169e-15
   3.3849825e+04   1.0289288e-15
   3.3849650e+04   1.8604406e-15
   3.3849476e+04   1.0888636e-15
   3.3849302e+04   9.5879293e-16
   3.3849127e+04   1.0036244e-15
   3.3848953e+04   4.8846611e-17
   3.3848779e+04   2.9136345e-16
   3.3848604e+04   6.2695159e-16
   3.3848430e+04   6.0300089e-16
   3.3848256e+04   2.3331904e-17
   3.3848081e+04   5.5756266e-16
   3.3847907e+04   6.1069276e-16
   3.3847733e+04   2.2435557e-16
   3.3847558e+04   2.6728459e-16
   3.3847384e+04   1.2034225e-15
   3.3847210e+04   6.9076138e-16
   3.3847036e+04   2.0109195e-15
   3.3846861e+04   4.5409203e-17
   3.3846687e+04   3.6337275e-16
   3.3846513e+04   8.7470916e-16
   3.3846338e+04   3.6123101e-16
   3.3846164e+04   7.2106723e-16
   3.3845990e+04   1.3705337e-15
   3.3845815e+04   2.1496623e-15
   3.3845641e+04   3.0427721e-15
   3.3845467e+04   2.2196290e-15
   3.3845292e+04   2.3421480e-15
   3.3845118e+04   2.2719421e-15
   3.3844944e+04   1.6653345e-15
   3.3844769e+04   1.1102230e-15
   3.3844595e+04   1.7763568e-15
   3.3844421e+04   1.9428903e-15
   3.3844246e+04   2.3314684e-15
   3.3844072e+04   2.1649349e-15
   3.3843898e+04   1.5820678e-15
   3.3843724e+04   2.4147351e-15
   3.3843549e+04   1.7208457e-15
   3.3843375e+04   1.4502288e-15
   3.3843201e+04   8.9511731e-16
   3.3843026e+04   8.4481033e-16
   3.3842852e+04   7.6501305e-16
   3.3842678e+04   1.7486013e-15
   3.3842503e+04   1.3322676e-15
   3.3842329e+04   2.7755576e-17
   3.3842155e+04   1.3600232e-15
   3.3841980e+04   4.9960036e-16
   3.3841806e+04   1.3877788e-17
   3.3841632e+04   2.4980018e-16
   3.3841457e+04   1.1102230e-16
   3.3841283e+04   1.2767565e-15
   3.3841109e+04   5.2735594e-16
   3.3840934e+04   7.6327833e-16
   3.3840760e+04   2.4980018e-16
   3.3840586e+04   1.8041124e-16
   3.3840412e+04   1.3461454e-15
   3.3840237e+04   8.6042284e-16
   3.3840063e+04   2.7755576e-17
   3.3839889e+04   1.8041124e-16
   3.3839714e+04   1.0824674e-15
   3.3839540e+04   4.0245585e-16
   3.3839366e+04   6.1062266e-16
   3.3839191e+04   2.8449465e-16
   3.3839017e+04   1.9428903e-16
   3.3838843e+04   1.4502288e-15
   3.3838668e+04   1.5404344e-15
   3.3838494e+04   4.9960036e-16
   3.3838320e+04   7.8409501e-16
   3.3838145e+04   2.0816682e-17
   3.3837971e+04   6.3837824e-16
   3.3837797e+04   2.6367797e-16
   3.3837622e+04   8.8817842e-16
   3.3837448e+04   9.4368957e-16
   3.3837274e+04   5.8286709e-16
   3.3837100e+04   1.3183898e-16
   3.3836925e+04   1.4536983e-15
   3.3836751e+04   9.5409791e-16
   3.3836577e+04   9.5670000e-16
   3.3836402e+04   1.1574942e-15
   3.3836228e+04   1.4409047e-15
   3.3836054e+04   1.6488005e-16
   3.3835879e+04   4.1037222e-16
   3.3835705e+04   1.1133943e-15
   3.3835531e+04   5.7354295e-16
   3.3835356e+04   1.6306401e-16
   3.3835182e+04   4.4929338e-16
   3.3835008e+04   2.1857516e-16
   3.3834833e+04   1.5959456e-16
   3.3834659e+04   3.0531133e-16
   3.3834485e+04   1.0824674e-15
   3.3834310e+04   1.6653345e-16
   3.3834136e+04   1.5543122e-15
   3.3833962e+04   1.7208457e-15
   3.3833788e+04   6.6940201e-16
   3.3833613e+04   5.7232758e-16
   3.3833439e+04   8.0553049e-16
   3.3833265e+04   2.8572623e-16
   3.3833090e+04   4.7538922e-17
   3.3832916e+04   7.2666338e-16
   3.3832742e+04   6.6813039e-16
   3.3832567e+04   9.2965132e-17
   3.3832393e+04   8.7513967e-16
   3.3832219e+04   7.6646647e-16
   3.3832044e+04   6.9522903e-16
   3.3831870e+04   3.0897414e-16
   3.3831696e+04   1.7271897e-15
   3.3831521e+04   1.3436324e-15
   3.3831347e+04   4.6816371e-17
   3.3831173e+04   2.4376988e-16
   3.3830998e+04   9.0075365e-16
   3.3830824e+04   6.7168037e-16
   3.3830650e+04   1.5498541e-15
   3.3830476e+04   1.3480579e-15
   3.3830301e+04   1.8288590e-15
   3.3830127e+04   1.1438011e-15
   3.3829953e+04   9.1457370e-16
   3.3829778e+04   1.3662518e-15
   3.3829604e+04   1.5607391e-15
   3.3829430e+04   1.4725763e-15
   3.3829255e+04   7.3951144e-16
   3.3829081e+04   4.5708054e-16
   3.3828907e+04   6.8910041e-16
   3.3828732e+04   9.7716630e-16
   3.3828558e+04   1.3025222e-16
   3.3828384e+04   1.2358217e-15
   3.3828209e+04   1.5387996e-15
   3.3828035e+04   1.3958425e-15
   3.3827861e+04   1.0228905e-15
   3.3827686e+04   1.6132928e-16
   3.3827512e+04   4.0939474e-16
   3.3827338e+04   8.1185059e-16
   3.3827164e+04   6.8001160e-16
   3.3826989e+04   4.3021142e-16
   3.3826815e+04   8.6042284e-16
   3.3826641e+04   2.2204460e-16
   3.3826466e+04   9.4368957e-16
   3.3826292e+04   1.1102230e-15
   3.3826118e+04   6.6613381e-16
   3.3825943e+04   1.5543122e-15
   3.3825769e+04   2.6645353e-15
   3.3825595e+04   1.9984014e-15
   3.3825420e+04   2.6645353e-15
   3.3825246e+04   8.8817842e-16
   3.3825072e+04   3.5527137e-15
   3.3824897e+04   2.6645353e-15
   3.3824723e+04   2.2204460e-15
   3.3824549e+04   5.3290705e-15
   3.3824374e+04   1.7763568e-15
   3.3824200e+04   2.6645353e-15
   3.3824026e+04   2.6645353e-15
   3.3823852e+04   0.0000000e+00
   3.3823677e+04   8.8817842e-16
   3.3823503e+04   3.1086245e-15
   3.3823329e+04   4.4408921e-16
   3.3823154e+04   4.4408921e-16
   3.3822980e+04   3.5527137e-15
   3.3822806e+04   2.6645353e-15
   3.3822631e+04   1.5543122e-15
   3.3822457e+04   6.6613381e-16
   3.3822283e+04   1.5543122e-15
   3.3822108e+04   1.3322676e-15
   3.3821934e+04   1.2212453e-15
   3.3821760e+04   1.1102230e-16
   3.3821585e+04   1.1102230e-16
   3.3821411e+04   1.3877788e-15
   3.3821237e+04   2.7755576e-17
   3.3821062e+04   1.1449175e-15
   3.3820888e+04   3.2612801e-16
   3.3820714e+04   7.9450335e-16
   3.3820540e+04   2.2360586e-15
   3.3820365e+04   1.2420620e-15
   3.3820191e+04   1.1102230e-15
   3.3820017e+04   1.8735014e-15
   3.3819842e+04   1.2906343e-15
   3.3819668e+04   1.7486013e-15
   3.3819494e+04   1.5126789e-15
   3.3819319e+04   1.2073675e-15
   3.3819145e+04   1.0685897e-15
   3.3818971e+04   7.7715612e-16
   3.3818796e+04   1.9151347e-15
   3.3818622e+04   1.0824674e-15
   3.3818448e+04   1.9706459e-15
   3.3818273e+04   7.2164497e-16
   3.3818099e+04   1.3183898e-15
   3.3817925e+04   9.1593400e-16
   3.3817750e+04   2.7755576e-17
   3.3817576e+04   3.0531133e-16
   3.3817402e+04   9.4368957e-16
   3.3817228e+04   1.2767565e-15
   3.3817053e+04   5.4123372e-16
   3.3816879e+04   4.3021142e-16
   3.3816705e+04   9.4368957e-16
   3.3816530e+04   1.3877788e-16
   3.3816356e+04   1.8041124e-15
   3.3816182e+04   2.2204460e-16
   3.3816007e+04   9.9920072e-16
   3.3815833e+04   9.9920072e-16
   3.3815659e+04   3.3306691e-16
   3.3815484e+04   1.4710455e-15
   3.3815310e+04   8.6042284e-16
   3.3815136e+04   1.4294121e-15
   3.3814961e+04   7.4940054e-16
   3.3814787e+04   1.1796120e-16
   3.3814613e+04   2.7408631e-16
   3.3814438e+04   7.9450335e-16
   3.3814264e+04   4.7618159e-16
   3.3814090e+04   4.7748264e-16
   3.3813916e+04   1.8886802e-16
   3.3813741e+04   4.5487702e-16
   3.3813567e+04   1.1178209e-15
   3.3813393e+04   4.8214471e-16
   3.3813218e+04   3.5778672e-16
   3.3813044e+04   5.4470317e-16
   3.3812870e+04   4.0939474e-16
   3.3812695e+04   1.1102230e-16
   3.3812521e+04   8.1878948e-16
   3.3812347e+04   5.5511151e-16
   3.3812172e+04   5.5511151e-17
   3.3811998e+04   2.1094237e-15
   3.3811824e+04   1.2212453e-15
   3.3811649e+04   7.7715612e-16
   3.3811475e+04   8.8817842e-16
   3.3811301e+04   8.8817842e-16
   3.3811126e+04   4.4408921e-16
   3.3810952e+04   4.4408921e-16
   3.3810778e+04   8.8817842e-16
   3.3810604e+04   0.0000000e+00
   3.3810429e+04   8.8817842e-16
   3.3810255e+04   1.7763568e-15
   3.3810081e+04   0.0000000e+00
   3.3809906e+04   0.0000000e+00
   3.3809732e+04   2.6645353e-15
   3.3809558e+04   0.0000000e+00
   3.3809383e+04   1.3322676e-15
   3.3809209e+04   8.8817842e-16
   3.3809035e+04   1.7763568e-15
   3.3808860e+04   2.6645353e-15
   3.3808686e+04   2.2204460e-15
   3.3808512e+04   4.4408921e-16
   3.3808337e+04   4.4408921e-16
   3.3808163e+04   1.5543122e-15
   3.3807989e+04   6.6613381e-16
   3.3807814e+04   2.6645353e-15
   3.3807640e+04   1.2212453e-15
   3.3807466e+04   1.2212453e-15
   3.3807291e+04   7.2164497e-16
   3.3807117e+04   1.0547119e-15
   3.3806943e+04   9.4368957e-16
   3.3806769e+04   1.6653345e-16
   3.3806594e+04   5.8980598e-16
   3.3806420e+04   1.0547119e-15
   3.3806246e+04   1.0755286e-15
   3.3806071e+04   3.4651101e-16
   3.3805897e+04   4.7000164e-17
   3.3805723e+04   9.2832270e-17
   3.3805548e+04   2.1746194e-16
   3.3805374e+04   4.1216212e-16
   3.3805200e+04   7.7209167e-17
   3.3805025e+04   4.1331388e-16
   3.3804851e+04   5.8561540e-16
   3.3804677e+04   4.7681863e-16
   3.3804502e+04   8.0417049e-16
   3.3804328e+04   1.1248020e-16
   3.3804154e+04   5.8965640e-16
   3.3803979e+04   3.0678483e-16
   3.3803805e+04   8.9167534e-16
   3.3803631e+04   3.0776501e-16
   3.3803457e+04   1.4351970e-15
   3.3803282e+04   1.0378257e-15
   3.3803108e+04   3.6784014e-17
   3.3802934e+04   6.8762683e-16
   3.3802759e+04   1.2578245e-15
   3.3802585e+04   3.8951949e-16
   3.3802411e+04   1.7453853e-15
   3.3802236e+04   5.2396024e-17
   3.3802062e+04   1.0661634e-15
   3.3801888e+04   1.3407467e-15
   3.3801713e+04   5.2610254e-16
   3.3801539e+04   5.4457734e-16
   3.3801365e+04   8.4200369e-16
   3.3801190e+04   5.2923830e-16
   3.3801016e+04   7.5341598e-16
   3.3800842e+04   8.6409947e-17
   3.3800667e+04   1.2032821e-15
   3.3800493e+04   1.1359546e-15
   3.3800319e+04   3.8857806e-16
   3.3800145e+04   8.0144225e-16
   3.3799970e+04   2.7755576e-17
   3.3799796e+04   1.8041124e-16
   3.3799622e+04   2.7755576e-17
   3.3799447e+04   8.9511731e-16
   3.3799273e+04   1.2455315e-15
   3.3799099e+04   3.4000580e-16
   3.3798924e+04   4.8919202e-16
   3.3798750e+04   3.4000580e-16
   3.3798576e+04   5.5164207e-16
   3.3798401e+04   6.8348105e-16
   3.3798227e+04   1.2490009e-15
   3.3798053e+04   1.5404344e-15
   3.3797878e+04   4.4408921e-16
   3.3797704e+04   8.3266727e-16
   3.3797530e+04   1.3322676e-15
   3.3797355e+04   1.1102230e-16
   3.3797181e+04   3.3306691e-16
   3.3797007e+04   1.3322676e-15
   3.3796833e+04   8.8817842e-16
   3.3796658e+04   1.7763568e-15
   3.3796484e+04   1.3322676e-15
   3.3796310e+04   4.4408921e-16
   3.3796135e+04   8.8817842e-16
   3.3795961e+04   0.0000000e+00
   3.3795787e+04   1.7763568e-15
   3.3795612e+04   1.3322676e-15
   3.3795438e+04   8.8817842e-16
   3.3795264e+04   4.4408921e-16
   3.3795089e+04   2.6645353e-15
   3.3794915e+04   2.2204460e-15
   3.3794741e+04   8.8817842e-16
   3.3794566e+04   4.4408921e-16
   3.3794392e+04   8.8817842e-16
   3.3794218e+04   4.4408921e-16
   3.3794043e+04   1.7763568e-15
   3.3793869e+04   0.0000000e+00
   3.3793695e+04   1.5543122e-15
   3.3793521e+04   6.6613381e-16
   3.3793346e+04   2.2204460e-16
   3.3793172e+04   1.1102230e-16
   3.3792998e+04   7.7715612e-16
   3.3792823e+04   5.5511151e-17
   3.3792649e+04   2.7755576e-16
   3.3792475e+04   9.1593400e-16
   3.3792300e+04   8.3266727e-16
   3.3792126e+04   1.0408341e-15
   3.3791952e+04   7.1123663e-16
   3.3791777e+04   2.6888214e-16
   3.3791603e+04   4.4192081e-16
   3.3791429e+04   1.3709736e-16
   3.3791254e+04   8.9413814e-16
   3.3791080e+04   4.6865994e-16
   3.3790906e+04   5.4567895e-16
   3.3790731e+04   4.9613091e-16
   3.3790557e+04   4.5970172e-17
   3.3790383e+04   1.6132928e-16
   3.3790209e+04   4.5102810e-17
   3.3790034e+04   2.6367797e-16
   3.3789860e+04   9.4368957e-16
   3.3789686e+04   1.0963452e-15
   3.3789511e+04   8.6042284e-16
   3.3789337e+04   3.6082248e-16
   3.3789163e+04   0.0000000e+00
   3.3788988e+04   4.9960036e-16
   3.3788814e+04   7.7715612e-16
   3.3788640e+04   1.5543122e-15
   3.3788465e+04   8.0491169e-16
   3.3788291e+04   2.2204460e-16
   3.3788117e+04   5.5511151e-16
   3.3787942e+04   8.3266727e-16
   3.3787768e+04   9.4368957e-16
   3.3787594e+04   3.3306691e-16
   3.3787419e+04   3.3306691e-16
   3.3787245e+04   1.5959456e-16
   3.3787071e+04   8.0491169e-16
   3.3786897e+04   2.0539126e-15
   3.3786722e+04   4.7184479e-16
   3.3786548e+04   9.9920072e-16
   3.3786374e+04   3.0531133e-16
   3.3786199e+04   6.6613381e-16
   3.3786025e+04   1.6653345e-16
   3.3785851e+04   6.1062266e-16
   3.3785676e+04   6.1062266e-16
   3.3785502e+04   1.1102230e-16
   3.3785328e+04   2.4980018e-16
   3.3785153e+04   4.4408921e-16
   3.3784979e+04   1.3045121e-15
   3.3784805e+04   4.1633363e-16
   3.3784630e+04   9.4368957e-16
   3.3784456e+04   9.5756736e-16
   3.3784282e+04   4.5796700e-16
   3.3784107e+04   3.7470027e-16
   3.3783933e+04   5.5511151e-17
   3.3783759e+04   1.1102230e-16
   3.3783585e+04   5.5511151e-16
   3.3783410e+04   3.6082248e-16
   3.3783236e+04   3.6082248e-16
   3.3783062e+04   1.0547119e-15
   3.3782887e+04   1.6653345e-15
   3.3782713e+04   4.4408921e-16
   3.3782539e+04   3.0531133e-16
   3.3782364e+04   8.3266727e-17
   3.3782190e+04   3.6082248e-16
   3.3782016e+04   1.3877788e-16
   3.3781841e+04   3.0531133e-16
   3.3781667e+04   5.5511151e-16
   3.3781493e+04   4.4408921e-16
   3.3781318e+04   4.9960036e-16
   3.3781144e+04   6.1062266e-16
   3.3780970e+04   4.4408921e-16
   3.3780795e+04   4.4408921e-16
   3.3780621e+04   8.3266727e-16
   3.3780447e+04   1.9428903e-16
   3.3780273e+04   2.7755576e-16
   3.3780098e+04   9.4368957e-16
   3.3779924e+04   5.5511151e-16
   3.3779750e+04   6.6613381e-16
   3.3779575e+04   6.6613381e-16
   3.3779401e+04   2.7755576e-16
   3.3779227e+04   1.1518564e-15
   3.3779052e+04   9.9920072e-16
   3.3778878e+04   2.2204460e-16
   3.3778704e+04   3.3306691e-16
   3.3778529e+04   4.4408921e-16
   3.3778355e+04   1.2212453e-15
   3.3778181e+04   5.2735594e-16
   3.3778006e+04   1.6653345e-16
   3.3777832e+04   6.4184769e-16
   3.3777658e+04   1.9428903e-16
   3.3777483e+04   3.7470027e-16
   3.3777309e+04   1.3877788e-16
   3.3777135e+04   1.4502288e-15
   3.3776961e+04   3.9204751e-16
   3.3776786e+04   7.5633944e-16
   3.3776612e+04   9.5409791e-16
   3.3776438e+04   2.8796410e-16
   3.3776263e+04   4.6837534e-16
   3.3776089e+04   6.6613381e-16
   3.3775915e+04   6.1062266e-16
   3.3775740e+04   1.3322676e-15
   3.3775566e+04   1.3322676e-15
   3.3775392e+04   1.4432899e-15
   3.3775217e+04   1.3322676e-15
   3.3775043e+04   2.4424907e-15
   3.3774869e+04   8.8817842e-16
   3.3774694e+04   2.6645353e-15
   3.3774520e+04   1.7763568e-15
   3.3774346e+04   8.8817842e-16
   3.3774171e+04   1.7763568e-15
   3.3773997e+04   2.6645353e-15
   3.3773823e+04   4.4408921e-15
   3.3773649e+04   1.7763568e-15
   3.3773474e+04   0.0000000e+00
   3.3773300e+04   1.7763568e-15
   3.3773126e+04   3.5527137e-15
   3.3772951e+04   2.6645353e-15
   3.3772777e+04   8.8817842e-16
   3.3772603e+04   0.0000000e+00
   3.3772428e+04   0.0000000e+00
   3.3772254e+04   8.8817842e-16
   3.3772080e+04   8.8817842e-16
   3.3771905e+04   8.8817842e-16
   3.3771731e+04   8.8817842e-16
   3.3771557e+04   0.0000000e+00
   3.3771382e+04   4.4408921e-16
   3.3771208e+04   1.3322676e-15
   3.3771034e+04   8.8817842e-16
   3.3770859e+04   2.2204460e-16
   3.3770685e+04   4.4408921e-16
   3.3770511e+04   2.2204460e-16
   3.3770337e+04   3.3306691e-16
   3.3770162e+04   1.1102230e-15
   3.3769988e+04   3.3306691e-16
   3.3769814e+04   8.3266727e-17
   3.3769639e+04   3.9551695e-16
   3.3769465e+04   1.1310397e-15
   3.3769291e+04   1.6132928e-16
   3.3769116e+04   7.8799814e-16
   3.3768942e+04   4.5168540e-16
   3.3768768e+04   1.0650253e-15
   3.3768593e+04   6.9703358e-16
   3.3768419e+04   9.2807706e-16
   3.3768245e+04   2.2811614e-16
   3.3768070e+04   1.0564466e-15
   3.3767896e+04   7.5286999e-16
   3.3767722e+04   1.0685897e-15
   3.3767547e+04   7.4940054e-16
   3.3767373e+04   3.1918912e-16
   3.3767199e+04   6.3837824e-16
   3.3767025e+04   7.4940054e-16
   3.3766850e+04   0.0000000e+00
   3.3766676e+04   1.7763568e-15
   3.3766502e+04   0.0000000e+00
   3.3766327e+04   1.7763568e-15
   3.3766153e+04   1.7763568e-15
   3.3765979e+04   1.7763568e-15
   3.3765804e+04   8.8817842e-16
   3.3765630e+04   0.0000000e+00
   3.3765456e+04   1.7763568e-15
   3.3765281e+04   0.0000000e+00
   3.3765107e+04   8.8817842e-16
   3.3764933e+04   0.0000000e+00
   3.3764758e+04   1.7763568e-15
   3.3764584e+04   0.0000000e+00
   3.3764410e+04   0.0000000e+00
   3.3764235e+04   8.8817842e-16
   3.3764061e+04   1.7763568e-15
   3.3763887e+04   8.8817842e-16
   3.3763712e+04   0.0000000e+00
   3.3763538e+04   4.4408921e-16
   3.3763364e+04   1.7763568e-15
   3.3763190e+04   8.8817842e-16
   3.3763015e+04   4.4408921e-16
   3.3762841e+04   1.3322676e-15
   3.3762667e+04   3.3306691e-16
   3.3762492e+04   2.2204460e-16
   3.3762318e+04   6.6613381e-16
   3.3762144e+04   5.5511151e-16
   3.3761969e+04   1.2490009e-16
   3.3761795e+04   4.5796700e-16
   3.3761621e+04   1.1171619e-15
   3.3761446e+04   4.6794166e-16
   3.3761272e+04   3.2607380e-16
   3.3761098e+04   1.8616090e-16
   3.3760923e+04   9.9920072e-16
   3.3760749e+04   4.4885132e-16
   3.3760575e+04   5.7483679e-17
   3.3760400e+04   1.7200286e-15
   3.3760226e+04   1.3258714e-15
   3.3760052e+04   1.5669645e-15
   3.3759878e+04   2.4935781e-15
   3.3759703e+04   1.7830214e-15
   3.3759529e+04   2.2064982e-15
   3.3759355e+04   1.9681947e-15
   3.3759180e+04   1.9075129e-15
   3.3759006e+04   1.1890661e-15
   3.3758832e+04   2.3290172e-15
   3.3758657e+04   1.0407640e-15
   3.3758483e+04   1.6815233e-15
   3.3758309e+04   1.2453943e-15
   3.3758134e+04   4.8966763e-16
   3.3757960e+04   8.3579528e-16
   3.3757786e+04   1.3266885e-15
   3.3757611e+04   3.2296496e-16
   3.3757437e+04   5.5766178e-16
   3.3757263e+04   5.4164225e-16
   3.3757088e+04   8.1919800e-16
   3.3756914e+04   4.1575589e-16
   3.3756740e+04   7.4603323e-16
   3.3756566e+04   4.4548400e-16
   3.3756391e+04   5.2381940e-16
   3.3756217e+04   5.5592856e-16
   3.3756043e+04   7.8783581e-16
   3.3755868e+04   4.1231849e-16
   3.3755694e+04   1.3322676e-15
   3.3755520e+04   0.0000000e+00
   3.3755345e+04   1.3322676e-15
   3.3755171e+04   1.3322676e-15
   3.3754997e+04   4.4408921e-16
   3.3754822e+04   4.4408921e-16
   3.3754648e+04   4.4408921e-16
   3.3754474e+04   8.3266727e-16
   3.3754299e+04   4.9960036e-16
   3.3754125e+04   3.6082248e-16
   3.3753951e+04   5.4817262e-16
   3.3753776e+04   1.0443035e-15
   3.3753602e+04   2.6194324e-16
   3.3753428e+04   5.8286709e-16
   3.3753254e+04   1.1102230e-16
   3.3753079e+04   1.9290125e-15
   3.3752905e+04   4.0245585e-16
   3.3752731e+04   1.3045121e-15
   3.3752556e+04   1.0408341e-15
   3.3752382e+04   1.6792123e-15
   3.3752208e+04   6.9388939e-17
   3.3752033e+04   1.4432899e-15
   3.3751859e+04   1.3877788e-16
   3.3751685e+04   1.9428903e-16
   3.3751510e+04   1.5820678e-15
   3.3751336e+04   4.9960036e-16
   3.3751162e+04   2.4563684e-15
   3.3750987e+04   3.0531133e-16
   3.3750813e+04   5.8286709e-16
   3.3750639e+04   8.3266727e-17
   3.3750464e+04   1.2212453e-15
   3.3750290e+04   1.6653345e-16
   3.3750116e+04   4.5796700e-16
   3.3749942e+04   1.3877788e-17
   3.3749767e+04   6.1062266e-16
   3.3749593e+04   8.3266727e-17
   3.3749419e+04   8.3266727e-17
   3.3749244e+04   8.8817842e-16
   3.3749070e+04   8.8817842e-16
   3.3748896e+04   8.8817842e-16
   3.3748721e+04   1.2212453e-15
   3.3748547e+04   8.0491169e-16
   3.3748373e+04   8.0491169e-16
   3.3748198e+04   1.1518564e-15
   3.3748024e+04   3.3306691e-16
   3.3747850e+04   3.5388359e-16
   3.3747675e+04   8.2225893e-16
   3.3747501e+04   2.9490299e-16
   3.3747327e+04   3.4781206e-16
   3.3747152e+04   6.3751088e-17
   3.3746978e+04   8.5651972e-17
   3.3746804e+04   3.0696474e-16
   3.3746630e+04   6.7209523e-16
   3.3746455e+04   9.4683376e-16
   3.3746281e+04   8.7863744e-16
   3.3746107e+04   3.0878078e-16
   3.3745932e+04   1.0200174e-15
   3.3745758e+04   1.5543122e-15
   3.3745584e+04   6.1062266e-16
   3.3745409e+04   7.7715612e-16
   3.3745235e+04   7.7715612e-16
   3.3745061e+04   6.6613381e-16
   3.3744886e+04   1.1102230e-15
   3.3744712e+04   1.3322676e-15
   3.3744538e+04   1.2481839e-15
   3.3744363e+04   9.6947262e-16
   3.3744189e+04   1.1381188e-16
   3.3744015e+04   1.5622023e-15
   3.3743840e+04   1.2795461e-15
   3.3743666e+04   1.0300843e-15
   3.3743492e+04   1.5979882e-16
   3.3743318e+04   6.7286845e-16
   3.3743143e+04   2.7476618e-16
   3.3742969e+04   4.9483826e-16
   3.3742795e+04   1.1391341e-15
   3.3742620e+04   5.7116609e-16
   3.3742446e+04   7.8668033e-16
   3.3742272e+04   1.2170199e-16
   3.3742097e+04   1.3401577e-16
   3.3741923e+04   4.6034805e-16
   3.3741749e+04   1.3592062e-15
   3.3741574e+04   6.0388803e-16
   3.3741400e+04   4.2225122e-16
   3.3741226e+04   6.1735730e-16
   3.3741051e+04   4.3735458e-16
   3.3740877e+04   2.3769767e-15
   3.3740703e+04   1.4912494e-15
   3.3740528e+04   1.2711773e-15
   3.3740354e+04   1.3140363e-15
   3.3740180e+04   2.0435713e-15
   3.3740006e+04   3.0054923e-16
   3.3739831e+04   3.1360997e-16
   3.3739657e+04   8.2986361e-18
   3.3739483e+04   8.6001432e-16
   3.3739308e+04   2.0847962e-15
   3.3739134e+04   7.5416261e-16
   3.3738960e+04   1.3821996e-15
   3.3738785e+04   3.4340749e-16
   3.3738611e+04   6.9790094e-16
   3.3738437e+04   4.0592529e-16
   3.3738262e+04   1.5265567e-16
   3.3738088e+04   1.4294121e-15
   3.3737914e+04   3.8857806e-16
   3.3737739e+04   9.4368957e-16
   3.3737565e+04   1.3322676e-15
   3.3737391e+04   2.2204460e-16
   3.3737216e+04   2.2204460e-16
   3.3737042e+04   4.4408921e-16
   3.3736868e+04   0.0000000e+00
   3.3736694e+04   1.3322676e-15
   3.3736519e+04   8.8817842e-16
   3.3736345e+04   4.4408921e-16
   3.3736171e+04   0.0000000e+00
   3.3735996e+04   1.7763568e-15
   3.3735822e+04   1.7763568e-15
   3.3735648e+04   0.0000000e+00
   3.3735473e+04   1.7763568e-15
   3.3735299e+04   1.7763568e-15
   3.3735125e+04   0.0000000e+00
   3.3734950e+04   8.8817842e-16
   3.3734776e+04   0.0000000e+00
   3.3734602e+04   0.0000000e+00
   3.3734427e+04   0.0000000e+00
   3.3734253e+04   0.0000000e+00
   3.3734079e+04   8.8817842e-16
   3.3733904e+04   0.0000000e+00
   3.3733730e+04   0.0000000e+00
   3.3733556e+04   8.8817842e-16
   3.3733382e+04   1.1102230e-16
   3.3733207e+04   4.4408921e-16
   3.3733033e+04   1.3322676e-15
   3.3732859e+04   3.8857806e-16
   3.3732684e+04   1.1102230e-16
   3.3732510e+04   7.2164497e-16
   3.3732336e+04   1.0269563e-15
   3.3732161e+04   4.4408921e-16
   3.3731987e+04   4.7184479e-16
   3.3731813e+04   3.9551695e-16
   3.3731638e+04   2.1510571e-16
   3.3731464e+04   3.1571967e-16
   3.3731290e+04   7.6501305e-16
   3.3731115e+04   7.4246165e-16
   3.3730941e+04   1.6653345e-16
   3.3730767e+04   1.1102230e-15
   3.3730592e+04   8.0491169e-16
   3.3730418e+04   7.2164497e-16
   3.3730244e+04   1.5265567e-16
   3.3730070e+04   7.4940054e-16
   3.3729895e+04   1.1102230e-16
   3.3729721e+04   8.3266727e-16
   3.3729547e+04   9.1593400e-16
   3.3729372e+04   6.9388939e-17
   3.3729198e+04   2.7755576e-17
   3.3729024e+04   1.0685897e-15
   3.3728849e+04   1.0963452e-15
   3.3728675e+04   4.7184479e-16
   3.3728501e+04   1.1102230e-15
   3.3728326e+04   2.2620794e-15
   3.3728152e+04   2.5257574e-15
   3.3727978e+04   9.2981178e-16
   3.3727803e+04   7.2164497e-16
   3.3727629e+04   7.2858386e-16
   3.3727455e+04   1.9151347e-15
   3.3727280e+04   1.7694179e-15
   3.3727106e+04   7.6327833e-16
   3.3726932e+04   1.9428903e-15
   3.3726758e+04   1.9914626e-15
   3.3726583e+04   1.8665625e-15
   3.3726409e+04   2.3037128e-15
   3.3726235e+04   1.4016566e-15
   3.3726060e+04   1.6098234e-15
   3.3725886e+04   2.1094237e-15
   3.3725712e+04   8.3266727e-16
   3.3725537e+04   1.4363510e-15
   3.3725363e+04   1.1136925e-15
   3.3725189e+04   2.8796410e-16
   3.3725014e+04   1.4944643e-15
   3.3724840e+04   5.2171809e-16
   3.3724666e+04   7.1622396e-16
   3.3724491e+04   6.8310158e-16
   3.3724317e+04   9.0864612e-17
   3.3724143e+04   4.6151776e-16
   3.3723968e+04   7.7390351e-16
   3.3723794e+04   3.7296555e-16
   3.3723620e+04   4.6837534e-17
   3.3723446e+04   1.1449175e-16
   3.3723271e+04   9.6450625e-16
   3.3723097e+04   4.7184479e-16
   3.3722923e+04   4.1633363e-16
   3.3722748e+04   4.4408921e-16
   3.3722574e+04   4.4408921e-16
   3.3722400e+04   2.7755576e-16
   3.3722225e+04   3.3306691e-16
   3.3722051e+04   3.3306691e-16
   3.3721877e+04   4.4408921e-16
   3.3721702e+04   8.8817842e-16
   3.3721528e+04   3.3306691e-16
   3.3721354e+04   5.5511151e-16
   3.3721179e+04   3.3306691e-16
   3.3721005e+04   1.3322676e-15
   3.3720831e+04   5.5511151e-16
   3.3720656e+04   1.7763568e-15
   3.3720482e+04   9.9920072e-16
   3.3720308e+04   3.8857806e-16
   3.3720133e+04   5.5511151e-16
   3.3719959e+04   7.2164497e-16
   3.3719785e+04   1.6098234e-15
   3.3719611e+04   7.7715612e-16
   3.3719436e+04   9.9920072e-16
   3.3719262e+04   8.8817842e-16
   3.3719088e+04   4.4408921e-16
   3.3718913e+04   1.1102230e-16
   3.3718739e+04   1.1102230e-16
   3.3718565e+04   0.0000000e+00
   3.3718390e+04   1.0547119e-15
   3.3718216e+04   2.7755576e-16
   3.3718042e+04   2.4980018e-16
   3.3717867e+04   4.4408921e-16
   3.3717693e+04   1.2906343e-15
   3.3717519e+04   5.2735594e-16
   3.3717344e+04   5.5164207e-16
   3.3717170e+04   3.5735304e-16
   3.3716996e+04   5.8893862e-16
   3.3716821e+04   1.8459626e-15
   3.3716647e+04   3.2454237e-16
   3.3716473e+04   1.8414331e-15
   3.3716299e+04   1.3090947e-15
   3.3716124e+04   7.8132764e-16
   3.3715950e+04   1.3817212e-15
   3.3715776e+04   9.9618096e-16
   3.3715601e+04   5.5236320e-16
   3.3715427e+04   1.8368418e-15
   3.3715253e+04   1.9503023e-16
   3.3715078e+04   1.2475430e-15
   3.3714904e+04   1.9916121e-15
   3.3714730e+04   1.3753745e-15
   3.3714555e+04   1.2247423e-15
   3.3714381e+04   2.0237033e-15
   3.3714207e+04   1.6734274e-15
   3.3714032e+04   8.0792009e-16
   3.3713858e+04   8.8332907e-16
   3.3713684e+04   1.8949944e-15
   3.3713509e+04   2.3125364e-15
   3.3713335e+04   5.2641450e-16
   3.3713161e+04   1.5719130e-15
   3.3712987e+04   2.4948867e-15
   3.3712812e+04   1.6261274e-15
   3.3712638e+04   1.8789001e-15
   3.3712464e+04   1.3171364e-15
   3.3712289e+04   4.8237895e-16
   3.3712115e+04   8.3720863e-16
   3.3711941e+04   1.0667073e-15
   3.3711766e+04   1.3143744e-15
   3.3711592e+04   1.9114581e-16
   3.3711418e+04   5.7307472e-16
   3.3711243e+04   1.3898028e-15
   3.3711069e+04   1.5543122e-15
   3.3710895e+04   1.1102230e-16
   3.3710720e+04   7.7715612e-16
   3.3710546e+04   3.3306691e-16
   3.3710372e+04   2.4286129e-17
   3.3710197e+04   1.2836954e-16
   3.3710023e+04   1.4918622e-16
   3.3709849e+04   8.2572837e-16
   3.3709675e+04   2.6714742e-16
   3.3709500e+04   6.5919492e-16
   3.3709326e+04   1.9428903e-16
   3.3709152e+04   4.7531423e-16
   3.3708977e+04   4.0245585e-16
   3.3708803e+04   1.3877788e-15
   3.3708629e+04   1.0269563e-15
   3.3708454e+04   6.1062266e-16
   3.3708280e+04   3.8857806e-16
   3.3708106e+04   3.3306691e-16
   3.3707931e+04   2.2204460e-16
   3.3707757e+04   1.3322676e-15
   3.3707583e+04   9.9920072e-16
   3.3707408e+04   1.3322676e-15
   3.3707234e+04   1.7763568e-15
   3.3707060e+04   3.3306691e-16
   3.3706885e+04   2.2204460e-16
   3.3706711e+04   4.9960036e-16
   3.3706537e+04   1.0547119e-15
   3.3706363e+04   3.6082248e-16
   3.3706188e+04   2.2204460e-16
   3.3706014e+04   6.1062266e-16
   3.3705840e+04   1.9706459e-15
   3.3705665e+04   1.2212453e-15
   3.3705491e+04   1.0547119e-15
   3.3705317e+04   4.4408921e-16
   3.3705142e+04   1.5543122e-15
   3.3704968e+04   8.8817842e-16
   3.3704794e+04   1.4432899e-15
   3.3704619e+04   6.6613381e-16
   3.3704445e+04   2.2204460e-16
   3.3704271e+04   3.3306691e-16
   3.3704096e+04   2.2204460e-16
   3.3703922e+04   9.4368957e-16
   3.3703748e+04   7.7715612e-16
   3.3703573e+04   4.4408921e-16
   3.3703399e+04   1.9428903e-16
   3.3703225e+04   4.3021142e-16
   3.3703051e+04   2.0122792e-16
   3.3702876e+04   9.7144515e-17
   3.3702702e+04   2.3418767e-16
   3.3702528e+04   1.3235940e-15
   3.3702353e+04   8.3505251e-16
   3.3702179e+04   2.5148069e-16
   3.3702005e+04   1.1994512e-15
   3.3701830e+04   2.4661534e-16
   3.3701656e+04   1.3228351e-15
   3.3701482e+04   1.0512424e-15
   3.3701307e+04   4.0679266e-16
   3.3701133e+04   1.5213525e-15
   3.3700959e+04   2.4251434e-15
   3.3700784e+04   4.7184479e-16
   3.3700610e+04   2.3453461e-15
   3.3700436e+04   1.9012569e-15
   3.3700261e+04   1.8041124e-15
   3.3700087e+04   8.0491169e-16
   3.3699913e+04   2.3314684e-15
   3.3699739e+04   1.0547119e-15
   3.3699564e+04   2.6090241e-15
   3.3699390e+04   2.6645353e-15
   3.3699216e+04   1.6098234e-15
   3.3699041e+04   2.4980018e-15
   3.3698867e+04   1.8873791e-15
   3.3698693e+04   2.2204460e-15
   3.3698518e+04   1.6098234e-15
   3.3698344e+04   1.5265567e-15
   3.3698170e+04   2.2482016e-15
   3.3697995e+04   2.0469737e-15
   3.3697821e+04   1.7763568e-15
   3.3697647e+04   2.0539126e-15
   3.3697472e+04   2.1649349e-15
   3.3697298e+04   1.9428903e-15
   3.3697124e+04   1.3877788e-15
   3.3696949e+04   9.4368957e-16
   3.3696775e+04   1.1102230e-15
   3.3696601e+04   7.7715612e-16
   3.3696427e+04   5.5511151e-16
   3.3696252e+04   2.7755576e-16
   3.3696078e+04   1.3877788e-16
   3.3695904e+04   5.5511151e-16
   3.3695729e+04   1.1934898e-15
   3.3695555e+04   2.4980018e-16
   3.3695381e+04   6.6613381e-16
   3.3695206e+04   1.1518564e-15
   3.3695032e+04   1.0130785e-15
   3.3694858e+04   2.0400348e-15
   3.3694683e+04   1.9428903e-15
   3.3694509e+04   2.4424907e-15
   3.3694335e+04   6.1062266e-16
   3.3694160e+04   9.7144515e-16
   3.3693986e+04   9.1593400e-16
   3.3693812e+04   9.9920072e-16
   3.3693637e+04   7.7715612e-16
   3.3693463e+04   1.5543122e-15
   3.3693289e+04   9.1593400e-16
   3.3693115e+04   2.7755576e-17
   3.3692940e+04   4.7184479e-16
   3.3692766e+04   1.0269563e-15
   3.3692592e+04   1.9428903e-16
   3.3692417e+04   4.9960036e-16
   3.3692243e+04   2.2204460e-16
   3.3692069e+04   1.1102230e-16
   3.3691894e+04   2.2204460e-16
   3.3691720e+04   1.2212453e-15
   3.3691546e+04   7.2164497e-16
   3.3691371e+04   3.3306691e-16
   3.3691197e+04   3.8857806e-16
   3.3691023e+04   6.6613381e-16
   3.3690848e+04   0.0000000e+00
   3.3690674e+04   4.4408921e-16
   3.3690500e+04   1.3322676e-15
   3.3690325e+04   1.7763568e-15
   3.3690151e+04   6.1062266e-16
   3.3689977e+04   4.1633363e-17
   3.3689803e+04   3.3306691e-16
   3.3689628e+04   2.2204460e-16
   3.3689454e+04   1.6653345e-16
   3.3689280e+04   6.6613381e-16
   3.3689105e+04   0.0000000e+00
   3.3688931e+04   3.8857806e-16
   3.3688757e+04   3.3306691e-16
   3.3688582e+04   1.1102230e-15
   3.3688408e+04   0.0000000e+00
   3.3688234e+04   8.8817842e-16
   3.3688059e+04   5.3082538e-16
   3.3687885e+04   3.8163916e-17
   3.3687711e+04   3.1571967e-16
   3.3687536e+04   5.2041704e-16
   3.3687362e+04   2.6020852e-16
   3.3687188e+04   1.5716595e-15
   3.3687013e+04   7.2337969e-16
   3.3686839e+04   3.4694470e-18
   3.3686665e+04   3.4694470e-16
   3.3686491e+04   4.9960036e-16
   3.3686316e+04   9.1593400e-16
   3.3686142e+04   5.5511151e-17
   3.3685968e+04   4.4408921e-16
   3.3685793e+04   4.4408921e-16
   3.3685619e+04   3.3306691e-16
   3.3685445e+04   8.8817842e-16
   3.3685270e+04   1.6653345e-15
   3.3685096e+04   1.5543122e-15
   3.3684922e+04   1.7763568e-15
   3.3684747e+04   2.7755576e-15
   3.3684573e+04   1.5543122e-15
   3.3684399e+04   1.2767565e-15
   3.3684224e+04   2.4980018e-15
   3.3684050e+04   2.5812685e-15
   3.3683876e+04   6.6613381e-16
   3.3683701e+04   2.3869795e-15
   3.3683527e+04   1.7486013e-15
   3.3683353e+04   9.9920072e-16
   3.3683179e+04   3.8857806e-16
   3.3683004e+04   1.3322676e-15
   3.3682830e+04   2.2204460e-16
   3.3682656e+04   8.8817842e-16
   3.3682481e+04   7.7715612e-16
   3.3682307e+04   1.1102230e-15
   3.3682133e+04   2.2204460e-16
   3.3681958e+04   1.1102230e-16
   3.3681784e+04   6.6613381e-16
   3.3681610e+04   1.6653345e-16
   3.3681435e+04   1.3322676e-15
   3.3681261e+04   7.2164497e-16
   3.3681087e+04   2.4980018e-16
   3.3680912e+04   5.9674488e-16
   3.3680738e+04   9.0205621e-17
   3.3680564e+04   5.4123372e-16
   3.3680389e+04   2.1684043e-16
   3.3680215e+04   4.6664062e-16
   3.3680041e+04   1.0560129e-16
   3.3679867e+04   1.5990356e-15
   3.3679692e+04   5.1975805e-16
   3.3679518e+04   5.6542499e-16
   3.3679344e+04   6.3523405e-16
   3.3679169e+04   1.4831886e-15
   3.3678995e+04   8.6649438e-16
   3.3678821e+04   8.0664642e-16
   3.3678646e+04   3.3653635e-16
   3.3678472e+04   8.6042284e-16
   3.3678298e+04   8.7430063e-16
   3.3678123e+04   1.3739010e-15
   3.3677949e+04   8.0491169e-16
   3.3677775e+04   1.3877788e-16
   3.3677600e+04   9.9920072e-16
   3.3677426e+04   3.3306691e-16
   3.3677252e+04   4.4408921e-16
   3.3677077e+04   4.4408921e-16
   3.3676903e+04   3.3306691e-16
   3.3676729e+04   1.1102230e-16
   3.3676554e+04   7.7715612e-16
   3.3676380e+04   4.4408921e-16
   3.3676206e+04   9.9920072e-16
   3.3676032e+04   2.2204460e-16
   3.3675857e+04   1.1102230e-16
   3.3675683e+04   2.7755576e-16
   3.3675509e+04   3.3306691e-16
   3.3675334e+04   5.5511151e-17
   3.3675160e+04   7.2164497e-16
   3.3674986e+04   1.4432899e-15
   3.3674811e+04   9.9920072e-16
   3.3674637e+04   4.4408921e-16
   3.3674463e+04   8.8817842e-16
   3.3674288e+04   1.4432899e-15
   3.3674114e+04   1.4432899e-15
   3.3673940e+04   2.2204460e-15
   3.3673765e+04   1.2767565e-15
   3.3673591e+04   2.1649349e-15
   3.3673417e+04   1.1379786e-15
   3.3673242e+04   4.4408921e-16
   3.3673068e+04   6.8001160e-16
   3.3672894e+04   1.2906343e-15
   3.3672720e+04   1.2836954e-16
   3.3672545e+04   1.0685897e-15
   3.3672371e+04   7.1557343e-16
   3.3672197e+04   1.7043658e-16
   3.3672022e+04   5.4813196e-16
   3.3671848e+04   3.2493751e-16
   3.3671674e+04   4.7184479e-16
   3.3671499e+04   5.8762919e-16
   3.3671325e+04   4.7381731e-16
   3.3671151e+04   8.0409464e-16
   3.3670976e+04   1.4646493e-15
   3.3670802e+04   1.3171643e-15
   3.3670628e+04   1.9939778e-15
   3.3670453e+04   2.0883327e-15
   3.3670279e+04   1.0685196e-15
   3.3670105e+04   1.5102277e-15
   3.3669930e+04   2.2405799e-15
   3.3669756e+04   2.4103114e-15
   3.3669582e+04   2.7175953e-15
   3.3669408e+04   2.8032430e-15
   3.3669233e+04   1.5566232e-15
   3.3669059e+04   2.4250062e-15
   3.3668885e+04   1.9884687e-15
   3.3668710e+04   2.4178631e-15
   3.3668536e+04   1.2226051e-15
   3.3668362e+04   6.2072461e-16
   3.3668187e+04   1.1960400e-15
   3.3668013e+04   2.3551387e-16
   3.3667839e+04   4.9919184e-16
   3.3667664e+04   3.3248917e-16
   3.3667490e+04   7.1113449e-16
   3.3667316e+04   4.5657221e-16
   3.3667141e+04   9.3334832e-16
   3.3666967e+04   6.0980562e-16
   3.3666793e+04   1.1209027e-15
   3.3666618e+04   2.7992980e-15
   3.3666444e+04   1.8873791e-15
   3.3666270e+04   1.3322676e-15
   3.3666096e+04   1.3322676e-15
   3.3665921e+04   2.3869795e-15
   3.3665747e+04   2.1094237e-15
   3.3665573e+04   1.9428903e-15
   3.3665398e+04   2.0261570e-15
   3.3665224e+04   1.6375790e-15
   3.3665050e+04   2.7200464e-15
   3.3664875e+04   3.0045411e-15
   3.3664701e+04   1.7832957e-15
   3.3664527e+04   1.5109441e-15
   3.3664352e+04   1.0425688e-15
   3.3664178e+04   1.5820678e-15
   3.3664004e+04   1.8318680e-15
   3.3663829e+04   2.4147351e-15
   3.3663655e+04   1.1102230e-16
   3.3663481e+04   1.5543122e-15
   3.3663306e+04   4.0245585e-16
   3.3663132e+04   1.1934898e-15
   3.3662958e+04   0.0000000e+00
   3.3662784e+04   1.6653345e-16
   3.3662609e+04   4.1633363e-16
   3.3662435e+04   4.3021142e-16
   3.3662261e+04   5.8286709e-16
   3.3662086e+04   1.8041124e-16
   3.3661912e+04   2.3592239e-16
   3.3661738e+04   4.7184479e-16
   3.3661563e+04   2.7755576e-17
   3.3661389e+04   6.5225603e-16
   3.3661215e+04   4.7184479e-16
   3.3661040e+04   4.8572257e-16
   3.3660866e+04   7.2164497e-16
   3.3660692e+04   6.2450045e-17
   3.3660517e+04   1.3045121e-15
   3.3660343e+04   2.2898350e-16
   3.3660169e+04   5.6898930e-16
   3.3659994e+04   6.1062266e-16
   3.3659820e+04   1.4363510e-15
   3.3659646e+04   1.3530843e-15
   3.3659472e+04   4.1633363e-16
   3.3659297e+04   5.4123372e-16
   3.3659123e+04   3.3306691e-16
   3.3658949e+04   2.7755576e-17
   3.3658774e+04   3.6082248e-16
   3.3658600e+04   9.2287289e-16
   3.3658426e+04   6.5919492e-17
   3.3658251e+04   3.7816972e-16
   3.3658077e+04   1.0677223e-15
   3.3657903e+04   4.5232915e-16
   3.3657728e+04   3.8619281e-16
   3.3657554e+04   1.6081700e-15
   3.3657380e+04   3.3716993e-17
   3.3657205e+04   2.2236173e-15
   3.3657031e+04   3.5149834e-16
   3.3656857e+04   1.3843093e-15
   3.3656682e+04   7.8236029e-16
   3.3656508e+04   1.7728874e-15
   3.3656334e+04   1.5959456e-16
   3.3656160e+04   2.1371793e-15
   3.3655985e+04   1.9428903e-16
   3.3655811e+04   2.6090241e-15
   3.3655637e+04   2.4424907e-15
   3.3655462e+04   4.7184479e-15
   3.3655288e+04   4.4376239e-15
   3.3655114e+04   7.0882113e-15
   3.3654939e+04   9.5195436e-15
   3.3654765e+04   9.7062810e-15
   3.3654591e+04   1.7144974e-14
   3.3654416e+04   2.0155566e-14
   3.3654242e+04   3.2305493e-14
   3.3654068e+04   3.9394860e-14
   3.3653893e+04   5.9494915e-14
   3.3653719e+04   7.9114080e-14
   3.3653545e+04   1.1776825e-13
   3.3653370e+04   1.6720980e-13
   3.3653196e+04   2.4697546e-13
   3.3653022e+04   3.6913779e-13
   3.3652848e+04   5.6072683e-13
   3.3652673e+04   8.7343418e-13
   3.3652499e+04   1.3713601e-12
   3.3652325e+04   2.2232161e-12
   3.3652150e+04   3.6705039e-12
   3.3651976e+04   6.2626413e-12
   3.3651802e+04   1.0981046e-11
   3.3651627e+04   1.9985202e-11
   3.3651453e+04   3.7776531e-11
   3.3651279e+04   7.4792249e-11
   3.3651104e+04   1.5595886e-10
   3.3650930e+04   3.4593586e-10
   3.3650756e+04   8.2543690e-10
   3.3650581e+04   2.1522457e-09
   3.3650407e+04   6.2640852e-09
   3.3650233e+04   2.0991608e-08
   3.3650058e+04   8.4991254e-08
   3.3649884e+04   4.5205600e-07
   3.3649710e+04   3.7714015e-06
   3.3649536e+04   9.2690777e-05
   3.3649361e+04   1.8612131e-03
   3.3649187e+04   1.2228696e-02
   3.3649013e+04   4.6160078e-02
   3.3648838e+04   1.2165787e-01
   3.3648664e+04   2.5482700e-01
   3.3648490e+04   4.7049472e-01
   3.3648315e+04   8.1209474e-01
   3.3648141e+04   1.3183654e+00
   3.3647967e+04   1.9927338e+00
   3.3647792e+04   2.8221352e+00
   3.3647618e+04   3.8148546e+00
   3.3647444e+04   4.9748555e+00
   3.3647269e+04   6.2425060e+00
   3.3647095e+04   7.5155144e+00
   3.3646921e+04   8.7364861e+00
   3.3646746e+04   9.9029894e+00
   3.3646572e+04   1.0978687e+01
   3.3646398e+04   1.1868497e+01
   3.3646224e+04   1.2521981e+01
   3.3646049e+04   1.2991937e+01
   3.3645875e+04   1.3332645e+01
   3.3645701e+04   1.3502491e+01
   3.3645526e+04   1.3437883e+01
   3.3645352e+04   1.3166483e+01
   3.3645178e+04   1.2757935e+01
   3.3645003e+04   1.2199959e+01
   3.3644829e+04   1.1420479e+01
   3.3644655e+04   1.0418905e+01
   3.3644480e+04   9.2852103e+00
   3.3644306e+04   8.0894434e+00
   3.3644132e+04   6.8382080e+00
   3.3643957e+04   5.5562237e+00
   3.3643783e+04   4.3343996e+00
   3.3643609e+04   3.2615659e+00
   3.3643434e+04   2.3586445e+00
   3.3643260e+04   1.6115391e+00
   3.3643086e+04   1.0255450e+00
   3.3642912e+04   6.1048127e-01
   3.3642737e+04   3.4241655e-01
   3.3642563e+04   1.7522733e-01
   3.3642389e+04   7.5053979e-02
   3.3642214e+04   2.3924028e-02
   3.3642040e+04   4.8697028e-03
   3.3641866e+04   4.6675831e-04
   3.3641691e+04   4.2635816e-08
   3.3641517e+04   2.7195822e-09
   3.3641343e+04   2.6696576e-09
   3.3641168e+04   1.1995848e-09
   3.3640994e+04   5.0708439e-10
   3.3640820e+04   2.1957282e-10
   3.3640645e+04   9.9120337e-11
   3.3640471e+04   4.6768256e-11
   3.3640297e+04   2.2983643e-11
   3.3640122e+04   1.1749629e-11
   3.3639948e+04   6.2011785e-12
   3.3639774e+04   3.4016678e-12
   3.3639600e+04   1.9082375e-12
   3.3639425e+04   1.1317336e-12
   3.3639251e+04   6.8448025e-13
   3.3639077e+04   4.7453708e-13
   3.3638902e+04   3.5260683e-13
   3.3638728e+04   3.3822944e-13
   3.3638554e+04   3.7046755e-13
   3.3638379e+04   4.9384108e-13
   3.3638205e+04   7.0626838e-13
   3.3638031e+04   1.0835499e-12
   3.3637856e+04   1.7169322e-12
   3.3637682e+04   2.8119729e-12
   3.3637508e+04   4.7458704e-12
   3.3637333e+04   8.2370777e-12
   3.3637159e+04   1.4802715e-11
   3.3636985e+04   2.7570363e-11
   3.3636810e+04   5.3614918e-11
   3.3636636e+04   1.0944164e-10
   3.3636462e+04   2.3663080e-10
   3.3636288e+04   5.4765775e-10
   3.3636113e+04   1.3766634e-09
   3.3635939e+04   3.8332581e-09
   3.3635765e+04   1.2163547e-08
   3.3635590e+04   4.5933619e-08
   3.3635416e+04   2.2205211e-07
   3.3635242e+04   1.5878604e-06
   3.3635067e+04   2.5463316e-05
   3.3634893e+04   1.0021707e-03
   3.3634719e+04   8.0357065e-03
   3.3634544e+04   3.4160862e-02
   3.3634370e+04   9.7420392e-02
   3.3634196e+04   2.1411360e-01
   3.3634021e+04   4.0515318e-01
   3.3633847e+04   7.0989043e-01
   3.3633673e+04   1.1721203e+00
   3.3633498e+04   1.8050085e+00
   3.3633324e+04   2.5952304e+00
   3.3633150e+04   3.5446757e+00
   3.3632975e+04   4.6647947e+00
   3.3632801e+04   5.9149374e+00
   3.3632627e+04   7.1958095e+00
   3.3632453e+04   8.4320720e+00
   3.3632278e+04   9.6137195e+00
   3.3632104e+04   1.0721226e+01
   3.3631930e+04   1.1668215e+01
   3.3631755e+04   1.2381309e+01
   3.3631581e+04   1.2890923e+01
   3.3631407e+04   1.3265104e+01
   3.3631232e+04   1.3486904e+01
   3.3631058e+04   1.3484349e+01
   3.3630884e+04   1.3258555e+01
   3.3630709e+04   1.2881739e+01
   3.3630535e+04   1.2368678e+01
   3.3630361e+04   1.1650603e+01
   3.3630186e+04   1.0699202e+01
   3.3630012e+04   9.5894322e+00
   3.3629838e+04   8.4066532e+00
   3.3629663e+04   7.1691889e+00
   3.3629489e+04   5.8879448e+00
   3.3629315e+04   4.6396104e+00
   3.3629141e+04   3.5229378e+00
   3.3628966e+04   2.5770249e+00
   3.3628792e+04   1.7900272e+00
   3.3628618e+04   1.1606126e+00
   3.3628443e+04   7.0197775e-01
   3.3628269e+04   4.0013338e-01
   3.3628095e+04   2.1099282e-01
   3.3627920e+04   9.5592621e-02
   3.3627746e+04   3.3291587e-02
   3.3627572e+04   7.7508724e-03
   3.3627397e+04   9.4948439e-04
   3.3627223e+04   2.2263935e-05
   3.3627049e+04   1.4276478e-06
   3.3626874e+04   2.0207680e-07
   3.3626700e+04   4.2138285e-08
   3.3626526e+04   1.1226510e-08
   3.3626351e+04   3.5552088e-09
   3.3626177e+04   1.2818853e-09
   3.3626003e+04   5.1165830e-10
   3.3625829e+04   2.2166954e-10
   3.3625654e+04   1.0277255e-10
   3.3625480e+04   5.0429024e-11
   3.3625306e+04   2.5986793e-11
   3.3625131e+04   1.3960691e-11
   3.3624957e+04   7.7865966e-12
   3.3624783e+04   4.4889261e-12
   3.3624608e+04   2.6690226e-12
   3.3624434e+04   1.6377115e-12
   3.3624260e+04   1.0377166e-12
   3.3624085e+04   6.9455458e-13
   3.3623911e+04   4.9752191e-13
   3.3623737e+04   4.1205616e-13
   3.3623562e+04   3.9219773e-13
   3.3623388e+04   4.7827560e-13
   3.3623214e+04   6.4984255e-13
   3.3623039e+04   1.0240803e-12
   3.3622865e+04   1.6765571e-12
   3.3622691e+04   2.9299599e-12
   3.3622517e+04   5.2496381e-12
   3.3622342e+04   9.8222232e-12
   3.3622168e+04   1.9031869e-11
   3.3621994e+04   3.8638872e-11
   3.3621819e+04   8.2541474e-11
   3.3621645e+04   1.8781912e-10
   3.3621471e+04   4.6170526e-10
   3.3621296e+04   1.2545179e-09
   3.3621122e+04   3.9083752e-09
   3.3620948e+04   1.4937009e-08
   3.3620773e+04   8.0793290e-08
   3.3620599e+04   8.9711688e-07
   3.3620425e+04   4.9704675e-04
   3.3620250e+04   5.0719440e-03
   3.3620076e+04   2.4630210e-02
   3.3619902e+04   7.6684878e-02
   3.3619727e+04   1.7816333e-01
   3.3619553e+04   3.4722847e-01
   3.3619379e+04   6.1820629e-01
   3.3619205e+04   1.0372039e+00
   3.3619030e+04   1.6273860e+00
   3.3618856e+04   2.3785259e+00
   3.3618682e+04   3.2858337e+00
   3.3618507e+04   4.3634068e+00
   3.3618333e+04   5.5888949e+00
   3.3618159e+04   6.8723560e+00
   3.3617984e+04   8.1237724e+00
   3.3617810e+04   9.3197008e+00
   3.3617636e+04   1.0452799e+01
   3.3617461e+04   1.1451532e+01
   3.3617287e+04   1.2226747e+01
   3.3617113e+04   1.2781403e+01
   3.3616938e+04   1.3187765e+01
   3.3616764e+04   1.3455924e+01
   3.3616590e+04   1.3515576e+01
   3.3616415e+04   1.3341105e+01
   3.3616241e+04   1.2997213e+01
   3.3616067e+04   1.2523714e+01
   3.3615893e+04   1.1864824e+01
   3.3615718e+04   1.0969262e+01
   3.3615544e+04   9.8896115e+00
   3.3615370e+04   8.7206187e+00
   3.3615195e+04   7.4971647e+00
   3.3615021e+04   6.2220498e+00
   3.3614847e+04   4.9542627e+00
   3.3614672e+04   3.7962088e+00
   3.3614498e+04   2.8060521e+00
   3.3614324e+04   1.9790290e+00
   3.3614149e+04   1.3073205e+00
   3.3613975e+04   8.0414978e-01
   3.3613801e+04   4.6532760e-01
   3.3613626e+04   2.5156385e-01
   3.3613452e+04   1.1966073e-01
   3.3613278e+04   4.5124952e-02
   3.3613103e+04   1.1844465e-02
   3.3612929e+04   1.7757776e-03
   3.3612755e+04   8.4839850e-05
   3.3612581e+04   3.6037320e-06
   3.3612406e+04   4.3779430e-07
   3.3612232e+04   8.2971082e-08
   3.3612058e+04   2.0610490e-08
   3.3611883e+04   6.1778655e-09
   3.3611709e+04   2.1302734e-09
   3.3611535e+04   8.1948169e-10
   3.3611360e+04   3.4427430e-10
   3.3611186e+04   1.5556036e-10
   3.3611012e+04   7.4707546e-11
   3.3610837e+04   3.7813114e-11
   3.3610663e+04   2.0007329e-11
   3.3610489e+04   1.1024792e-11
   3.3610314e+04   6.2760908e-12
   3.3610140e+04   3.6957104e-12
   3.3609966e+04   2.2264135e-12
   3.3609791e+04   1.3845591e-12
   3.3609617e+04   8.7208019e-13
   3.3609443e+04   5.6726845e-13
   3.3609269e+04   3.6998182e-13
   3.3609094e+04   2.4985569e-13
   3.3608920e+04   1.6903146e-13
   3.3608746e+04   1.1762119e-13
   3.3608571e+04   8.0907503e-14
   3.3608397e+04   5.7898131e-14
   3.3608223e+04   4.1605608e-14
   3.3608048e+04   2.8865799e-14
   3.3607874e+04   2.1788127e-14
   3.3607700e+04   1.4765966e-14
   3.3607525e+04   1.2601031e-14
   3.3607351e+04   9.0483177e-15
   3.3607177e+04   8.2711615e-15
   3.3607002e+04   3.5527137e-15
   3.3606828e+04   4.9682480e-15
   3.3606654e+04   6.6613381e-16
   3.3606479e+04   3.9135362e-15
   3.3606305e+04   3.6082248e-16
   3.3606131e+04   4.0523140e-15
   3.3605957e+04   1.5265567e-16
   3.3605782e+04   2.0122792e-15
   3.3605608e+04   5.9674488e-16
   3.3605434e+04   1.9428903e-15
   3.3605259e+04   3.3306691e-16
   3.3605085e+04   1.9984014e-15
   3.3604911e+04   6.9388939e-16
   3.3604736e+04   1.1379786e-15
   3.3604562e+04   8.3266727e-16
   3.3604388e+04   1.1102230e-16
   3.3604213e+04   8.8817842e-16
   3.3604039e+04   1.4710455e-15
   3.3603865e+04   1.3877788e-16
   3.3603690e+04   8.0491169e-16
   3.3603516e+04   3.6082248e-16
   3.3603342e+04   3.0531133e-16
   3.3603167e+04   1.2212453e-15
   3.3602993e+04   2.2204460e-16
   3.3602819e+04   1.3877788e-15
   3.3602645e+04   1.0547119e-15
   3.3602470e+04   1.3322676e-15
   3.3602296e+04   1.7763568e-15
   3.3602122e+04   5.5511151e-17
   3.3601947e+04   2.9143354e-15
   3.3601773e+04   1.8318680e-15
   3.3601599e+04   1.1657342e-15
   3.3601424e+04   1.6653345e-15
   3.3601250e+04   1.1102230e-15
   3.3601076e+04   2.2204460e-16
   3.3600901e+04   2.7755576e-16
   3.3600727e+04   2.6367797e-16
   3.3600553e+04   1.1102230e-16
   3.3600378e+04   1.9984014e-15
   3.3600204e+04   1.6653345e-15
   3.3600030e+04   1.7763568e-15
   3.3599855e+04   1.6653345e-15
   3.3599681e+04   2.9698466e-15
   3.3599507e+04   3.6082248e-15
   3.3599333e+04   1.9116653e-15
   3.3599158e+04   3.4139358e-15
   3.3598984e+04   2.0955460e-15
   3.3598810e+04   3.2474023e-15
   3.3598635e+04   1.9498292e-15
   3.3598461e+04   2.3002433e-15
   3.3598287e+04   1.9775848e-15
   3.3598112e+04   2.4043267e-15
   3.3597938e+04   1.6826818e-15
   3.3597764e+04   2.3574892e-15
   3.3597589e+04   8.2225893e-16
   3.3597415e+04   1.4710455e-15
   3.3597241e+04   1.2073675e-15
   3.3597066e+04   2.7755576e-16
   3.3596892e+04   5.5511151e-17
   3.3596718e+04   4.4408921e-16
   3.3596543e+04   3.3306691e-16
   3.3596369e+04   2.1094237e-15
   3.3596195e+04   8.8817842e-16
   3.3596021e+04   8.8817842e-16
   3.3595846e+04   8.8817842e-16
   3.3595672e+04   2.2204460e-15
   3.3595498e+04   1.3322676e-15
   3.3595323e+04   8.8817842e-16
   3.3595149e+04   8.8817842e-16
   3.3594975e+04   8.8817842e-16
   3.3594800e+04   1.3322676e-15
   3.3594626e+04   0.0000000e+00
   3.3594452e+04   1.3322676e-15
   3.3594277e+04   8.8817842e-16
   3.3594103e+04   2.2204460e-15
   3.3593929e+04   8.8817842e-16
   3.3593754e+04   1.3322676e-15
   3.3593580e+04   8.8817842e-16
   3.3593406e+04   1.3322676e-15
   3.3593231e+04   0.0000000e+00
   3.3593057e+04   0.0000000e+00
   3.3592883e+04   1.1102230e-15
   3.3592709e+04   1.5543122e-15
   3.3592534e+04   1.5543122e-15
   3.3592360e+04   1.6653345e-15
   3.3592186e+04   1.6653345e-15
   3.3592011e+04   3.1641356e-15
   3.3591837e+04   2.1649349e-15
   3.3591663e+04   1.3045121e-15
   3.3591488e+04   1.6098234e-15
   3.3591314e+04   5.6898930e-16
   3.3591140e+04   8.2919782e-16
   3.3590965e+04   5.3256011e-16
   3.3590791e+04   3.8294021e-16
   3.3590617e+04   7.6636831e-16
   3.3590442e+04   8.2506769e-16
   3.3590268e+04   1.3774653e-15
   3.3590094e+04   6.3523405e-16
   3.3589919e+04   7.1123663e-17
   3.3589745e+04   5.0567189e-16
   3.3589571e+04   1.1275703e-16
   3.3589396e+04   1.1414480e-15
   3.3589222e+04   1.0963452e-15
   3.3589048e+04   5.5511151e-16
   3.3588874e+04   1.4294121e-15
   3.3588699e+04   2.4980018e-16
   3.3588525e+04   1.1379786e-15
   3.3588351e+04   1.3322676e-15
   3.3588176e+04   1.3322676e-15
   3.3588002e+04   0.0000000e+00
   3.3587828e+04   4.4408921e-16
   3.3587653e+04   1.7763568e-15
   3.3587479e+04   1.7763568e-15
   3.3587305e+04   8.8817842e-16
   3.3587130e+04   0.0000000e+00
   3.3586956e+04   0.0000000e+00
   3.3586782e+04   0.0000000e+00
   3.3586607e+04   8.8817842e-16
   3.3586433e+04   0.0000000e+00
   3.3586259e+04   1.3322676e-15
   3.3586084e+04   8.8817842e-16
   3.3585910e+04   0.0000000e+00
   3.3585736e+04   8.8817842e-16
   3.3585562e+04   1.3322676e-15
   3.3585387e+04   2.2204460e-15
   3.3585213e+04   2.2204460e-15
   3.3585039e+04   6.6613381e-16
   3.3584864e+04   2.8865799e-15
   3.3584690e+04   2.2204460e-15
   3.3584516e+04   1.8873791e-15
   3.3584341e+04   1.4432899e-15
   3.3584167e+04   2.1649349e-15
   3.3583993e+04   1.4988011e-15
   3.3583818e+04   1.2212453e-15
   3.3583644e+04   8.8817842e-16
   3.3583470e+04   1.1796120e-16
   3.3583295e+04   9.8532293e-16
   3.3583121e+04   4.5102810e-16
   3.3582947e+04   1.4268101e-16
   3.3582772e+04   3.2607380e-16
   3.3582598e+04   5.3548491e-16
   3.3582424e+04   5.5511151e-17
   3.3582250e+04   2.8231787e-16
   3.3582075e+04   7.7518359e-16
   3.3581901e+04   1.2204283e-15
   3.3581727e+04   2.3805833e-15
   3.3581552e+04   9.0083064e-16
   3.3581378e+04   1.3833551e-15
   3.3581204e+04   2.1438439e-15
   3.3581029e+04   1.9289424e-15
   3.3580855e+04   2.8008620e-15
   3.3580681e+04   2.1573131e-15
   3.3580506e+04   1.2445772e-15
   3.3580332e+04   1.1632830e-15
   3.3580158e+04   2.2620093e-15
   3.3579983e+04   1.8758123e-15
   3.3579809e+04   4.1994026e-16
   3.3579635e+04   2.9537860e-16
   3.3579460e+04   8.9130643e-16
   3.3579286e+04   1.6597554e-15
   3.3579112e+04   4.5419116e-16
   3.3578938e+04   2.5502681e-18
   3.3578763e+04   2.1228930e-15
   3.3578589e+04   1.6232926e-15
   3.3578415e+04   2.8038909e-15
   3.3578240e+04   1.6409463e-15
   3.3578066e+04   1.6112182e-15
   3.3577892e+04   9.4015304e-16
   3.3577717e+04   3.8939511e-16
   3.3577543e+04   2.2097664e-15
   3.3577369e+04   1.5583274e-15
   3.3577194e+04   6.6613381e-16
   3.3577020e+04   1.1102230e-15
   3.3576846e+04   1.1102230e-15
   3.3576671e+04   2.2204460e-16
   3.3576497e+04   1.1102230e-16
   3.3576323e+04   2.2204460e-16
   3.3576148e+04   3.3306691e-16
   3.3575974e+04   1.8318680e-15
   3.3575800e+04   2.7755576e-16
   3.3575626e+04   1.4641066e-15
   3.3575451e+04   2.8449465e-16
   3.3575277e+04   6.7827688e-16
   3.3575103e+04   5.3949900e-16
   3.3574928e+04   5.8286709e-16
   3.3574754e+04   6.1062266e-16
   3.3574580e+04   4.1633363e-17
   3.3574405e+04   1.2073675e-15
   3.3574231e+04   6.9388939e-16
   3.3574057e+04   1.2490009e-16
   3.3573882e+04   6.8001160e-16
   3.3573708e+04   1.1518564e-15
   3.3573534e+04   1.1102230e-16
   3.3573359e+04   2.4980018e-16
   3.3573185e+04   8.3266727e-17
   3.3573011e+04   7.4940054e-16
   3.3572836e+04   4.9960036e-16
   3.3572662e+04   4.5796700e-16
   3.3572488e+04   3.0531133e-16
   3.3572314e+04   1.0824674e-15
   3.3572139e+04   4.1633363e-16
   3.3571965e+04   9.4368957e-16
   3.3571791e+04   1.1657342e-15
   3.3571616e+04   1.3183898e-15
   3.3571442e+04   2.3592239e-16
   3.3571268e+04   4.9960036e-16
   3.3571093e+04   4.7184479e-16
   3.3570919e+04   1.3045121e-15
   3.3570745e+04   2.2204460e-16
   3.3570570e+04   8.8817842e-16
   3.3570396e+04   8.8817842e-16
   3.3570222e+04   1.2212453e-15
   3.3570047e+04   6.9388939e-16
   3.3569873e+04   2.7755576e-17
   3.3569699e+04   1.2490009e-16
   3.3569524e+04   5.5511151e-16
   3.3569350e+04   8.5348395e-16
   3.3569176e+04   3.2265857e-16
   3.3569002e+04   1.7347235e-17
   3.3568827e+04   7.0256301e-17
   3.3568653e+04   3.4130684e-16
   3.3568479e+04   1.1958750e-15
   3.3568304e+04   8.1613319e-17
   3.3568130e+04   6.1472569e-17
   3.3567956e+04   1.6967764e-16
   3.3567781e+04   8.2355997e-16
   3.3567607e+04   3.6429193e-16
   3.3567433e+04   1.8735014e-16
   3.3567258e+04   5.5511151e-16
   3.3567084e+04   1.6237012e-15
   3.3566910e+04   5.5511151e-17
   3.3566735e+04   7.2164497e-16
   3.3566561e+04   6.6613381e-16
   3.3566387e+04   5.5511151e-16
   3.3566212e+04   7.7715612e-16
   3.3566038e+04   3.0612838e-16
   3.3565864e+04   1.3619957e-15
   3.3565690e+04   6.6334424e-16
   3.3565515e+04   7.8901121e-18
   3.3565341e+04   1.8290784e-15
   3.3565167e+04   6.9701740e-16
   3.3564992e+04   3.9531269e-16
   3.3564818e+04   4.3735458e-16
   3.3564644e+04   2.7476618e-16
   3.3564469e+04   3.3782901e-16
   3.3564295e+04   1.9544451e-16
   3.3564121e+04   4.1415684e-16
   3.3563946e+04   1.1006988e-15
   3.3563772e+04   8.9885811e-16
   3.3563598e+04   2.2993472e-17
   3.3563423e+04   5.3885267e-16
   3.3563249e+04   4.1715068e-16
   3.3563075e+04   8.3940190e-16
   3.3562900e+04   7.5531813e-16
   3.3562726e+04   3.8184343e-16
   3.3562552e+04   6.7286845e-16
   3.3562378e+04   1.1557314e-15
   3.3562203e+04   7.8470780e-16
   3.3562029e+04   1.7211261e-16
   3.3561855e+04   1.6280548e-15
   3.3561680e+04   7.8749737e-16
   3.3561506e+04   1.4353998e-16
   3.3561332e+04   7.8545475e-16
   3.3561157e+04   1.0907661e-15
   3.3560983e+04   3.8898658e-16
   3.3560809e+04   3.5769448e-16
   3.3560634e+04   9.1117190e-16
   3.3560460e+04   2.8313484e-16
   3.3560286e+04   1.5994828e-15
   3.3560111e+04   8.7224065e-17
   3.3559937e+04   8.5001450e-16
   3.3559763e+04   6.2450045e-16
   3.3559588e+04   7.6327833e-16
   3.3559414e+04   1.2073675e-15
   3.3559240e+04   3.1918912e-16
   3.3559066e+04   5.2735594e-16
   3.3558891e+04   2.2204460e-16
   3.3558717e+04   5.5511151e-17
   3.3558543e+04   0.0000000e+00
   3.3558368e+04   1.3322676e-15
   3.3558194e+04   1.1102230e-15
   3.3558020e+04   4.4408921e-16
   3.3557845e+04   6.6613381e-16
   3.3557671e+04   2.6645353e-15
   3.3557497e+04   0.0000000e+00
   3.3557322e+04   2.6645353e-15
   3.3557148e+04   1.7763568e-15
   3.3556974e+04   1.3322676e-15
   3.3556799e+04   8.8817842e-16
   3.3556625e+04   8.8817842e-16
   3.3556451e+04   8.8817842e-16
   3.3556276e+04   0.0000000e+00
   3.3556102e+04   8.8817842e-16
   3.3555928e+04   8.8817842e-16
   3.3555754e+04   4.4408921e-16
   3.3555579e+04   4.4408921e-16
   3.3555405e+04   4.4408921e-16
   3.3555231e+04   1.7763568e-15
   3.3555056e+04   8.8817842e-16
   3.3554882e+04   1.1102230e-16
   3.3554708e+04   1.5543122e-15
   3.3554533e+04   0.0000000e+00
   3.3554359e+04   4.9960036e-16
   3.3554185e+04   1.1102230e-16
   3.3554010e+04   1.2767565e-15
   3.3553836e+04   7.4940054e-16
   3.3553662e+04   1.1102230e-16
   3.3553487e+04   5.2735594e-16
   3.3553313e+04   2.0469737e-15
   3.3553139e+04   1.5473733e-15
   3.3552964e+04   5.3776428e-16
   3.3552790e+04   1.7867652e-16
   3.3552616e+04   4.2327253e-16
   3.3552442e+04   5.5511151e-16
   3.3552267e+04   5.5511151e-17
   3.3552093e+04   1.3877788e-15
   3.3551919e+04   5.5511151e-16
   3.3551744e+04   1.2073675e-15
   3.3551570e+04   2.4980018e-16
   3.3551396e+04   2.2204460e-16
   3.3551221e+04   1.0547119e-15
   3.3551047e+04   8.3266727e-17
   3.3550873e+04   2.6367797e-16
   3.3550698e+04   3.0531133e-16
   3.3550524e+04   1.8179902e-15
   3.3550350e+04   6.5225603e-16
   3.3550175e+04   2.4980018e-16
   3.3550001e+04   5.5511151e-17
   3.3549827e+04   9.0205621e-16
   3.3549652e+04   8.0491169e-16
   3.3549478e+04   1.8041124e-16
   3.3549304e+04   1.6653345e-16
   3.3549130e+04   7.2858386e-16
   3.3548955e+04   8.0491169e-16
   3.3548781e+04   9.9226183e-16
   3.3548607e+04   6.5225603e-16
   3.3548432e+04   5.5511151e-17
   3.3548258e+04   1.1032841e-15
   3.3548084e+04   5.3429483e-16
   3.3547909e+04   1.4155344e-15
   3.3547735e+04   2.0816682e-16
   3.3547561e+04   2.7755576e-16
   3.3547386e+04   8.3266727e-17
   3.3547212e+04   3.3306691e-16
   3.3547038e+04   1.7347235e-16
   3.3546863e+04   7.1817552e-16
   3.3546689e+04   7.3205331e-16
   3.3546515e+04   3.9291487e-16
   3.3546340e+04   4.6620693e-16
   3.3546166e+04   1.6707555e-15
   3.3545992e+04   1.2042776e-15
   3.3545817e+04   5.3495382e-16
   3.3545643e+04   6.4870526e-16
   3.3545469e+04   1.0776970e-16
   3.3545295e+04   1.8214596e-16
   3.3545120e+04   7.3031858e-16
   3.3544946e+04   9.9573128e-16
   3.3544772e+04   5.2041704e-16
   3.3544597e+04   1.5265567e-15
   3.3544423e+04   4.7184479e-16
   3.3544249e+04   2.2204460e-16
   3.3544074e+04   1.3322676e-15
   3.3543900e+04   9.4368957e-16
   3.3543726e+04   1.8873791e-15
   3.3543551e+04   9.9920072e-16
   3.3543377e+04   1.7763568e-15
   3.3543203e+04   4.4408921e-16
   3.3543028e+04   1.2212453e-15
   3.3542854e+04   1.8873791e-15
   3.3542680e+04   5.5511151e-16
   3.3542505e+04   0.0000000e+00
   3.3542331e+04   1.2212453e-15
   3.3542157e+04   8.8817842e-16
   3.3541983e+04   3.3306691e-16
   3.3541808e+04   5.5511151e-17
   3.3541634e+04   7.7715612e-16
   3.3541460e+04   1.6653345e-16
   3.3541285e+04   1.0547119e-15
   3.3541111e+04   9.9920072e-16
   3.3540937e+04   7.7715612e-16
   3.3540762e+04   8.8817842e-16
   3.3540588e+04   4.4408921e-16
   3.3540414e+04   9.9920072e-16
   3.3540239e+04   7.7715612e-16
   3.3540065e+04   1.7763568e-15
   3.3539891e+04   3.8857806e-16
   3.3539716e+04   2.7755576e-16
   3.3539542e+04   2.4980018e-16
   3.3539368e+04   8.8817842e-16
   3.3539193e+04   9.2981178e-16
   3.3539019e+04   3.0531133e-16
   3.3538845e+04   1.0755286e-16
   3.3538671e+04   8.6736174e-17
   3.3538496e+04   1.8821750e-16
   3.3538322e+04   1.5243883e-16
   3.3538148e+04   4.3556467e-16
   3.3537973e+04   7.3121009e-16
   3.3537799e+04   9.7602775e-16
   3.3537625e+04   3.3723843e-16
   3.3537450e+04   9.4974713e-16
   3.3537276e+04   5.5209175e-16
   3.3537102e+04   2.2479292e-16
   3.3536927e+04   5.6008536e-16
   3.3536753e+04   1.4162756e-15
   3.3536579e+04   9.4223167e-16
   3.3536404e+04   1.2144560e-15
   3.3536230e+04   1.2921078e-15
   3.3536056e+04   1.5300536e-15
   3.3535881e+04   1.5241030e-15
   3.3535707e+04   1.8399609e-15
   3.3535533e+04   6.6914221e-16
   3.3535359e+04   1.7715075e-15
   3.3535184e+04   9.2354922e-16
   3.3535010e+04   3.9740170e-16
   3.3534836e+04   8.5948141e-16
   3.3534661e+04   2.5352311e-16
   3.3534487e+04   6.0750754e-16
   3.3534313e+04   6.4982979e-16
   3.3534138e+04   5.6359054e-16
   3.3533964e+04   1.7915785e-16
   3.3533790e+04   2.3926601e-16
   3.3533615e+04   6.8934802e-16
   3.3533441e+04   6.2638282e-16
   3.3533267e+04   6.8402704e-16
   3.3533092e+04   1.0856107e-15
   3.3532918e+04   2.2024828e-15
   3.3532744e+04   1.1914657e-15
   3.3532569e+04   7.7715612e-16
   3.3532395e+04   6.6613381e-16
   3.3532221e+04   4.4408921e-16
   3.3532047e+04   1.0547119e-15
   3.3531872e+04   4.1980308e-16
   3.3531698e+04   8.5001450e-16
   3.3531524e+04   8.9858676e-16
   3.3531349e+04   1.6583956e-15
   3.3531175e+04   1.2836954e-16
   3.3531001e+04   1.8735014e-16
   3.3530826e+04   1.1934898e-15
   3.3530652e+04   6.9735884e-16
   3.3530478e+04   2.7061686e-15
   3.3530303e+04   9.4368957e-16
   3.3530129e+04   1.4155344e-15
   3.3529955e+04   2.1649349e-15
   3.3529780e+04   1.7208457e-15
   3.3529606e+04   1.2212453e-15
   3.3529432e+04   6.6613381e-16
   3.3529257e+04   1.3322676e-15
   3.3529083e+04   1.4432899e-15
   3.3528909e+04   1.3322676e-15
   3.3528735e+04   2.2204460e-15
   3.3528560e+04   2.3314684e-15
   3.3528386e+04   2.2204460e-16
   3.3528212e+04   3.8857806e-16
   3.3528037e+04   1.6098234e-15
   3.3527863e+04   8.3266727e-17
   3.3527689e+04   6.6613381e-16
   3.3527514e+04   7.2164497e-16
   3.3527340e+04   1.9428903e-16
   3.3527166e+04   1.1102230e-16
   3.3526991e+04   1.6098234e-15
   3.3526817e+04   8.8817842e-16
   3.3526643e+04   2.2204460e-16
   3.3526468e+04   0.0000000e+00
   3.3526294e+04   3.3306691e-16
   3.3526120e+04   1.1102230e-15
   3.3525945e+04   1.1102230e-15
   3.3525771e+04   3.3306691e-16
   3.3525597e+04   1.1102230e-15
   3.3525423e+04   9.4368957e-16
   3.3525248e+04   1.1102230e-16
   3.3525074e+04   1.1102230e-15
   3.3524900e+04   2.7755576e-17
   3.3524725e+04   2.3592239e-16
   3.3524551e+04   2.0122792e-16
   3.3524377e+04   1.0130785e-15
   3.3524202e+04   1.2143064e-17
   3.3524028e+04   4.3541559e-16
   3.3523854e+04   4.9721512e-16
   3.3523679e+04   1.3028315e-15
   3.3523505e+04   7.5536196e-16
   3.3523331e+04   1.0237715e-15
   3.3523156e+04   4.3465665e-16
   3.3522982e+04   3.9204751e-16
   3.3522808e+04   8.1445267e-16
   3.3522633e+04   8.5521867e-16
   3.3522459e+04   3.1571967e-16
   3.3522285e+04   5.2735594e-16
   3.3522111e+04   3.1918912e-16
   3.3521936e+04   4.5796700e-16
   3.3521762e+04   2.4980018e-16
   3.3521588e+04   2.4980018e-16
