   3.3878412e+04   9.2207908e-12
   3.3878238e+04   9.1943675e-12
   3.3878064e+04   9.1693320e-12
   3.3877889e+04   9.1445185e-12
   3.3877715e+04   9.1220365e-12
   3.3877541e+04   9.0963903e-12
   3.3877367e+04   9.0716323e-12
   3.3877192e+04   9.0474850e-12
   3.3877018e+04   9.0253083e-12
   3.3876844e+04   9.0017993e-12
   3.3876669e+04   8.9761185e-12
   3.3876495e+04   8.9534491e-12
   3.3876321e+04   8.9288993e-12
   3.3876146e+04   8.9065144e-12
   3.3875972e+04   8.8835050e-12
   3.3875798e+04   8.8609675e-12
   3.3875623e+04   8.8374308e-12
   3.3875449e+04   8.8166141e-12
   3.3875275e+04   8.7921892e-12
   3.3875100e+04   8.7685414e-12
   3.3874926e+04   8.7463370e-12
   3.3874752e+04   8.7246876e-12
   3.3874577e+04   8.7022056e-12
   3.3874403e+04   8.6808338e-12
   3.3874229e+04   8.6577967e-12
   3.3874055e+04   8.6347873e-12
   3.3873880e+04   8.6153029e-12
   3.3873706e+04   8.5936813e-12
   3.3873532e+04   8.5710328e-12
   3.3873357e+04   8.5493279e-12
   3.3873183e+04   8.5295798e-12
   3.3873009e+04   8.5081941e-12
   3.3872834e+04   8.4871554e-12
   3.3872660e+04   8.4666718e-12
   3.3872486e+04   8.4467988e-12
   3.3872311e+04   8.4267870e-12
   3.3872137e+04   8.4048879e-12
   3.3871963e+04   8.3854035e-12
   3.3871788e+04   8.3656415e-12
   3.3871614e+04   8.3455187e-12
   3.3871440e+04   8.3257568e-12
   3.3871265e+04   8.3056617e-12
   3.3871091e+04   8.2864826e-12
   3.3870917e+04   8.2682194e-12
   3.3870743e+04   8.2491791e-12
   3.3870568e+04   8.2291951e-12
   3.3870394e+04   8.2098772e-12
   3.3870220e+04   8.1897822e-12
   3.3870045e+04   8.1710749e-12
   3.3869871e+04   8.1520901e-12
   3.3869697e+04   8.1334939e-12
   3.3869522e+04   8.1138429e-12
   3.3869348e+04   8.0957463e-12
   3.3869174e+04   8.0760953e-12
   3.3868999e+04   8.0586648e-12
   3.3868825e+04   8.0393747e-12
   3.3868651e+04   8.0217777e-12
   3.3868476e+04   8.0033619e-12
   3.3868302e+04   7.9842799e-12
   3.3868128e+04   7.9670159e-12
   3.3867953e+04   7.9476425e-12
   3.3867779e+04   7.9306561e-12
   3.3867605e+04   7.9136697e-12
   3.3867431e+04   7.8952400e-12
   3.3867256e+04   7.8769768e-12
   3.3867082e+04   7.8606011e-12
   3.3866908e+04   7.8431706e-12
   3.3866733e+04   7.8263854e-12
   3.3866559e+04   7.8098708e-12
   3.3866385e+04   7.7913526e-12
   3.3866210e+04   7.7758390e-12
   3.3866036e+04   7.7597997e-12
   3.3865862e+04   7.7431239e-12
   3.3865687e+04   7.7244567e-12
   3.3865513e+04   7.7111616e-12
   3.3865339e+04   7.6933155e-12
   3.3865164e+04   7.6777968e-12
   3.3864990e+04   7.6609292e-12
   3.3864816e+04   7.6463662e-12
   3.3864641e+04   7.6294249e-12
   3.3864467e+04   7.6127438e-12
   3.3864293e+04   7.5962847e-12
   3.3864119e+04   7.5817130e-12
   3.3863944e+04   7.5652262e-12
   3.3863770e+04   7.5498496e-12
   3.3863596e+04   7.5335294e-12
   3.3863421e+04   7.5170981e-12
   3.3863247e+04   7.5033313e-12
   3.3863073e+04   7.4861228e-12
   3.3862898e+04   7.4714124e-12
   3.3862724e+04   7.4563133e-12
   3.3862550e+04   7.4401318e-12
   3.3862375e+04   7.4261708e-12
   3.3862201e+04   7.4114603e-12
   3.3862027e+04   7.3947237e-12
   3.3861852e+04   7.3820394e-12
   3.3861678e+04   7.3659967e-12
   3.3861504e+04   7.3513418e-12
   3.3861329e+04   7.3375750e-12
   3.3861155e+04   7.3224760e-12
   3.3860981e+04   7.3090423e-12
   3.3860807e+04   7.2926110e-12
   3.3860632e+04   7.2789552e-12
   3.3860458e+04   7.2650774e-12
   3.3860284e+04   7.2508666e-12
   3.3860109e+04   7.2367112e-12
   3.3859935e+04   7.2230555e-12
   3.3859761e+04   7.2092887e-12
   3.3859586e+04   7.1953832e-12
   3.3859412e+04   7.1817136e-12
   3.3859238e+04   7.1667290e-12
   3.3859063e+04   7.1532138e-12
   3.3858889e+04   7.1406572e-12
   3.3858715e+04   7.1259218e-12
   3.3858540e+04   7.1125519e-12
   3.3858366e+04   7.0994066e-12
   3.3858192e+04   7.0856566e-12
   3.3858017e+04   7.0737675e-12
   3.3857843e+04   7.0592874e-12
   3.3857669e+04   7.0470729e-12
   3.3857495e+04   7.0335936e-12
   3.3857320e+04   7.0208173e-12
   3.3857146e+04   7.0087261e-12
   3.3856972e+04   6.9959004e-12
   3.3856797e+04   6.9846212e-12
   3.3856623e+04   6.9714096e-12
   3.3856449e+04   6.9581563e-12
   3.3856274e+04   6.9466377e-12
   3.3856100e+04   6.9342310e-12
   3.3855926e+04   6.9220185e-12
   3.3855751e+04   6.9105832e-12
   3.3855577e+04   6.8967054e-12
   3.3855403e+04   6.8860473e-12
   3.3855228e+04   6.8738348e-12
   3.3855054e+04   6.8631767e-12
   3.3854880e+04   6.8499095e-12
   3.3854705e+04   6.8384742e-12
   3.3854531e+04   6.8267614e-12
   3.3854357e+04   6.8147710e-12
   3.3854183e+04   6.8023920e-12
   3.3854008e+04   6.7895134e-12
   3.3853834e+04   6.7779116e-12
   3.3853660e+04   6.7673644e-12
   3.3853485e+04   6.7562622e-12
   3.3853311e+04   6.7446049e-12
   3.3853137e+04   6.7340578e-12
   3.3852962e+04   6.7217343e-12
   3.3852788e+04   6.7106321e-12
   3.3852614e+04   6.6991968e-12
   3.3852439e+04   6.6885386e-12
   3.3852265e+04   6.6781025e-12
   3.3852091e+04   6.6680828e-12
   3.3851916e+04   6.6557870e-12
   3.3851742e+04   6.6468359e-12
   3.3851568e+04   6.6353797e-12
   3.3851393e+04   6.6264164e-12
   3.3851219e+04   6.6151581e-12
   3.3851045e+04   6.6044101e-12
   3.3850870e+04   6.5943637e-12
   3.3850696e+04   6.5840817e-12
   3.3850522e+04   6.5728252e-12
   3.3850348e+04   6.5618644e-12
   3.3850173e+04   6.5526566e-12
   3.3849999e+04   6.5426314e-12
   3.3849825e+04   6.5322345e-12
   3.3849650e+04   6.5218904e-12
   3.3849476e+04   6.5113286e-12
   3.3849302e+04   6.5021353e-12
   3.3849127e+04   6.4911618e-12
   3.3848953e+04   6.4814127e-12
   3.3848779e+04   6.4708818e-12
   3.3848604e+04   6.4606816e-12
   3.3848430e+04   6.4513907e-12
   3.3848256e+04   6.4416652e-12
   3.3848081e+04   6.4325351e-12
   3.3847907e+04   6.4227841e-12
   3.3847733e+04   6.4116491e-12
   3.3847558e+04   6.4035789e-12
   3.3847384e+04   6.3941959e-12
   3.3847210e+04   6.3832864e-12
   3.3847036e+04   6.3749977e-12
   3.3846861e+04   6.3644503e-12
   3.3846687e+04   6.3563304e-12
   3.3846513e+04   6.3460269e-12
   3.3846338e+04   6.3377088e-12
   3.3846164e+04   6.3276358e-12
   3.3845990e+04   6.3195705e-12
   3.3845815e+04   6.3102912e-12
   3.3845641e+04   6.3005277e-12
   3.3845467e+04   6.2920004e-12
   3.3845292e+04   6.2823110e-12
   3.3845118e+04   6.2747060e-12
   3.3844944e+04   6.2649885e-12
   3.3844769e+04   6.2582162e-12
   3.3844595e+04   6.2483352e-12
   3.3844421e+04   6.2386762e-12
   3.3844246e+04   6.2298222e-12
   3.3844072e+04   6.2224947e-12
   3.3843898e+04   6.2134742e-12
   3.3843724e+04   6.2047867e-12
   3.3843549e+04   6.1969683e-12
   3.3843375e+04   6.1876238e-12
   3.3843201e+04   6.1797813e-12
   3.3843026e+04   6.1720112e-12
   3.3842852e+04   6.1620899e-12
   3.3842678e+04   6.1555943e-12
   3.3842503e+04   6.1480352e-12
   3.3842329e+04   6.1383537e-12
   3.3842155e+04   6.1309360e-12
   3.3841980e+04   6.1241984e-12
   3.3841806e+04   6.1158717e-12
   3.3841632e+04   6.1061989e-12
   3.3841457e+04   6.0987881e-12
   3.3841283e+04   6.0914745e-12
   3.3841109e+04   6.0852157e-12
   3.3840934e+04   6.0763894e-12
   3.3840760e+04   6.0688399e-12
   3.3840586e+04   6.0601385e-12
   3.3840412e+04   6.0540462e-12
   3.3840237e+04   6.0455807e-12
   3.3840063e+04   6.0376565e-12
   3.3839889e+04   6.0301070e-12
   3.3839714e+04   6.0224187e-12
   3.3839540e+04   6.0154520e-12
   3.3839366e+04   6.0075556e-12
   3.3839191e+04   6.0023861e-12
   3.3839017e+04   5.9944272e-12
   3.3838843e+04   5.9868152e-12
   3.3838668e+04   5.9801122e-12
   3.3838494e+04   5.9726044e-12
   3.3838320e+04   5.9658944e-12
   3.3838145e+04   5.9587266e-12
   3.3837971e+04   5.9508787e-12
   3.3837797e+04   5.9440647e-12
   3.3837622e+04   5.9372368e-12
   3.3837448e+04   5.9309224e-12
   3.3837274e+04   5.9234562e-12
   3.3837100e+04   5.9173638e-12
   3.3836925e+04   5.9108638e-12
   3.3836751e+04   5.9042953e-12
   3.3836577e+04   5.8967648e-12
   3.3836402e+04   5.8895449e-12
   3.3836228e+04   5.8835530e-12
   3.3836054e+04   5.8762070e-12
   3.3835879e+04   5.8690018e-12
   3.3835705e+04   5.8636863e-12
   3.3835531e+04   5.8569496e-12
   3.3835356e+04   5.8505803e-12
   3.3835182e+04   5.8423744e-12
   3.3835008e+04   5.8374004e-12
   3.3834833e+04   5.8312730e-12
   3.3834659e+04   5.8242647e-12
   3.3834485e+04   5.8173744e-12
   3.3834310e+04   5.8117677e-12
   3.3834136e+04   5.8074656e-12
   3.3833962e+04   5.7994165e-12
   3.3833788e+04   5.7927710e-12
   3.3833613e+04   5.7872026e-12
   3.3833439e+04   5.7817674e-12
   3.3833265e+04   5.7759903e-12
   3.3833090e+04   5.7695765e-12
   3.3832916e+04   5.7633724e-12
   3.3832742e+04   5.7577530e-12
   3.3832567e+04   5.7530874e-12
   3.3832393e+04   5.7467747e-12
   3.3832219e+04   5.7407216e-12
   3.3832044e+04   5.7366378e-12
   3.3831870e+04   5.7301149e-12
   3.3831696e+04   5.7258756e-12
   3.3831521e+04   5.7209036e-12
   3.3831347e+04   5.7141880e-12
   3.3831173e+04   5.7080142e-12
   3.3830998e+04   5.7039821e-12
   3.3830824e+04   5.6972895e-12
   3.3830650e+04   5.6927131e-12
   3.3830476e+04   5.6866714e-12
   3.3830301e+04   5.6808876e-12
   3.3830127e+04   5.6748593e-12
   3.3829953e+04   5.6704619e-12
   3.3829778e+04   5.6645301e-12
   3.3829604e+04   5.6602066e-12
   3.3829430e+04   5.6541582e-12
   3.3829255e+04   5.6490986e-12
   3.3829081e+04   5.6421600e-12
   3.3828907e+04   5.6377929e-12
   3.3828732e+04   5.6328906e-12
   3.3828558e+04   5.6274455e-12
   3.3828384e+04   5.6226388e-12
   3.3828209e+04   5.6178134e-12
   3.3828035e+04   5.6129564e-12
   3.3827861e+04   5.6066825e-12
   3.3827686e+04   5.6027531e-12
   3.3827512e+04   5.5967038e-12
   3.3827338e+04   5.5933441e-12
   3.3827164e+04   5.5880942e-12
   3.3826989e+04   5.5837418e-12
   3.3826815e+04   5.5786209e-12
   3.3826641e+04   5.5744853e-12
   3.3826466e+04   5.5702110e-12
   3.3826292e+04   5.5638827e-12
   3.3826118e+04   5.5591087e-12
   3.3825943e+04   5.5557781e-12
   3.3825769e+04   5.5500049e-12
   3.3825595e+04   5.5455640e-12
   3.3825420e+04   5.5413452e-12
   3.3825246e+04   5.5386806e-12
   3.3825072e+04   5.5320193e-12
   3.3824897e+04   5.5271343e-12
   3.3824723e+04   5.5231375e-12
   3.3824549e+04   5.5200289e-12
   3.3824374e+04   5.5142557e-12
   3.3824200e+04   5.5107030e-12
   3.3824026e+04   5.5084826e-12
   3.3823852e+04   5.5035976e-12
   3.3823677e+04   5.4996008e-12
   3.3823503e+04   5.4964922e-12
   3.3823329e+04   5.4920513e-12
   3.3823154e+04   5.4880545e-12
   3.3822980e+04   5.4836136e-12
   3.3822806e+04   5.4813931e-12
   3.3822631e+04   5.4780624e-12
   3.3822457e+04   5.4733995e-12
   3.3822283e+04   5.4699578e-12
   3.3822108e+04   5.4664051e-12
   3.3821934e+04   5.4615201e-12
   3.3821760e+04   5.4576899e-12
   3.3821585e+04   5.4549143e-12
   3.3821411e+04   5.4508481e-12
   3.3821237e+04   5.4472156e-12
   3.3821062e+04   5.4431772e-12
   3.3820888e+04   5.4400547e-12
   3.3820714e+04   5.4357864e-12
   3.3820540e+04   5.4301902e-12
   3.3820365e+04   5.4283930e-12
   3.3820191e+04   5.4237882e-12
   3.3820017e+04   5.4213717e-12
   3.3819842e+04   5.4165075e-12
   3.3819668e+04   5.4136418e-12
   3.3819494e+04   5.4091592e-12
   3.3819319e+04   5.4071470e-12
   3.3819145e+04   5.4015126e-12
   3.3818971e+04   5.3987370e-12
   3.3818796e+04   5.3954757e-12
   3.3818622e+04   5.3923255e-12
   3.3818448e+04   5.3887173e-12
   3.3818273e+04   5.3873295e-12
   3.3818099e+04   5.3837490e-12
   3.3817925e+04   5.3814037e-12
   3.3817750e+04   5.3779481e-12
   3.3817576e+04   5.3750615e-12
   3.3817402e+04   5.3726051e-12
   3.3817228e+04   5.3678728e-12
   3.3817053e+04   5.3650140e-12
   3.3816879e+04   5.3615445e-12
   3.3816705e+04   5.3591576e-12
   3.3816530e+04   5.3556881e-12
   3.3816356e+04   5.3531068e-12
   3.3816182e+04   5.3501092e-12
   3.3816007e+04   5.3468063e-12
   3.3815833e+04   5.3440863e-12
   3.3815659e+04   5.3413385e-12
   3.3815484e+04   5.3387572e-12
   3.3815310e+04   5.3357874e-12
   3.3815136e+04   5.3333726e-12
   3.3814961e+04   5.3288624e-12
   3.3814787e+04   5.3273705e-12
   3.3814613e+04   5.3256965e-12
   3.3814438e+04   5.3217240e-12
   3.3814264e+04   5.3197644e-12
   3.3814090e+04   5.3177077e-12
   3.3813916e+04   5.3153402e-12
   3.3813741e+04   5.3126371e-12
   3.3813567e+04   5.3100668e-12
   3.3813393e+04   5.3075507e-12
   3.3813218e+04   5.3060159e-12
   3.3813044e+04   5.3030896e-12
   3.3812870e+04   5.3004707e-12
   3.3812695e+04   5.2984665e-12
   3.3812521e+04   5.2950977e-12
   3.3812347e+04   5.2935434e-12
   3.3812172e+04   5.2897409e-12
   3.3811998e+04   5.2879368e-12
   3.3811824e+04   5.2856053e-12
   3.3811649e+04   5.2842175e-12
   3.3811475e+04   5.2813309e-12
   3.3811301e+04   5.2793325e-12
   3.3811126e+04   5.2788884e-12
   3.3810952e+04   5.2748916e-12
   3.3810778e+04   5.2744475e-12
   3.3810604e+04   5.2717830e-12
   3.3810429e+04   5.2691185e-12
   3.3810255e+04   5.2682303e-12
   3.3810081e+04   5.2651217e-12
   3.3809906e+04   5.2651217e-12
   3.3809732e+04   5.2642335e-12
   3.3809558e+04   5.2602367e-12
   3.3809383e+04   5.2602367e-12
   3.3809209e+04   5.2566840e-12
   3.3809035e+04   5.2557958e-12
   3.3808860e+04   5.2522431e-12
   3.3808686e+04   5.2526872e-12
   3.3808512e+04   5.2517990e-12
   3.3808337e+04   5.2495785e-12
   3.3808163e+04   5.2460258e-12
   3.3807989e+04   5.2453597e-12
   3.3807814e+04   5.2440274e-12
   3.3807640e+04   5.2410298e-12
   3.3807466e+04   5.2399196e-12
   3.3807291e+04   5.2398086e-12
   3.3807117e+04   5.2374494e-12
   3.3806943e+04   5.2363669e-12
   3.3806769e+04   5.2353295e-12
   3.3806594e+04   5.2329755e-12
   3.3806420e+04   5.2330175e-12
   3.3806246e+04   5.2308459e-12
   3.3806071e+04   5.2300596e-12
   3.3805897e+04   5.2277336e-12
   3.3805723e+04   5.2269566e-12
   3.3805548e+04   5.2252794e-12
   3.3805374e+04   5.2240371e-12
   3.3805200e+04   5.2218066e-12
   3.3805025e+04   5.2195350e-12
   3.3804851e+04   5.2188602e-12
   3.3804677e+04   5.2178555e-12
   3.3804502e+04   5.2169076e-12
   3.3804328e+04   5.2165197e-12
   3.3804154e+04   5.2143446e-12
   3.3803979e+04   5.2140922e-12
   3.3803805e+04   5.2122278e-12
   3.3803631e+04   5.2122595e-12
   3.3803457e+04   5.2104497e-12
   3.3803282e+04   5.2104794e-12
   3.3803108e+04   5.2099003e-12
   3.3802934e+04   5.2093209e-12
   3.3802759e+04   5.2094848e-12
   3.3802585e+04   5.2069772e-12
   3.3802411e+04   5.2074041e-12
   3.3802236e+04   5.2057351e-12
   3.3802062e+04   5.2043043e-12
   3.3801888e+04   5.2044008e-12
   3.3801713e+04   5.2056212e-12
   3.3801539e+04   5.2028297e-12
   3.3801365e+04   5.2025768e-12
   3.3801190e+04   5.2020058e-12
   3.3801016e+04   5.2010920e-12
   3.3800842e+04   5.2013088e-12
   3.3800667e+04   5.2015603e-12
   3.3800493e+04   5.1991243e-12
   3.3800319e+04   5.1995561e-12
   3.3800145e+04   5.1990322e-12
   3.3799970e+04   5.1987893e-12
   3.3799796e+04   5.1989246e-12
   3.3799622e+04   5.1977381e-12
   3.3799447e+04   5.1973148e-12
   3.3799273e+04   5.1969679e-12
   3.3799099e+04   5.1967528e-12
   3.3798924e+04   5.1955575e-12
   3.3798750e+04   5.1949480e-12
   3.3798576e+04   5.1953141e-12
   3.3798401e+04   5.1954687e-12
   3.3798227e+04   5.1941142e-12
   3.3798053e+04   5.1939598e-12
   3.3797878e+04   5.1935539e-12
   3.3797704e+04   5.1932625e-12
   3.3797530e+04   5.1924021e-12
   3.3797355e+04   5.1925131e-12
   3.3797181e+04   5.1926241e-12
   3.3797007e+04   5.1910698e-12
   3.3796833e+04   5.1911808e-12
   3.3796658e+04   5.1907367e-12
   3.3796484e+04   5.1900706e-12
   3.3796310e+04   5.1914029e-12
   3.3796135e+04   5.1896265e-12
   3.3795961e+04   5.1905147e-12
   3.3795787e+04   5.1922910e-12
   3.3795612e+04   5.1918470e-12
   3.3795438e+04   5.1922910e-12
   3.3795264e+04   5.1914029e-12
   3.3795089e+04   5.1927351e-12
   3.3794915e+04   5.1922910e-12
   3.3794741e+04   5.1936233e-12
   3.3794566e+04   5.1922910e-12
   3.3794392e+04   5.1940674e-12
   3.3794218e+04   5.1931792e-12
   3.3794043e+04   5.1958438e-12
   3.3793869e+04   5.1949556e-12
   3.3793695e+04   5.1958438e-12
   3.3793521e+04   5.1982862e-12
   3.3793346e+04   5.1982862e-12
   3.3793172e+04   5.1992854e-12
   3.3792998e+04   5.2005067e-12
   3.3792823e+04   5.2008398e-12
   3.3792649e+04   5.2013671e-12
   3.3792475e+04   5.2024079e-12
   3.3792300e+04   5.2039345e-12
   3.3792126e+04   5.2034852e-12
   3.3791952e+04   5.2044384e-12
   3.3791777e+04   5.2053856e-12
   3.3791603e+04   5.2060207e-12
   3.3791429e+04   5.2057339e-12
   3.3791254e+04   5.2064166e-12
   3.3791080e+04   5.2075965e-12
   3.3790906e+04   5.2081714e-12
   3.3790731e+04   5.2095863e-12
   3.3790557e+04   5.2094101e-12
   3.3790383e+04   5.2105540e-12
   3.3790209e+04   5.2114207e-12
   3.3790034e+04   5.2112377e-12
   3.3789860e+04   5.2133298e-12
   3.3789686e+04   5.2132881e-12
   3.3789511e+04   5.2141763e-12
   3.3789337e+04   5.2151478e-12
   3.3789163e+04   5.2162163e-12
   3.3788988e+04   5.2172155e-12
   3.3788814e+04   5.2173266e-12
   3.3788640e+04   5.2201021e-12
   3.3788465e+04   5.2204907e-12
   3.3788291e+04   5.2213234e-12
   3.3788117e+04   5.2227112e-12
   3.3787942e+04   5.2247096e-12
   3.3787768e+04   5.2253479e-12
   3.3787594e+04   5.2256810e-12
   3.3787419e+04   5.2273116e-12
   3.3787245e+04   5.2285953e-12
   3.3787071e+04   5.2311350e-12
   3.3786897e+04   5.2328419e-12
   3.3786722e+04   5.2344795e-12
   3.3786548e+04   5.2350901e-12
   3.3786374e+04   5.2373661e-12
   3.3786199e+04   5.2378657e-12
   3.3786025e+04   5.2406413e-12
   3.3785851e+04   5.2421401e-12
   3.3785676e+04   5.2438609e-12
   3.3785502e+04   5.2448601e-12
   3.3785328e+04   5.2473026e-12
   3.3785153e+04   5.2491900e-12
   3.3784979e+04   5.2503002e-12
   3.3784805e+04   5.2527704e-12
   3.3784630e+04   5.2546578e-12
   3.3784456e+04   5.2567950e-12
   3.3784282e+04   5.2577942e-12
   3.3784107e+04   5.2602367e-12
   3.3783933e+04   5.2621935e-12
   3.3783759e+04   5.2638449e-12
   3.3783585e+04   5.2646221e-12
   3.3783410e+04   5.2670091e-12
   3.3783236e+04   5.2700067e-12
   3.3783062e+04   5.2716442e-12
   3.3782887e+04   5.2726157e-12
   3.3782713e+04   5.2754467e-12
   3.3782539e+04   5.2770011e-12
   3.3782364e+04   5.2785276e-12
   3.3782190e+04   5.2795268e-12
   3.3782016e+04   5.2810256e-12
   3.3781841e+04   5.2843840e-12
   3.3781667e+04   5.2851057e-12
   3.3781493e+04   5.2868820e-12
   3.3781318e+04   5.2899907e-12
   3.3781144e+04   5.2900462e-12
   3.3780970e+04   5.2929328e-12
   3.3780795e+04   5.2953475e-12
   3.3780621e+04   5.2969296e-12
   3.3780447e+04   5.3009541e-12
   3.3780273e+04   5.3005378e-12
   3.3780098e+04   5.3039795e-12
   3.3779924e+04   5.3065330e-12
   3.3779750e+04   5.3090865e-12
   3.3779575e+04   5.3129445e-12
   3.3779401e+04   5.3146654e-12
   3.3779227e+04   5.3172050e-12
   3.3779052e+04   5.3190785e-12
   3.3778878e+04   5.3229088e-12
   3.3778704e+04   5.3260729e-12
   3.3778529e+04   5.3293481e-12
   3.3778355e+04   5.3307359e-12
   3.3778181e+04   5.3335114e-12
   3.3778006e+04   5.3364604e-12
   3.3777832e+04   5.3377615e-12
   3.3777658e+04   5.3429448e-12
   3.3777483e+04   5.3448634e-12
   3.3777309e+04   5.3466051e-12
   3.3777135e+04   5.3510252e-12
   3.3776961e+04   5.3524962e-12
   3.3776786e+04   5.3565971e-12
   3.3776612e+04   5.3590309e-12
   3.3776438e+04   5.3625856e-12
   3.3776263e+04   5.3654685e-12
   3.3776089e+04   5.3683039e-12
   3.3775915e+04   5.3715764e-12
   3.3775740e+04   5.3747215e-12
   3.3775566e+04   5.3788363e-12
   3.3775392e+04   5.3821392e-12
   3.3775217e+04   5.3845817e-12
   3.3775043e+04   5.3890226e-12
   3.3774869e+04   5.3910210e-12
   3.3774694e+04   5.3952398e-12
   3.3774520e+04   5.3979043e-12
   3.3774346e+04   5.4010130e-12
   3.3774171e+04   5.4045657e-12
   3.3773997e+04   5.4072302e-12
   3.3773823e+04   5.4116711e-12
   3.3773649e+04   5.4161120e-12
   3.3773474e+04   5.4178884e-12
   3.3773300e+04   5.4205529e-12
   3.3773126e+04   5.4249938e-12
   3.3772951e+04   5.4294347e-12
   3.3772777e+04   5.4312110e-12
   3.3772603e+04   5.4356519e-12
   3.3772428e+04   5.4374283e-12
   3.3772254e+04   5.4409810e-12
   3.3772080e+04   5.4463101e-12
   3.3771905e+04   5.4507510e-12
   3.3771731e+04   5.4534155e-12
   3.3771557e+04   5.4578564e-12
   3.3771382e+04   5.4614091e-12
   3.3771208e+04   5.4645177e-12
   3.3771034e+04   5.4689586e-12
   3.3770859e+04   5.4738436e-12
   3.3770685e+04   5.4771743e-12
   3.3770511e+04   5.4823923e-12
   3.3770337e+04   5.4856675e-12
   3.3770162e+04   5.4903582e-12
   3.3769988e+04   5.4940358e-12
   3.3769814e+04   5.4975677e-12
   3.3769639e+04   5.5021343e-12
   3.3769465e+04   5.5057178e-12
   3.3769291e+04   5.5106944e-12
   3.3769116e+04   5.5152016e-12
   3.3768942e+04   5.5195482e-12
   3.3768768e+04   5.5234520e-12
   3.3768593e+04   5.5291225e-12
   3.3768419e+04   5.5327287e-12
   3.3768245e+04   5.5359860e-12
   3.3768070e+04   5.5412925e-12
   3.3767896e+04   5.5453689e-12
   3.3767722e+04   5.5496406e-12
   3.3767547e+04   5.5531552e-12
   3.3767373e+04   5.5581512e-12
   3.3767199e+04   5.5622035e-12
   3.3767025e+04   5.5665056e-12
   3.3766850e+04   5.5702110e-12
   3.3766676e+04   5.5759841e-12
   3.3766502e+04   5.5790927e-12
   3.3766327e+04   5.5839777e-12
   3.3766153e+04   5.5910832e-12
   3.3765979e+04   5.5955240e-12
   3.3765804e+04   5.5990768e-12
   3.3765630e+04   5.6026295e-12
   3.3765456e+04   5.6079585e-12
   3.3765281e+04   5.6132876e-12
   3.3765107e+04   5.6186167e-12
   3.3764933e+04   5.6239458e-12
   3.3764758e+04   5.6301630e-12
   3.3764584e+04   5.6328275e-12
   3.3764410e+04   5.6390448e-12
   3.3764235e+04   5.6461502e-12
   3.3764061e+04   5.6488147e-12
   3.3763887e+04   5.6532556e-12
   3.3763712e+04   5.6594729e-12
   3.3763538e+04   5.6648020e-12
   3.3763364e+04   5.6683547e-12
   3.3763190e+04   5.6736837e-12
   3.3763015e+04   5.6783467e-12
   3.3762841e+04   5.6834537e-12
   3.3762667e+04   5.6885607e-12
   3.3762492e+04   5.6939453e-12
   3.3762318e+04   5.7002181e-12
   3.3762144e+04   5.7051100e-12
   3.3761969e+04   5.7098996e-12
   3.3761795e+04   5.7160401e-12
   3.3761621e+04   5.7222285e-12
   3.3761446e+04   5.7274034e-12
   3.3761272e+04   5.7329978e-12
   3.3761098e+04   5.7393512e-12
   3.3760923e+04   5.7452006e-12
   3.3760749e+04   5.7497024e-12
   3.3760575e+04   5.7552421e-12
   3.3760400e+04   5.7618670e-12
   3.3760226e+04   5.7686817e-12
   3.3760052e+04   5.7738227e-12
   3.3759878e+04   5.7807162e-12
   3.3759703e+04   5.7858856e-12
   3.3759529e+04   5.7933218e-12
   3.3759355e+04   5.7990533e-12
   3.3759180e+04   5.8047776e-12
   3.3759006e+04   5.8108393e-12
   3.3758832e+04   5.8176936e-12
   3.3758657e+04   5.8228093e-12
   3.3758483e+04   5.8286291e-12
   3.3758309e+04   5.8350757e-12
   3.3758134e+04   5.8412667e-12
   3.3757960e+04   5.8471941e-12
   3.3757786e+04   5.8542824e-12
   3.3757611e+04   5.8604375e-12
   3.3757437e+04   5.8670309e-12
   3.3757263e+04   5.8736983e-12
   3.3757088e+04   5.8784082e-12
   3.3756914e+04   5.8864828e-12
   3.3756740e+04   5.8932020e-12
   3.3756566e+04   5.8994837e-12
   3.3756391e+04   5.9067630e-12
   3.3756217e+04   5.9141246e-12
   3.3756043e+04   5.9205805e-12
   3.3755868e+04   5.9275054e-12
   3.3755694e+04   5.9343641e-12
   3.3755520e+04   5.9410254e-12
   3.3755345e+04   5.9485750e-12
   3.3755171e+04   5.9567906e-12
   3.3754997e+04   5.9640071e-12
   3.3754822e+04   5.9715566e-12
   3.3754648e+04   5.9791616e-12
   3.3754474e+04   5.9874883e-12
   3.3754299e+04   5.9933308e-12
   3.3754125e+04   6.0011614e-12
   3.3753951e+04   6.0092788e-12
   3.3753776e+04   6.0160804e-12
   3.3753602e+04   6.0244778e-12
   3.3753428e+04   6.0311660e-12
   3.3753254e+04   6.0388586e-12
   3.3753079e+04   6.0456085e-12
   3.3752905e+04   6.0532621e-12
   3.3752731e+04   6.0602356e-12
   3.3752556e+04   6.0682154e-12
   3.3752382e+04   6.0766669e-12
   3.3752208e+04   6.0839667e-12
   3.3752033e+04   6.0921823e-12
   3.3751859e+04   6.0999955e-12
   3.3751685e+04   6.1065875e-12
   3.3751510e+04   6.1157468e-12
   3.3751336e+04   6.1224636e-12
   3.3751162e+04   6.1303740e-12
   3.3750987e+04   6.1404354e-12
   3.3750813e+04   6.1468886e-12
   3.3750639e+04   6.1542160e-12
   3.3750464e+04   6.1617794e-12
   3.3750290e+04   6.1705641e-12
   3.3750116e+04   6.1779193e-12
   3.3749942e+04   6.1868843e-12
   3.3749767e+04   6.1931571e-12
   3.3749593e+04   6.2039540e-12
   3.3749419e+04   6.2114203e-12
   3.3749244e+04   6.2190808e-12
   3.3749070e+04   6.2267136e-12
   3.3748896e+04   6.2343186e-12
   3.3748721e+04   6.2440608e-12
   3.3748547e+04   6.2518601e-12
   3.3748373e+04   6.2609917e-12
   3.3748198e+04   6.2697347e-12
   3.3748024e+04   6.2782279e-12
   3.3747850e+04   6.2870958e-12
   3.3747675e+04   6.2959724e-12
   3.3747501e+04   6.3054744e-12
   3.3747327e+04   6.3135703e-12
   3.3747152e+04   6.3236421e-12
   3.3746978e+04   6.3333876e-12
   3.3746804e+04   6.3410296e-12
   3.3746630e+04   6.3511717e-12
   3.3746455e+04   6.3606499e-12
   3.3746281e+04   6.3699837e-12
   3.3746107e+04   6.3792685e-12
   3.3745932e+04   6.3891316e-12
   3.3745758e+04   6.3978961e-12
   3.3745584e+04   6.4092065e-12
   3.3745409e+04   6.4184769e-12
   3.3745235e+04   6.4287464e-12
   3.3745061e+04   6.4375172e-12
   3.3744886e+04   6.4471761e-12
   3.3744712e+04   6.4575012e-12
   3.3744538e+04   6.4677116e-12
   3.3744363e+04   6.4776442e-12
   3.3744189e+04   6.4879929e-12
   3.3744015e+04   6.4976458e-12
   3.3743840e+04   6.5083414e-12
   3.3743666e+04   6.5182224e-12
   3.3743492e+04   6.5282743e-12
   3.3743318e+04   6.5375882e-12
   3.3743143e+04   6.5487674e-12
   3.3742969e+04   6.5596314e-12
   3.3742795e+04   6.5680754e-12
   3.3742620e+04   6.5807593e-12
   3.3742446e+04   6.5896742e-12
   3.3742272e+04   6.6013305e-12
   3.3742097e+04   6.6117558e-12
   3.3741923e+04   6.6226692e-12
   3.3741749e+04   6.6332484e-12
   3.3741574e+04   6.6438253e-12
   3.3741400e+04   6.6547610e-12
   3.3741226e+04   6.6657903e-12
   3.3741051e+04   6.6757301e-12
   3.3740877e+04   6.6854955e-12
   3.3740703e+04   6.6968381e-12
   3.3740528e+04   6.7088604e-12
   3.3740354e+04   6.7191191e-12
   3.3740180e+04   6.7322271e-12
   3.3740006e+04   6.7434541e-12
   3.3739831e+04   6.7547740e-12
   3.3739657e+04   6.7665442e-12
   3.3739483e+04   6.7778071e-12
   3.3739308e+04   6.7899663e-12
   3.3739134e+04   6.8013660e-12
   3.3738960e+04   6.8122609e-12
   3.3738785e+04   6.8242717e-12
   3.3738611e+04   6.8374711e-12
   3.3738437e+04   6.8487587e-12
   3.3738262e+04   6.8606513e-12
   3.3738088e+04   6.8736032e-12
   3.3737914e+04   6.8862173e-12
   3.3737739e+04   6.8985789e-12
   3.3737565e+04   6.9106665e-12
   3.3737391e+04   6.9212414e-12
   3.3737216e+04   6.9348971e-12
   3.3737042e+04   6.9464434e-12
   3.3736868e+04   6.9593220e-12
   3.3736694e+04   6.9713124e-12
   3.3736519e+04   6.9828587e-12
   3.3736345e+04   6.9957373e-12
   3.3736171e+04   7.0077277e-12
   3.3735996e+04   7.0219386e-12
   3.3735822e+04   7.0343731e-12
   3.3735648e+04   7.0476958e-12
   3.3735473e+04   7.0592421e-12
   3.3735299e+04   7.0725648e-12
   3.3735125e+04   7.0867756e-12
   3.3734950e+04   7.0974338e-12
   3.3734776e+04   7.1089801e-12
   3.3734602e+04   7.1267436e-12
   3.3734427e+04   7.1391781e-12
   3.3734253e+04   7.1533890e-12
   3.3734079e+04   7.1640471e-12
   3.3733904e+04   7.1800343e-12
   3.3733730e+04   7.1960216e-12
   3.3733556e+04   7.2075679e-12
   3.3733382e+04   7.2217787e-12
   3.3733207e+04   7.2354345e-12
   3.3733033e+04   7.2504225e-12
   3.3732859e+04   7.2648554e-12
   3.3732684e+04   7.2780393e-12
   3.3732510e+04   7.2914730e-12
   3.3732336e+04   7.3061557e-12
   3.3732161e+04   7.3218792e-12
   3.3731987e+04   7.3357865e-12
   3.3731813e+04   7.3498182e-12
   3.3731638e+04   7.3648760e-12
   3.3731464e+04   7.3796204e-12
   3.3731290e+04   7.3941747e-12
   3.3731115e+04   7.4085035e-12
   3.3730941e+04   7.4228419e-12
   3.3730767e+04   7.4378281e-12
   3.3730592e+04   7.4535586e-12
   3.3730418e+04   7.4674850e-12
   3.3730244e+04   7.4834999e-12
   3.3730070e+04   7.4973638e-12
   3.3729895e+04   7.5133233e-12
   3.3729721e+04   7.5301015e-12
   3.3729547e+04   7.5434381e-12
   3.3729372e+04   7.5597584e-12
   3.3729198e+04   7.5740803e-12
   3.3729024e+04   7.5907475e-12
   3.3728849e+04   7.6076367e-12
   3.3728675e+04   7.6238182e-12
   3.3728501e+04   7.6397916e-12
   3.3728326e+04   7.6557788e-12
   3.3728152e+04   7.6721268e-12
   3.3727978e+04   7.6881418e-12
   3.3727803e+04   7.7050311e-12
   3.3727629e+04   7.7226350e-12
   3.3727455e+04   7.7394202e-12
   3.3727280e+04   7.7550258e-12
   3.3727106e+04   7.7733861e-12
   3.3726932e+04   7.7893317e-12
   3.3726758e+04   7.8074769e-12
   3.3726583e+04   7.8240261e-12
   3.3726409e+04   7.8410889e-12
   3.3726235e+04   7.8586720e-12
   3.3726060e+04   7.8768797e-12
   3.3725886e+04   7.8929641e-12
   3.3725712e+04   7.9121848e-12
   3.3725537e+04   7.9302051e-12
   3.3725363e+04   7.9481265e-12
   3.3725189e+04   7.9674409e-12
   3.3725014e+04   7.9836613e-12
   3.3724840e+04   8.0033372e-12
   3.3724666e+04   8.0208149e-12
   3.3724491e+04   8.0399832e-12
   3.3724317e+04   8.0588680e-12
   3.3724143e+04   8.0765857e-12
   3.3723968e+04   8.0966725e-12
   3.3723794e+04   8.1146184e-12
   3.3723620e+04   8.1322888e-12
   3.3723446e+04   8.1516846e-12
   3.3723271e+04   8.1710749e-12
   3.3723097e+04   8.1909271e-12
   3.3722923e+04   8.2087392e-12
   3.3722748e+04   8.2297225e-12
   3.3722574e+04   8.2481799e-12
   3.3722400e+04   8.2668872e-12
   3.3722225e+04   8.2873708e-12
   3.3722051e+04   8.3064666e-12
   3.3721877e+04   8.3245633e-12
   3.3721702e+04   8.3448803e-12
   3.3721528e+04   8.3657525e-12
   3.3721354e+04   8.3868468e-12
   3.3721179e+04   8.4077190e-12
   3.3721005e+04   8.4267593e-12
   3.3720831e+04   8.4486307e-12
   3.3720656e+04   8.4665608e-12
   3.3720482e+04   8.4898755e-12
   3.3720308e+04   8.5098040e-12
   3.3720133e+04   8.5318974e-12
   3.3719959e+04   8.5533802e-12
   3.3719785e+04   8.5732532e-12
   3.3719611e+04   8.5952356e-12
   3.3719436e+04   8.6155527e-12
   3.3719262e+04   8.6383123e-12
   3.3719088e+04   8.6610719e-12
   3.3718913e+04   8.6832763e-12
   3.3718739e+04   8.7040375e-12
   3.3718565e+04   8.7253538e-12
   3.3718390e+04   8.7486685e-12
   3.3718216e+04   8.7718999e-12
   3.3718042e+04   8.7955754e-12
   3.3717867e+04   8.8166002e-12
   3.3717693e+04   8.8406157e-12
   3.3717519e+04   8.8626727e-12
   3.3717344e+04   8.8868695e-12
   3.3717170e+04   8.9085871e-12
   3.3716996e+04   8.9330464e-12
   3.3716821e+04   8.9557041e-12
   3.3716647e+04   8.9802901e-12
   3.3716473e+04   9.0029385e-12
   3.3716299e+04   9.0283467e-12
   3.3716124e+04   9.0526538e-12
   3.3715950e+04   9.0755067e-12
   3.3715776e+04   9.1003159e-12
   3.3715601e+04   9.1246662e-12
   3.3715427e+04   9.1495962e-12
   3.3715253e+04   9.1742751e-12
   3.3715078e+04   9.1988936e-12
   3.3714904e+04   9.2236479e-12
   3.3714730e+04   9.2486305e-12
   3.3714555e+04   9.2742120e-12
   3.3714381e+04   9.2987995e-12
   3.3714207e+04   9.3248122e-12
   3.3714032e+04   9.3509005e-12
   3.3713858e+04   9.3754743e-12
   3.3713684e+04   9.4024354e-12
   3.3713509e+04   9.4292221e-12
   3.3713335e+04   9.4555024e-12
   3.3713161e+04   9.4837400e-12
   3.3712987e+04   9.5085503e-12
   3.3712812e+04   9.5361268e-12
   3.3712638e+04   9.5632863e-12
   3.3712464e+04   9.5895439e-12
   3.3712289e+04   9.6197024e-12
   3.3712115e+04   9.6466422e-12
   3.3711941e+04   9.6742472e-12
   3.3711766e+04   9.7015427e-12
   3.3711592e+04   9.7293590e-12
   3.3711418e+04   9.7572655e-12
   3.3711243e+04   9.7855836e-12
   3.3711069e+04   9.8139830e-12
   3.3710895e+04   9.8434594e-12
   3.3710720e+04   9.8725472e-12
   3.3710546e+04   9.9000461e-12
   3.3710372e+04   9.9307160e-12
   3.3710197e+04   9.9601143e-12
   3.3710023e+04   9.9888535e-12
   3.3709849e+04   1.0018104e-11
   3.3709675e+04   1.0048287e-11
   3.3709500e+04   1.0078448e-11
   3.3709326e+04   1.0107982e-11
   3.3709152e+04   1.0138254e-11
   3.3708977e+04   1.0168347e-11
   3.3708803e+04   1.0198309e-11
   3.3708629e+04   1.0230070e-11
   3.3708454e+04   1.0262541e-11
   3.3708280e+04   1.0293155e-11
   3.3708106e+04   1.0325213e-11
   3.3707931e+04   1.0356382e-11
   3.3707757e+04   1.0388856e-11
   3.3707583e+04   1.0421108e-11
   3.3707408e+04   1.0453194e-11
   3.3707234e+04   1.0487611e-11
   3.3707060e+04   1.0517809e-11
   3.3706885e+04   1.0550782e-11
   3.3706711e+04   1.0584145e-11
   3.3706537e+04   1.0617451e-11
   3.3706363e+04   1.0651063e-11
   3.3706188e+04   1.0685119e-11
   3.3706014e+04   1.0720258e-11
   3.3705840e+04   1.0755147e-11
   3.3705665e+04   1.0789314e-11
   3.3705491e+04   1.0824341e-11
   3.3705317e+04   1.0859647e-11
   3.3705142e+04   1.0895174e-11
   3.3704968e+04   1.0930257e-11
   3.3704794e+04   1.0965229e-11
   3.3704619e+04   1.1002088e-11
   3.3704445e+04   1.1037282e-11
   3.3704271e+04   1.1073586e-11
   3.3704096e+04   1.1111556e-11
   3.3703922e+04   1.1146806e-11
   3.3703748e+04   1.1184331e-11
   3.3703573e+04   1.1221468e-11
   3.3703399e+04   1.1260298e-11
   3.3703225e+04   1.1298532e-11
   3.3703051e+04   1.1337060e-11
   3.3702876e+04   1.1374688e-11
   3.3702702e+04   1.1413083e-11
   3.3702528e+04   1.1451445e-11
   3.3702353e+04   1.1491299e-11
   3.3702179e+04   1.1530647e-11
   3.3702005e+04   1.1569410e-11
   3.3701830e+04   1.1609809e-11
   3.3701656e+04   1.1649408e-11
   3.3701482e+04   1.1690069e-11
   3.3701307e+04   1.1730000e-11
   3.3701133e+04   1.1771264e-11
   3.3700959e+04   1.1811946e-11
   3.3700784e+04   1.1853730e-11
   3.3700610e+04   1.1894430e-11
   3.3700436e+04   1.1937298e-11
   3.3700261e+04   1.1979528e-11
   3.3700087e+04   1.2021800e-11
   3.3699913e+04   1.2063184e-11
   3.3699739e+04   1.2106705e-11
   3.3699564e+04   1.2151169e-11
   3.3699390e+04   1.2194745e-11
   3.3699216e+04   1.2238655e-11
   3.3699041e+04   1.2283174e-11
   3.3698867e+04   1.2328361e-11
   3.3698693e+04   1.2373269e-11
   3.3698518e+04   1.2419038e-11
   3.3698344e+04   1.2464141e-11
   3.3698170e+04   1.2511735e-11
   3.3697995e+04   1.2557455e-11
   3.3697821e+04   1.2604626e-11
   3.3697647e+04   1.2649742e-11
   3.3697472e+04   1.2697121e-11
   3.3697298e+04   1.2744972e-11
   3.3697124e+04   1.2792489e-11
   3.3696949e+04   1.2841173e-11
   3.3696775e+04   1.2889800e-11
   3.3696601e+04   1.2938761e-11
   3.3696427e+04   1.2988277e-11
   3.3696252e+04   1.3037238e-11
   3.3696078e+04   1.3087365e-11
   3.3695904e+04   1.3139267e-11
   3.3695729e+04   1.3189949e-11
   3.3695555e+04   1.3238882e-11
   3.3695381e+04   1.3290674e-11
   3.3695206e+04   1.3342105e-11
   3.3695032e+04   1.3393175e-11
   3.3694858e+04   1.3445189e-11
   3.3694683e+04   1.3498494e-11
   3.3694509e+04   1.3552381e-11
   3.3694335e+04   1.3605284e-11
   3.3694160e+04   1.3658519e-11
   3.3693986e+04   1.3710366e-11
   3.3693812e+04   1.3766516e-11
   3.3693637e+04   1.3820889e-11
   3.3693463e+04   1.3876789e-11
   3.3693289e+04   1.3932078e-11
   3.3693115e+04   1.3987672e-11
   3.3692940e+04   1.4044294e-11
   3.3692766e+04   1.4102913e-11
   3.3692592e+04   1.4159007e-11
   3.3692417e+04   1.4217350e-11
   3.3692243e+04   1.4275026e-11
   3.3692069e+04   1.4335200e-11
   3.3691894e+04   1.4394708e-11
   3.3691720e+04   1.4456103e-11
   3.3691546e+04   1.4515222e-11
   3.3691371e+04   1.4575952e-11
   3.3691197e+04   1.4638957e-11
   3.3691023e+04   1.4701018e-11
   3.3690848e+04   1.4763080e-11
   3.3690674e+04   1.4825807e-11
   3.3690500e+04   1.4888979e-11
   3.3690325e+04   1.4953178e-11
   3.3690151e+04   1.5016183e-11
   3.3689977e+04   1.5081478e-11
   3.3689803e+04   1.5146995e-11
   3.3689628e+04   1.5212553e-11
   3.3689454e+04   1.5280444e-11
   3.3689280e+04   1.5344059e-11
   3.3689105e+04   1.5411894e-11
   3.3688931e+04   1.5482060e-11
   3.3688757e+04   1.5549062e-11
   3.3688582e+04   1.5615065e-11
   3.3688408e+04   1.5686064e-11
   3.3688234e+04   1.5755695e-11
   3.3688059e+04   1.5826777e-11
   3.3687885e+04   1.5897421e-11
   3.3687711e+04   1.5969514e-11
   3.3687536e+04   1.6042105e-11
   3.3687362e+04   1.6114788e-11
   3.3687188e+04   1.6189075e-11
   3.3687013e+04   1.6262543e-11
   3.3686839e+04   1.6337234e-11
   3.3686665e+04   1.6412421e-11
   3.3686491e+04   1.6488757e-11
   3.3686316e+04   1.6565121e-11
   3.3686142e+04   1.6641105e-11
   3.3685968e+04   1.6717461e-11
   3.3685793e+04   1.6796703e-11
   3.3685619e+04   1.6874280e-11
   3.3685445e+04   1.6954160e-11
   3.3685270e+04   1.7032709e-11
   3.3685096e+04   1.7112978e-11
   3.3684922e+04   1.7194690e-11
   3.3684747e+04   1.7275958e-11
   3.3684573e+04   1.7356672e-11
   3.3684399e+04   1.7441992e-11
   3.3684224e+04   1.7525481e-11
   3.3684050e+04   1.7609164e-11
   3.3683876e+04   1.7694624e-11
   3.3683701e+04   1.7779944e-11
   3.3683527e+04   1.7867291e-11
   3.3683353e+04   1.7955026e-11
   3.3683179e+04   1.8043900e-11
   3.3683004e+04   1.8132273e-11
   3.3682830e+04   1.8225532e-11
   3.3682656e+04   1.8315238e-11
   3.3682481e+04   1.8407720e-11
   3.3682307e+04   1.8499646e-11
   3.3682133e+04   1.8593460e-11
   3.3681958e+04   1.8685720e-11
   3.3681784e+04   1.8781643e-11
   3.3681610e+04   1.8876734e-11
   3.3681435e+04   1.8972768e-11
   3.3681261e+04   1.9070023e-11
   3.3681087e+04   1.9167362e-11
   3.3680912e+04   1.9266935e-11
   3.3680738e+04   1.9365416e-11
   3.3680564e+04   1.9464921e-11
   3.3680389e+04   1.9567161e-11
   3.3680215e+04   1.9668777e-11
   3.3680041e+04   1.9770649e-11
   3.3679867e+04   1.9875187e-11
   3.3679692e+04   1.9978232e-11
   3.3679518e+04   2.0084693e-11
   3.3679344e+04   2.0190894e-11
   3.3679169e+04   2.0298473e-11
   3.3678995e+04   2.0407895e-11
   3.3678821e+04   2.0517466e-11
   3.3678646e+04   2.0628831e-11
   3.3678472e+04   2.0741239e-11
   3.3678298e+04   2.0854637e-11
   3.3678123e+04   2.0968657e-11
   3.3677949e+04   2.1084967e-11
   3.3677775e+04   2.1201901e-11
   3.3677600e+04   2.1319169e-11
   3.3677426e+04   2.1441515e-11
   3.3677252e+04   2.1561530e-11
   3.3677077e+04   2.1683988e-11
   3.3676903e+04   2.1806112e-11
   3.3676729e+04   2.1931124e-11
   3.3676554e+04   2.2056357e-11
   3.3676380e+04   2.2181978e-11
   3.3676206e+04   2.2309765e-11
   3.3676032e+04   2.2438273e-11
   3.3675857e+04   2.2568836e-11
   3.3675683e+04   2.2698898e-11
   3.3675509e+04   2.2830349e-11
   3.3675334e+04   2.2964963e-11
   3.3675160e+04   2.3100299e-11
   3.3674986e+04   2.3235303e-11
   3.3674811e+04   2.3375302e-11
   3.3674637e+04   2.3511970e-11
   3.3674463e+04   2.3653079e-11
   3.3674288e+04   2.3794744e-11
   3.3674114e+04   2.3938296e-11
   3.3673940e+04   2.4082181e-11
   3.3673765e+04   2.4228730e-11
   3.3673591e+04   2.4378138e-11
   3.3673417e+04   2.4526603e-11
   3.3673242e+04   2.4678190e-11
   3.3673068e+04   2.4830825e-11
   3.3672894e+04   2.4986841e-11
   3.3672720e+04   2.5141450e-11
   3.3672545e+04   2.5300899e-11
   3.3672371e+04   2.5460384e-11
   3.3672197e+04   2.5621964e-11
   3.3672022e+04   2.5783569e-11
   3.3671848e+04   2.5948135e-11
   3.3671674e+04   2.6113510e-11
   3.3671499e+04   2.6282008e-11
   3.3671325e+04   2.6451800e-11
   3.3671151e+04   2.6622589e-11
   3.3670976e+04   2.6795492e-11
   3.3670802e+04   2.6970818e-11
   3.3670628e+04   2.7145362e-11
   3.3670453e+04   2.7325961e-11
   3.3670279e+04   2.7506610e-11
   3.3670105e+04   2.7688479e-11
   3.3669930e+04   2.7873755e-11
   3.3669756e+04   2.8061177e-11
   3.3669582e+04   2.8249944e-11
   3.3669408e+04   2.8441088e-11
   3.3669233e+04   2.8634262e-11
   3.3669059e+04   2.8829917e-11
   3.3668885e+04   2.9029256e-11
   3.3668710e+04   2.9229373e-11
   3.3668536e+04   2.9433927e-11
   3.3668362e+04   2.9638999e-11
   3.3668187e+04   2.9849621e-11
   3.3668013e+04   3.0062722e-11
   3.3667839e+04   3.0274783e-11
   3.3667664e+04   3.0493361e-11
   3.3667490e+04   3.0712447e-11
   3.3667316e+04   3.0934261e-11
   3.3667141e+04   3.1158727e-11
   3.3666967e+04   3.1386538e-11
   3.3666793e+04   3.1616573e-11
   3.3666618e+04   3.1850192e-11
   3.3666444e+04   3.2087444e-11
   3.3666270e+04   3.2324921e-11
   3.3666096e+04   3.2566616e-11
   3.3665921e+04   3.2812086e-11
   3.3665747e+04   3.3060360e-11
   3.3665573e+04   3.3310826e-11
   3.3665398e+04   3.3564929e-11
   3.3665224e+04   3.3822917e-11
   3.3665050e+04   3.4083994e-11
   3.3664875e+04   3.4349874e-11
   3.3664701e+04   3.4619254e-11
   3.3664527e+04   3.4891371e-11
   3.3664352e+04   3.5168165e-11
   3.3664178e+04   3.5450272e-11
   3.3664004e+04   3.5736117e-11
   3.3663829e+04   3.6026113e-11
   3.3663655e+04   3.6321481e-11
   3.3663481e+04   3.6621636e-11
   3.3663306e+04   3.6926809e-11
   3.3663132e+04   3.7235243e-11
   3.3662958e+04   3.7548742e-11
   3.3662784e+04   3.7869360e-11
   3.3662609e+04   3.8193920e-11
   3.3662435e+04   3.8523046e-11
   3.3662261e+04   3.8861109e-11
   3.3662086e+04   3.9200990e-11
   3.3661912e+04   3.9547809e-11
   3.3661738e+04   3.9898723e-11
   3.3661563e+04   4.0259199e-11
   3.3661389e+04   4.0623852e-11
   3.3661215e+04   4.0995138e-11
   3.3661040e+04   4.1372086e-11
   3.3660866e+04   4.1759624e-11
   3.3660692e+04   4.2150651e-11
   3.3660517e+04   4.2553849e-11
   3.3660343e+04   4.2962141e-11
   3.3660169e+04   4.3383068e-11
   3.3659994e+04   4.3807798e-11
   3.3659820e+04   4.4244941e-11
   3.3659646e+04   4.4692201e-11
   3.3659472e+04   4.5151133e-11
   3.3659297e+04   4.5617968e-11
   3.3659123e+04   4.6102469e-11
   3.3658949e+04   4.6592452e-11
   3.3658774e+04   4.7104126e-11
   3.3658600e+04   4.7624391e-11
   3.3658426e+04   4.8167840e-11
   3.3658251e+04   4.8716216e-11
   3.3658077e+04   4.9296826e-11
   3.3657903e+04   4.9879024e-11
   3.3657728e+04   5.0502084e-11
   3.3657554e+04   5.1125567e-11
   3.3657380e+04   5.1799483e-11
   3.3657205e+04   5.2470072e-11
   3.3657031e+04   5.3206407e-11
   3.3656857e+04   5.3927345e-11
   3.3656682e+04   5.4743480e-11
   3.3656508e+04   5.5528541e-11
   3.3656334e+04   5.6445452e-11
   3.3656160e+04   5.7303530e-11
   3.3655985e+04   5.8348909e-11
   3.3655811e+04   5.9293653e-11
   3.3655637e+04   6.0511485e-11
   3.3655462e+04   6.1553485e-11
   3.3655288e+04   6.3006862e-11
   3.3655114e+04   6.4160179e-11
   3.3654939e+04   6.5944413e-11
   3.3654765e+04   6.7214179e-11
   3.3654591e+04   6.9482672e-11
   3.3654416e+04   7.0849122e-11
   3.3654242e+04   7.3852898e-11
   3.3654068e+04   7.5250561e-11
   3.3653893e+04   7.9414492e-11
   3.3653719e+04   8.0653837e-11
   3.3653545e+04   8.6741790e-11
   3.3653370e+04   8.7353648e-11
   3.3653196e+04   9.6806468e-11
   3.3653022e+04   9.5658390e-11
   3.3652848e+04   1.1135283e-10
   3.3652673e+04   1.0568444e-10
   3.3652499e+04   1.3375091e-10
   3.3652325e+04   1.1668037e-10
   3.3652150e+04   1.7114183e-10
   3.3651976e+04   1.2470580e-10
   3.3651802e+04   2.4039150e-10
   3.3651627e+04   1.1464823e-10
   3.3651453e+04   3.8661619e-10
   3.3651279e+04   3.0696828e-11
   3.3651104e+04   7.4914279e-10
   3.3650930e+04   3.4478483e-10
   3.3650756e+04   1.8360196e-09
   3.3650581e+04   1.9667604e-09
   3.3650407e+04   5.9112534e-09
   3.3650233e+04   9.8753970e-09
   3.3650058e+04   2.6043250e-08
   3.3649884e+04   5.9242513e-08
   3.3649710e+04   1.7131034e-07
   3.3649536e+04   5.3525758e-07
   3.3649361e+04   2.1312431e-06
   3.3649187e+04   1.1701183e-05
   3.3649013e+04   1.2861133e-04
   3.3648838e+04   5.7896325e-03
   3.3648664e+04   4.0079293e-02
   3.3648490e+04   1.4553960e-01
   3.3648315e+04   3.6496248e-01
   3.3648141e+04   7.3815813e-01
   3.3647967e+04   1.3209292e+00
   3.3647792e+04   2.1669098e+00
   3.3647618e+04   3.2767125e+00
   3.3647444e+04   4.5947057e+00
   3.3647269e+04   6.0549776e+00
   3.3647095e+04   7.5935835e+00
   3.3646921e+04   9.1126710e+00
   3.3646746e+04   1.0481288e+01
   3.3646572e+04   1.1607754e+01
   3.3646398e+04   1.2485533e+01
   3.3646224e+04   1.3139167e+01
   3.3646049e+04   1.3567523e+01
   3.3645875e+04   1.3781746e+01
   3.3645701e+04   1.3847815e+01
   3.3645526e+04   1.3825798e+01
   3.3645352e+04   1.3690701e+01
   3.3645178e+04   1.3366547e+01
   3.3645003e+04   1.2816334e+01
   3.3644829e+04   1.2044397e+01
   3.3644655e+04   1.1036568e+01
   3.3644480e+04   9.7742679e+00
   3.3644306e+04   8.3090618e+00
   3.3644132e+04   6.7643105e+00
   3.3643957e+04   5.2585682e+00
   3.3643783e+04   3.8669741e+00
   3.3643609e+04   2.6518893e+00
   3.3643434e+04   1.6792598e+00
   3.3643260e+04   9.7873562e-01
   3.3643086e+04   5.1619341e-01
   3.3642912e+04   2.3098415e-01
   3.3642737e+04   7.7367440e-02
   3.3642563e+04   1.5851549e-02
   3.3642389e+04   1.2256763e-03
   3.3642214e+04   4.6369351e-05
   3.3642040e+04   6.0479716e-06
   3.3641866e+04   1.2402527e-06
   3.3641691e+04   3.3906359e-07
   3.3641517e+04   1.0658535e-07
   3.3641343e+04   4.1963454e-08
   3.3641168e+04   1.5370538e-08
   3.3640994e+04   8.3840739e-09
   3.3640820e+04   2.7809875e-09
   3.3640645e+04   2.4455934e-09
   3.3640471e+04   4.1175302e-10
   3.3640297e+04   1.0116442e-09
   3.3640122e+04   1.2208171e-10
   3.3639948e+04   5.7372837e-10
   3.3639774e+04   2.5351934e-10
   3.3639600e+04   4.1525744e-10
   3.3639425e+04   2.8769200e-10
   3.3639251e+04   3.5303979e-10
   3.3639077e+04   2.9992545e-10
   3.3638902e+04   3.3118012e-10
   3.3638728e+04   3.1083575e-10
   3.3638554e+04   3.3027112e-10
   3.3638379e+04   3.2684716e-10
   3.3638205e+04   3.4331393e-10
   3.3638031e+04   3.5096451e-10
   3.3637856e+04   3.6851627e-10
   3.3637682e+04   3.8627240e-10
   3.3637508e+04   4.0706785e-10
   3.3637333e+04   4.3787060e-10
   3.3637159e+04   4.6271936e-10
   3.3636985e+04   5.1549867e-10
   3.3636810e+04   5.4210175e-10
   3.3636636e+04   6.3917335e-10
   3.3636462e+04   6.5528212e-10
   3.3636288e+04   8.5211768e-10
   3.3636113e+04   8.1991370e-10
   3.3635939e+04   1.2357901e-09
   3.3635765e+04   1.1455339e-09
   3.3635590e+04   1.6472663e-09
   3.3635416e+04   3.3588241e-09
   3.3635242e+04   4.8583077e-09
   3.3635067e+04   4.5119425e-08
   3.3634893e+04   2.3199962e-07
   3.3634719e+04   1.7400184e-06
   3.3634544e+04   2.0755187e-05
   3.3634370e+04   2.9461831e-03
   3.3634196e+04   2.6357599e-02
   3.3634021e+04   1.0910848e-01
   3.3633847e+04   2.9570638e-01
   3.3633673e+04   6.2499593e-01
   3.3633498e+04   1.1479961e+00
   3.3633324e+04   1.9237930e+00
   3.3633150e+04   2.9700027e+00
   3.3632975e+04   4.2417413e+00
   3.3632801e+04   5.6718837e+00
   3.3632627e+04   7.1985031e+00
   3.3632453e+04   8.7354840e+00
   3.3632278e+04   1.0155431e+01
   3.3632104e+04   1.1348654e+01
   3.3631930e+04   1.2288257e+01
   3.3631755e+04   1.2998951e+01
   3.3631581e+04   1.3486295e+01
   3.3631407e+04   1.3751460e+01
   3.3631232e+04   1.3847840e+01
   3.3631058e+04   1.3846988e+01
   3.3630884e+04   1.3747902e+01
   3.3630709e+04   1.3478399e+01
   3.3630535e+04   1.2986258e+01
   3.3630361e+04   1.2270926e+01
   3.3630186e+04   1.1326211e+01
   3.3630012e+04   1.0127627e+01
   3.3629838e+04   8.7038679e+00
   3.3629663e+04   7.1658866e+00
   3.3629489e+04   5.6405713e+00
   3.3629315e+04   4.2131271e+00
   3.3629141e+04   2.9454305e+00
   3.3628966e+04   1.9046245e+00
   3.3628792e+04   1.1345616e+00
   3.3628618e+04   6.1628901e-01
   3.3628443e+04   2.9045085e-01
   3.3628269e+04   1.0643945e-01
   3.3628095e+04   2.5417553e-02
   3.3627920e+04   2.7740324e-03
   3.3627746e+04   2.6075524e-05
   3.3627572e+04   2.3995773e-06
   3.3627397e+04   3.6572138e-07
   3.3627223e+04   8.1504994e-08
   3.3627049e+04   1.6105855e-08
   3.3626874e+04   8.1099968e-09
   3.3626700e+04   3.3462531e-10
   3.3626526e+04   2.4208281e-09
   3.3626351e+04   1.3668018e-09
   3.3626177e+04   1.5437886e-09
   3.3626003e+04   1.3103878e-09
   3.3625829e+04   1.2975676e-09
   3.3625654e+04   1.2228398e-09
   3.3625480e+04   1.2072319e-09
   3.3625306e+04   1.1831580e-09
   3.3625131e+04   1.1837936e-09
   3.3624957e+04   1.1846033e-09
   3.3624783e+04   1.2009871e-09
   3.3624608e+04   1.2179737e-09
   3.3624434e+04   1.2489056e-09
   3.3624260e+04   1.2782537e-09
   3.3624085e+04   1.3243533e-09
   3.3623911e+04   1.3637708e-09
   3.3623737e+04   1.4283163e-09
   3.3623562e+04   1.4750419e-09
   3.3623388e+04   1.5658924e-09
   3.3623214e+04   1.6135372e-09
   3.3623039e+04   1.7484841e-09
   3.3622865e+04   1.7788840e-09
   3.3622691e+04   2.0010710e-09
   3.3622517e+04   1.9592880e-09
   3.3622342e+04   2.3858567e-09
   3.3622168e+04   2.0939026e-09
   3.3621994e+04   3.0901613e-09
   3.3621819e+04   1.9069745e-09
   3.3621645e+04   4.8175878e-09
   3.3621471e+04   4.7628675e-11
   3.3621296e+04   1.0967410e-08
   3.3621122e+04   1.1536545e-08
   3.3620948e+04   4.3982427e-08
   3.3620773e+04   9.9354283e-08
   3.3620599e+04   3.3481742e-07
   3.3620425e+04   1.2140445e-06
   3.3620250e+04   6.0148096e-06
   3.3620076e+04   4.6899349e-05
   3.3619902e+04   1.3202749e-03
   3.3619727e+04   1.6525818e-02
   3.3619553e+04   7.9583040e-02
   3.3619379e+04   2.3575004e-01
   3.3619205e+04   5.2445868e-01
   3.3619030e+04   9.9186934e-01
   3.3618856e+04   1.6987158e+00
   3.3618682e+04   2.6780101e+00
   3.3618507e+04   3.8988125e+00
   3.3618333e+04   5.2949053e+00
   3.3618159e+04   6.8039702e+00
   3.3617984e+04   8.3500565e+00
   3.3617810e+04   9.8136823e+00
   3.3617636e+04   1.1072161e+01
   3.3617461e+04   1.2075781e+01
   3.3617287e+04   1.2843846e+01
   3.3617113e+04   1.3389895e+01
   3.3616938e+04   1.3709799e+01
   3.3616764e+04   1.3841875e+01
   3.3616590e+04   1.3862133e+01
   3.3616415e+04   1.3793701e+01
   3.3616241e+04   1.3575257e+01
   3.3616067e+04   1.3141642e+01
   3.3615893e+04   1.2482668e+01
   3.3615718e+04   1.1599018e+01
   3.3615544e+04   1.0465922e+01
   3.3615370e+04   9.0914515e+00
   3.3615195e+04   7.5690114e+00
   3.3615021e+04   6.0295889e+00
   3.3614847e+04   4.5701471e+00
   3.3614672e+04   3.2544242e+00
   3.3614498e+04   2.1485507e+00
   3.3614324e+04   1.3074693e+00
   3.3614149e+04   7.2914745e-01
   3.3613975e+04   3.5930042e-01
   3.3613801e+04   1.4243067e-01
   3.3613626e+04   3.8831081e-02
   3.3613452e+04   5.5045363e-03
   3.3613278e+04   1.0892960e-04
   3.3613103e+04   1.0234891e-05
   3.3612929e+04   1.9045463e-06
   3.3612755e+04   4.7668419e-07
   3.3612581e+04   1.6055964e-07
   3.3612406e+04   4.9760292e-08
   3.3612232e+04   2.7877062e-08
   3.3612058e+04   5.5187850e-09
   3.3611883e+04   8.7308187e-09
   3.3611709e+04   1.1672204e-09
   3.3611535e+04   4.4525120e-09
   3.3611360e+04   2.2153860e-09
   3.3611186e+04   3.0450240e-09
   3.3611012e+04   2.2090709e-09
   3.3610837e+04   2.3910655e-09
   3.3610663e+04   2.0030166e-09
   3.3610489e+04   1.9988929e-09
   3.3610314e+04   1.7809539e-09
   3.3610140e+04   1.7242957e-09
   3.3609966e+04   1.5822537e-09
   3.3609791e+04   1.5147666e-09
   3.3609617e+04   1.4120423e-09
   3.3609443e+04   1.3469669e-09
   3.3609269e+04   1.2674437e-09
   3.3609094e+04   1.2085818e-09
   3.3608920e+04   1.1442613e-09
   3.3608746e+04   1.0922019e-09
   3.3608571e+04   1.0386568e-09
   3.3608397e+04   9.9292977e-10
   3.3608223e+04   9.4746533e-10
   3.3608048e+04   9.0731195e-10
   3.3607874e+04   8.6815455e-10
   3.3607700e+04   8.3280599e-10
   3.3607525e+04   7.9870982e-10
   3.3607351e+04   7.6747331e-10
   3.3607177e+04   7.3752998e-10
   3.3607002e+04   7.0980805e-10
   3.3606828e+04   6.8332090e-10
   3.3606654e+04   6.5861577e-10
   3.3606479e+04   6.3504385e-10
   3.3606305e+04   6.1293101e-10
   3.3606131e+04   5.9184410e-10
   3.3605957e+04   5.7197169e-10
   3.3605782e+04   5.5301785e-10
   3.3605608e+04   5.3509208e-10
   3.3605434e+04   5.1798317e-10
   3.3605259e+04   5.0175458e-10
   3.3605085e+04   4.8625320e-10
   3.3604911e+04   4.7151272e-10
   3.3604736e+04   4.5741477e-10
   3.3604562e+04   4.4398182e-10
   3.3604388e+04   4.3112586e-10
   3.3604213e+04   4.1884884e-10
   3.3604039e+04   4.0708470e-10
   3.3603865e+04   3.9583345e-10
   3.3603690e+04   3.8504286e-10
   3.3603516e+04   3.7470285e-10
   3.3603342e+04   3.6477549e-10
   3.3603167e+04   3.5525272e-10
   3.3602993e+04   3.4610048e-10
   3.3602819e+04   3.3730996e-10
   3.3602645e+04   3.2885289e-10
   3.3602470e+04   3.2071917e-10
   3.3602296e+04   3.1288880e-10
   3.3602122e+04   3.0534747e-10
   3.3601947e+04   2.9807992e-10
   3.3601773e+04   2.9107550e-10
   3.3601599e+04   2.8431879e-10
   3.3601424e+04   2.7780278e-10
   3.3601250e+04   2.7150970e-10
   3.3601076e+04   2.6543198e-10
   3.3600901e+04   2.5956373e-10
   3.3600727e+04   2.5388948e-10
   3.3600553e+04   2.4840197e-10
   3.3600378e+04   2.4309449e-10
   3.3600204e+04   2.3795976e-10
   3.3600030e+04   2.3298669e-10
   3.3599855e+04   2.2817115e-10
   3.3599681e+04   2.2350877e-10
   3.3599507e+04   2.1898643e-10
   3.3599333e+04   2.1460564e-10
   3.3599158e+04   2.1035501e-10
   3.3598984e+04   2.0623417e-10
   3.3598810e+04   2.0223313e-10
   3.3598635e+04   1.9835197e-10
   3.3598461e+04   1.9458248e-10
   3.3598287e+04   1.9092201e-10
   3.3598112e+04   1.8736480e-10
   3.3597938e+04   1.8390873e-10
   3.3597764e+04   1.8054981e-10
   3.3597589e+04   1.7728386e-10
   3.3597415e+04   1.7410784e-10
   3.3597241e+04   1.7101779e-10
   3.3597066e+04   1.6801131e-10
   3.3596892e+04   1.6508581e-10
   3.3596718e+04   1.6223778e-10
   3.3596543e+04   1.5946222e-10
   3.3596369e+04   1.5676138e-10
   3.3596195e+04   1.5412971e-10
   3.3596021e+04   1.5156387e-10
   3.3595846e+04   1.4906454e-10
   3.3595672e+04   1.4662627e-10
   3.3595498e+04   1.4424728e-10
   3.3595323e+04   1.4193002e-10
   3.3595149e+04   1.3966694e-10
   3.3594975e+04   1.3745893e-10
   3.3594800e+04   1.3530554e-10
   3.3594626e+04   1.3320367e-10
   3.3594452e+04   1.3114754e-10
   3.3594277e+04   1.2914425e-10
   3.3594103e+04   1.2718537e-10
   3.3593929e+04   1.2527179e-10
   3.3593754e+04   1.2340173e-10
   3.3593580e+04   1.2157386e-10
   3.3593406e+04   1.1978774e-10
   3.3593231e+04   1.1804158e-10
   3.3593057e+04   1.1633450e-10
   3.3592883e+04   1.1466605e-10
   3.3592709e+04   1.1303336e-10
   3.3592534e+04   1.1143597e-10
   3.3592360e+04   1.0987400e-10
   3.3592186e+04   1.0834378e-10
   3.3592011e+04   1.0684731e-10
   3.3591837e+04   1.0538206e-10
   3.3591663e+04   1.0394648e-10
   3.3591488e+04   1.0254157e-10
   3.3591314e+04   1.0116476e-10
   3.3591140e+04   9.9816691e-11
   3.3590965e+04   9.8497776e-11
   3.3590791e+04   9.7203736e-11
   3.3590617e+04   9.5937482e-11
   3.3590442e+04   9.4694826e-11
   3.3590268e+04   9.3476208e-11
   3.3590094e+04   9.2282727e-11
   3.3589919e+04   9.1111495e-11
   3.3589745e+04   8.9964395e-11
   3.3589571e+04   8.8838967e-11
   3.3589396e+04   8.7734014e-11
   3.3589222e+04   8.6651377e-11
   3.3589048e+04   8.5588356e-11
   3.3588874e+04   8.4545967e-11
   3.3588699e+04   8.3522758e-11
   3.3588525e+04   8.2518534e-11
   3.3588351e+04   8.1534113e-11
   3.3588176e+04   8.0566220e-11
   3.3588002e+04   7.9615869e-11
   3.3587828e+04   7.8682838e-11
   3.3587653e+04   7.7768458e-11
   3.3587479e+04   7.6869622e-11
   3.3587305e+04   7.5985884e-11
   3.3587130e+04   7.5117246e-11
   3.3586956e+04   7.4266815e-11
   3.3586782e+04   7.3429263e-11
   3.3586607e+04   7.2605033e-11
   3.3586433e+04   7.1799011e-11
   3.3586259e+04   7.1004091e-11
   3.3586084e+04   7.0220718e-11
   3.3585910e+04   6.9455108e-11
   3.3585736e+04   6.8698380e-11
   3.3585562e+04   6.7956307e-11
   3.3585387e+04   6.7223560e-11
   3.3585213e+04   6.6505468e-11
   3.3585039e+04   6.5799366e-11
   3.3584864e+04   6.5103700e-11
   3.3584690e+04   6.4421135e-11
   3.3584516e+04   6.3747563e-11
   3.3584341e+04   6.3085759e-11
   3.3584167e+04   6.2435279e-11
   3.3583993e+04   6.1792599e-11
   3.3583818e+04   6.1163241e-11
   3.3583644e+04   6.0543130e-11
   3.3583470e+04   5.9932915e-11
   3.3583295e+04   5.9332429e-11
   3.3583121e+04   5.8739541e-11
   3.3582947e+04   5.8158241e-11
   3.3582772e+04   5.7584521e-11
   3.3582598e+04   5.7020442e-11
   3.3582424e+04   5.6464296e-11
   3.3582250e+04   5.5917850e-11
   3.3582075e+04   5.5377881e-11
   3.3581901e+04   5.4847769e-11
   3.3581727e+04   5.4324230e-11
   3.3581552e+04   5.3809454e-11
   3.3581378e+04   5.3302925e-11
   3.3581204e+04   5.2801943e-11
   3.3581029e+04   5.2308641e-11
   3.3580855e+04   5.1823932e-11
   3.3580681e+04   5.1344017e-11
   3.3580506e+04   5.0871600e-11
   3.3580332e+04   5.0407553e-11
   3.3580158e+04   4.9947707e-11
   3.3579983e+04   4.9496282e-11
   3.3579809e+04   4.9047343e-11
   3.3579635e+04   4.8608723e-11
   3.3579460e+04   4.8175113e-11
   3.3579286e+04   4.7747716e-11
   3.3579112e+04   4.7324769e-11
   3.3578938e+04   4.6909284e-11
   3.3578763e+04   4.6499201e-11
   3.3578589e+04   4.6093906e-11
   3.3578415e+04   4.5696916e-11
   3.3578240e+04   4.5301207e-11
   3.3578066e+04   4.4913415e-11
   3.3577892e+04   4.4530562e-11
   3.3577717e+04   4.4151815e-11
   3.3577543e+04   4.3778020e-11
   3.3577369e+04   4.3410522e-11
   3.3577194e+04   4.3047566e-11
   3.3577020e+04   4.2690740e-11
   3.3576846e+04   4.2334913e-11
   3.3576671e+04   4.1985193e-11
   3.3576497e+04   4.1642134e-11
   3.3576323e+04   4.1301129e-11
   3.3576148e+04   4.0966508e-11
   3.3575974e+04   4.0633774e-11
   3.3575800e+04   4.0306657e-11
   3.3575626e+04   3.9983589e-11
   3.3575451e+04   3.9664191e-11
   3.3575277e+04   3.9346974e-11
   3.3575103e+04   3.9036737e-11
   3.3574928e+04   3.8729843e-11
   3.3574754e+04   3.8424897e-11
   3.3574580e+04   3.8125253e-11
   3.3574405e+04   3.7828678e-11
   3.3574231e+04   3.7536696e-11
   3.3574057e+04   3.7246692e-11
   3.3573882e+04   3.6961240e-11
   3.3573708e+04   3.6679382e-11
   3.3573534e+04   3.6399606e-11
   3.3573359e+04   3.6126338e-11
   3.3573185e+04   3.5854514e-11
   3.3573011e+04   3.5586339e-11
   3.3572836e+04   3.5319941e-11
   3.3572662e+04   3.5058345e-11
   3.3572488e+04   3.4799538e-11
   3.3572314e+04   3.4544007e-11
   3.3572139e+04   3.4290598e-11
   3.3571965e+04   3.4041117e-11
   3.3571791e+04   3.3793801e-11
   3.3571616e+04   3.3551134e-11
   3.3571442e+04   3.3308190e-11
   3.3571268e+04   3.3070546e-11
   3.3571093e+04   3.2834485e-11
   3.3570919e+04   3.2600644e-11
   3.3570745e+04   3.2370273e-11
   3.3570570e+04   3.2142927e-11
   3.3570396e+04   3.1916386e-11
   3.3570222e+04   3.1694702e-11
   3.3570047e+04   3.1472797e-11
   3.3569873e+04   3.1255221e-11
   3.3569699e+04   3.1040254e-11
   3.3569524e+04   3.0827424e-11
   3.3569350e+04   3.0614858e-11
   3.3569176e+04   3.0405964e-11
   3.3569002e+04   3.0200860e-11
   3.3568827e+04   2.9996681e-11
   3.3568653e+04   2.9793091e-11
   3.3568479e+04   2.9592838e-11
   3.3568304e+04   2.9397198e-11
   3.3568130e+04   2.9201005e-11
   3.3567956e+04   2.9007146e-11
   3.3567781e+04   2.8816473e-11
   3.3567607e+04   2.8627472e-11
   3.3567433e+04   2.8440215e-11
   3.3567258e+04   2.8255301e-11
   3.3567084e+04   2.8072315e-11
   3.3566910e+04   2.7888802e-11
   3.3566735e+04   2.7709862e-11
   3.3566561e+04   2.7533031e-11
   3.3566387e+04   2.7356395e-11
   3.3566212e+04   2.7184255e-11
   3.3566038e+04   2.7011508e-11
   3.3565864e+04   2.6841037e-11
   3.3565690e+04   2.6673259e-11
   3.3565515e+04   2.6505177e-11
   3.3565341e+04   2.6340493e-11
   3.3565167e+04   2.6176958e-11
   3.3564992e+04   2.6016026e-11
   3.3564818e+04   2.5854279e-11
   3.3564644e+04   2.5695495e-11
   3.3564469e+04   2.5538360e-11
   3.3564295e+04   2.5383435e-11
   3.3564121e+04   2.5230239e-11
   3.3563946e+04   2.5077356e-11
   3.3563772e+04   2.4925173e-11
   3.3563598e+04   2.4776470e-11
   3.3563423e+04   2.4628333e-11
   3.3563249e+04   2.4481196e-11
   3.3563075e+04   2.4336726e-11
   3.3562900e+04   2.4193008e-11
   3.3562726e+04   2.4050639e-11
   3.3562552e+04   2.3909693e-11
   3.3562378e+04   2.3770143e-11
   3.3562203e+04   2.3632012e-11
   3.3562029e+04   2.3494091e-11
   3.3561855e+04   2.3358488e-11
   3.3561680e+04   2.3225420e-11
   3.3561506e+04   2.3092513e-11
   3.3561332e+04   2.2960012e-11
   3.3561157e+04   2.2830003e-11
   3.3560983e+04   2.2701057e-11
   3.3560809e+04   2.2571908e-11
   3.3560634e+04   2.2446238e-11
   3.3560460e+04   2.2319436e-11
   3.3560286e+04   2.2194849e-11
   3.3560111e+04   2.2071293e-11
   3.3559937e+04   2.1949594e-11
   3.3559763e+04   2.1827401e-11
   3.3559588e+04   2.1706424e-11
   3.3559414e+04   2.1588563e-11
   3.3559240e+04   2.1469673e-11
   3.3559066e+04   2.1353003e-11
   3.3558891e+04   2.1237678e-11
   3.3558717e+04   2.1120772e-11
   3.3558543e+04   2.1007085e-11
   3.3558368e+04   2.0893953e-11
   3.3558194e+04   2.0782265e-11
   3.3558020e+04   2.0670798e-11
   3.3557845e+04   2.0560664e-11
   3.3557671e+04   2.0452973e-11
   3.3557497e+04   2.0343727e-11
   3.3557322e+04   2.0236701e-11
   3.3557148e+04   2.0132340e-11
   3.3556974e+04   2.0027091e-11
   3.3556799e+04   1.9920954e-11
   3.3556625e+04   1.9818369e-11
   3.3556451e+04   1.9716229e-11
   3.3556276e+04   1.9615420e-11
   3.3556102e+04   1.9511948e-11
   3.3555928e+04   1.9413804e-11
   3.3555754e+04   1.9316548e-11
   3.3555579e+04   1.9219737e-11
   3.3555405e+04   1.9120705e-11
   3.3555231e+04   1.9025670e-11
   3.3555056e+04   1.8930191e-11
   3.3554882e+04   1.8836044e-11
   3.3554708e+04   1.8743118e-11
   3.3554533e+04   1.8649082e-11
   3.3554359e+04   1.8558044e-11
   3.3554185e+04   1.8467311e-11
   3.3554010e+04   1.8376162e-11
   3.3553836e+04   1.8285817e-11
   3.3553662e+04   1.8195181e-11
   3.3553487e+04   1.8107170e-11
   3.3553313e+04   1.8019395e-11
   3.3553139e+04   1.7931535e-11
   3.3552964e+04   1.7845582e-11
   3.3552790e+04   1.7758717e-11
   3.3552616e+04   1.7673293e-11
   3.3552442e+04   1.7589126e-11
   3.3552267e+04   1.7504775e-11
   3.3552093e+04   1.7421613e-11
   3.3551919e+04   1.7339200e-11
   3.3551744e+04   1.7257376e-11
   3.3551570e+04   1.7177676e-11
   3.3551396e+04   1.7096768e-11
   3.3551221e+04   1.7017152e-11
   3.3551047e+04   1.6937091e-11
   3.3550873e+04   1.6859375e-11
   3.3550698e+04   1.6782548e-11
   3.3550524e+04   1.6705817e-11
   3.3550350e+04   1.6631307e-11
   3.3550175e+04   1.6554785e-11
   3.3550001e+04   1.6479582e-11
   3.3549827e+04   1.6404697e-11
   3.3549652e+04   1.6330728e-11
   3.3549478e+04   1.6257037e-11
   3.3549304e+04   1.6185470e-11
   3.3549130e+04   1.6113631e-11
   3.3548955e+04   1.6042001e-11
   3.3548781e+04   1.5969219e-11
   3.3548607e+04   1.5901010e-11
   3.3548432e+04   1.5829775e-11
   3.3548258e+04   1.5760893e-11
   3.3548084e+04   1.5691719e-11
   3.3547909e+04   1.5623697e-11
   3.3547735e+04   1.5555765e-11
   3.3547561e+04   1.5488319e-11
   3.3547386e+04   1.5421553e-11
   3.3547212e+04   1.5354842e-11
   3.3547038e+04   1.5288597e-11
   3.3546863e+04   1.5223085e-11
   3.3546689e+04   1.5160187e-11
   3.3546515e+04   1.5094085e-11
   3.3546340e+04   1.5031271e-11
   3.3546166e+04   1.4966148e-11
   3.3545992e+04   1.4903826e-11
   3.3545817e+04   1.4840443e-11
   3.3545643e+04   1.4779113e-11
   3.3545469e+04   1.4715156e-11
   3.3545295e+04   1.4655497e-11
   3.3545120e+04   1.4594897e-11
   3.3544946e+04   1.4533469e-11
   3.3544772e+04   1.4472701e-11
   3.3544597e+04   1.4413949e-11
   3.3544423e+04   1.4354712e-11
   3.3544249e+04   1.4294871e-11
   3.3544074e+04   1.4237833e-11
   3.3543900e+04   1.4179935e-11
   3.3543726e+04   1.4121815e-11
   3.3543551e+04   1.4064971e-11
   3.3543377e+04   1.4008461e-11
   3.3543203e+04   1.3951951e-11
   3.3543028e+04   1.3895995e-11
   3.3542854e+04   1.3841150e-11
   3.3542680e+04   1.3787416e-11
   3.3542505e+04   1.3732404e-11
   3.3542331e+04   1.3677670e-11
   3.3542157e+04   1.3621992e-11
   3.3541983e+04   1.3569812e-11
   3.3541808e+04   1.3515689e-11
   3.3541634e+04   1.3466506e-11
   3.3541460e+04   1.3413493e-11
   3.3541285e+04   1.3360313e-11
   3.3541111e+04   1.3308576e-11
   3.3540937e+04   1.3257617e-11
   3.3540762e+04   1.3206436e-11
   3.3540588e+04   1.3156143e-11
   3.3540414e+04   1.3106405e-11
   3.3540239e+04   1.3057444e-11
   3.3540065e+04   1.3007706e-11
   3.3539891e+04   1.2958856e-11
   3.3539716e+04   1.2911477e-11
   3.3539542e+04   1.2861434e-11
   3.3539368e+04   1.2813847e-11
   3.3539193e+04   1.2765254e-11
   3.3539019e+04   1.2717367e-11
   3.3538845e+04   1.2671620e-11
   3.3538671e+04   1.2623282e-11
   3.3538496e+04   1.2578353e-11
   3.3538322e+04   1.2532177e-11
   3.3538148e+04   1.2486707e-11
   3.3537973e+04   1.2440633e-11
   3.3537799e+04   1.2394598e-11
   3.3537625e+04   1.2350072e-11
   3.3537450e+04   1.2307088e-11
   3.3537276e+04   1.2261676e-11
   3.3537102e+04   1.2218580e-11
   3.3536927e+04   1.2173566e-11
   3.3536753e+04   1.2129078e-11
   3.3536579e+04   1.2086473e-11
   3.3536404e+04   1.2043947e-11
   3.3536230e+04   1.2000540e-11
   3.3536056e+04   1.1959120e-11
   3.3535881e+04   1.1917954e-11
   3.3535707e+04   1.1875855e-11
   3.3535533e+04   1.1834386e-11
   3.3535359e+04   1.1792707e-11
   3.3535184e+04   1.1753610e-11
   3.3535010e+04   1.1712451e-11
   3.3534836e+04   1.1672646e-11
   3.3534661e+04   1.1633395e-11
   3.3534487e+04   1.1592938e-11
   3.3534313e+04   1.1552597e-11
   3.3534138e+04   1.1514947e-11
   3.3533964e+04   1.1476257e-11
   3.3533790e+04   1.1437748e-11
   3.3533615e+04   1.1398685e-11
   3.3533441e+04   1.1359177e-11
   3.3533267e+04   1.1323606e-11
   3.3533092e+04   1.1285392e-11
   3.3532918e+04   1.1247102e-11
   3.3532744e+04   1.1209611e-11
   3.3532569e+04   1.1172674e-11
   3.3532395e+04   1.1136425e-11
   3.3532221e+04   1.1099732e-11
   3.3532047e+04   1.1062797e-11
   3.3531872e+04   1.1027186e-11
   3.3531698e+04   1.0990738e-11
   3.3531524e+04   1.0954963e-11
   3.3531349e+04   1.0920452e-11
   3.3531175e+04   1.0883036e-11
   3.3531001e+04   1.0848887e-11
   3.3530826e+04   1.0813639e-11
   3.3530652e+04   1.0779353e-11
   3.3530478e+04   1.0746274e-11
   3.3530303e+04   1.0710566e-11
   3.3530129e+04   1.0675825e-11
   3.3529955e+04   1.0642459e-11
   3.3529780e+04   1.0610235e-11
   3.3529606e+04   1.0575013e-11
   3.3529432e+04   1.0540679e-11
   3.3529257e+04   1.0509649e-11
   3.3529083e+04   1.0477286e-11
   3.3528909e+04   1.0444756e-11
   3.3528735e+04   1.0411227e-11
   3.3528560e+04   1.0378365e-11
   3.3528386e+04   1.0348500e-11
   3.3528212e+04   1.0316470e-11
   3.3528037e+04   1.0284051e-11
   3.3527863e+04   1.0253992e-11
   3.3527689e+04   1.0222156e-11
   3.3527514e+04   1.0192791e-11
   3.3527340e+04   1.0161899e-11
   3.3527166e+04   1.0130841e-11
   3.3526991e+04   1.0098478e-11
   3.3526817e+04   1.0070278e-11
   3.3526643e+04   1.0039636e-11
   3.3526468e+04   1.0010770e-11
   3.3526294e+04   9.9811270e-12
   3.3526120e+04   9.9513731e-12
   3.3525945e+04   9.9226183e-12
   3.3525771e+04   9.8927533e-12
   3.3525597e+04   9.8632214e-12
   3.3525423e+04   9.8354103e-12
   3.3525248e+04   9.8085429e-12
   3.3525074e+04   9.7790664e-12
   3.3524900e+04   9.7506170e-12
   3.3524725e+04   9.7226810e-12
   3.3524551e+04   9.6934856e-12
   3.3524377e+04   9.6664985e-12
   3.3524202e+04   9.6389468e-12
   3.3524028e+04   9.6120273e-12
   3.3523854e+04   9.5846015e-12
   3.3523679e+04   9.5586686e-12
   3.3523505e+04   9.5308185e-12
   3.3523331e+04   9.5052698e-12
   3.3523156e+04   9.4777006e-12
   3.3522982e+04   9.4520816e-12
   3.3522808e+04   9.4248437e-12
   3.3522633e+04   9.3997169e-12
   3.3522459e+04   9.3728974e-12
   3.3522285e+04   9.3480675e-12
   3.3522111e+04   9.3211550e-12
   3.3521936e+04   9.2958558e-12
   3.3521762e+04   9.2695851e-12
   3.3521588e+04   9.2444663e-12
