0.850651 0.525731 0.000000
-0.850651 0.525731 0.000000
-0.850651 -0.525731 0.000000
0.850651 -0.525731 0.000000
0.525731 0.000000 0.850651
0.525731 0.000000 -0.850651
-0.525731 0.000000 -0.850651
-0.525731 0.000000 0.850651
0.000000 0.850651 0.525731
0.000000 -0.850651 0.525731
0.000000 -0.850651 -0.525731
0.000000 0.850651 -0.525731
0.309017 0.500000 0.809017
-0.309017 0.500000 0.809017
0.000000 0.000000 1.000000
-0.309017 -0.500000 0.809017
0.309017 -0.500000 0.809017
0.000000 0.000000 -1.000000
-0.309017 0.500000 -0.809017
0.309017 0.500000 -0.809017
0.309017 -0.500000 -0.809017
-0.309017 -0.500000 -0.809017
0.809017 0.309017 0.500000
0.809017 -0.309017 0.500000
1.000000 0.000000 0.000000
0.809017 -0.309017 -0.500000
0.809017 0.309017 -0.500000
-0.809017 -0.309017 0.500000
-0.809017 0.309017 0.500000
-1.000000 0.000000 0.000000
-0.809017 0.309017 -0.500000
-0.809017 -0.309017 -0.500000
0.500000 0.809017 0.309017
0.500000 0.809017 -0.309017
0.000000 1.000000 0.000000
-0.500000 0.809017 -0.309017
-0.500000 0.809017 0.309017
0.000000 -1.000000 0.000000
0.500000 -0.809017 -0.309017
0.500000 -0.809017 0.309017
-0.500000 -0.809017 0.309017
-0.500000 -0.809017 -0.309017
0.433889 0.259892 0.862669
0.162460 0.262866 0.951057
0.273266 0.000000 0.961938
0.000000 0.525731 0.850651
-0.162460 0.262866 0.951057
-0.433889 0.259892 0.862669
-0.273266 0.000000 0.961938
0.160622 0.702046 0.693780
-0.160622 0.702046 0.693780
0.162460 -0.262866 0.951057
0.433889 -0.259892 0.862669
-0.162460 -0.262866 0.951057
0.000000 -0.525731 0.850651
-0.160622 -0.702046 0.693780
0.160622 -0.702046 0.693780
-0.433889 -0.259892 0.862669
0.273266 0.000000 -0.961938
0.162460 0.262866 -0.951057
0.433889 0.259892 -0.862669
-0.162460 0.262866 -0.951057
0.000000 0.525731 -0.850651
-0.160622 0.702046 -0.693780
0.160622 0.702046 -0.693780
-0.273266 0.000000 -0.961938
-0.433889 0.259892 -0.862669
0.433889 -0.259892 -0.862669
0.162460 -0.262866 -0.951057
0.000000 -0.525731 -0.850651
-0.162460 -0.262866 -0.951057
-0.433889 -0.259892 -0.862669
0.160622 -0.702046 -0.693780
-0.160622 -0.702046 -0.693780
0.862669 0.433889 0.259892
0.951057 0.162460 0.262866
0.961938 0.273266 0.000000
0.850651 0.000000 0.525731
0.951057 -0.162460 0.262866
0.862669 -0.433889 0.259892
0.961938 -0.273266 0.000000
0.693780 0.160622 0.702046
0.693780 -0.160622 0.702046
0.951057 0.162460 -0.262866
0.862669 0.433889 -0.259892
0.951057 -0.162460 -0.262866
0.850651 0.000000 -0.525731
0.693780 -0.160622 -0.702046
0.693780 0.160622 -0.702046
0.862669 -0.433889 -0.259892
-0.862669 -0.433889 0.259892
-0.951057 -0.162460 0.262866
-0.961938 -0.273266 0.000000
-0.850651 0.000000 0.525731
-0.951057 0.162460 0.262866
-0.862669 0.433889 0.259892
-0.961938 0.273266 0.000000
-0.693780 -0.160622 0.702046
-0.693780 0.160622 0.702046
-0.951057 -0.162460 -0.262866
-0.862669 -0.433889 -0.259892
-0.951057 0.162460 -0.262866
-0.850651 0.000000 -0.525731
-0.693780 0.160622 -0.702046
-0.693780 -0.160622 -0.702046
-0.862669 0.433889 -0.259892
0.259892 0.862669 0.433889
0.262866 0.951057 0.162460
0.000000 0.961938 0.273266
0.525731 0.850651 0.000000
0.262866 0.951057 -0.162460
0.259892 0.862669 -0.433889
0.000000 0.961938 -0.273266
0.702046 0.693780 0.160622
0.702046 0.693780 -0.160622
-0.262866 0.951057 0.162460
-0.259892 0.862669 0.433889
-0.262866 0.951057 -0.162460
-0.525731 0.850651 0.000000
-0.702046 0.693780 -0.160622
-0.702046 0.693780 0.160622
-0.259892 0.862669 -0.433889
0.000000 -0.961938 0.273266
0.262866 -0.951057 0.162460
0.259892 -0.862669 0.433889
0.262866 -0.951057 -0.162460
0.525731 -0.850651 0.000000
0.702046 -0.693780 -0.160622
0.702046 -0.693780 0.160622
0.000000 -0.961938 -0.273266
0.259892 -0.862669 -0.433889
-0.259892 -0.862669 0.433889
-0.262866 -0.951057 0.162460
-0.525731 -0.850651 0.000000
-0.262866 -0.951057 -0.162460
-0.259892 -0.862669 -0.433889
-0.702046 -0.693780 0.160622
-0.702046 -0.693780 -0.160622
0.425325 0.688191 0.587785
0.587785 0.425325 0.688191
0.688191 0.587785 0.425325
0.425325 0.688191 -0.587785
0.688191 0.587785 -0.425325
0.587785 0.425325 -0.688191
0.587785 -0.425325 0.688191
0.425325 -0.688191 0.587785
0.688191 -0.587785 0.425325
0.587785 -0.425325 -0.688191
0.688191 -0.587785 -0.425325
0.425325 -0.688191 -0.587785
-0.587785 0.425325 0.688191
-0.425325 0.688191 0.587785
-0.688191 0.587785 0.425325
-0.587785 0.425325 -0.688191
-0.688191 0.587785 -0.425325
-0.425325 0.688191 -0.587785
-0.587785 -0.425325 0.688191
-0.688191 -0.587785 0.425325
-0.425325 -0.688191 0.587785
-0.587785 -0.425325 -0.688191
-0.425325 -0.688191 -0.587785
-0.688191 -0.587785 -0.425325
0.484442 0.131200 0.864929
0.358229 0.131655 0.924305
0.403355 0.000000 0.915043
0.301259 0.264083 0.916244
0.220117 0.132792 0.966393
0.082242 0.133071 0.987688
0.137952 0.000000 0.990439
0.375039 0.383614 0.843911
0.238677 0.386187 0.891006
0.000000 0.266405 0.963861
-0.082242 0.133071 0.987688
0.082324 0.399607 0.912982
-0.082324 0.399607 0.912982
-0.156434 0.519258 0.840178
-0.238677 0.386187 0.891006
0.156434 0.519258 0.840178
-0.220117 0.132792 0.966393
-0.137952 0.000000 0.990439
-0.301259 0.264083 0.916244
-0.358229 0.131655 0.924305
-0.484442 0.131200 0.864929
-0.403355 0.000000 0.915043
-0.375039 0.383614 0.843911
0.237086 0.606825 0.758652
0.081142 0.620240 0.780204
0.000000 0.711282 0.702907
-0.081142 0.620240 0.780204
-0.237086 0.606825 0.758652
0.081086 0.783843 0.615642
-0.081086 0.783843 0.615642
0.358229 -0.131655 0.924305
0.484442 -0.131200 0.864929
0.220117 -0.132792 0.966393
0.301259 -0.264083 0.916244
0.238677 -0.386187 0.891006
0.375039 -0.383614 0.843911
0.082242 -0.133071 0.987688
0.082324 -0.399607 0.912982
0.156434 -0.519258 0.840178
0.000000 -0.266405 0.963861
-0.082324 -0.399607 0.912982
-0.238677 -0.386187 0.891006
-0.156434 -0.519258 0.840178
-0.082242 -0.133071 0.987688
0.081142 -0.620240 0.780204
0.237086 -0.606825 0.758652
-0.081142 -0.620240 0.780204
0.000000 -0.711282 0.702907
-0.081086 -0.783843 0.615642
0.081086 -0.783843 0.615642
-0.237086 -0.606825 0.758652
-0.220117 -0.132792 0.966393
-0.358229 -0.131655 0.924305
-0.301259 -0.264083 0.916244
-0.375039 -0.383614 0.843911
-0.484442 -0.131200 0.864929
0.403355 0.000000 -0.915043
0.358229 0.131655 -0.924305
0.484442 0.131200 -0.864929
0.220117 0.132792 -0.966393
0.301259 0.264083 -0.916244
0.238677 0.386187 -0.891006
0.375039 0.383614 -0.843911
0.137952 0.000000 -0.990439
0.082242 0.133071 -0.987688
0.082324 0.399607 -0.912982
0.156434 0.519258 -0.840178
0.000000 0.266405 -0.963861
-0.082324 0.399607 -0.912982
-0.238677 0.386187 -0.891006
-0.156434 0.519258 -0.840178
-0.082242 0.133071 -0.987688
0.081142 0.620240 -0.780204
0.237086 0.606825 -0.758652
-0.081142 0.620240 -0.780204
0.000000 0.711282 -0.702907
-0.081086 0.783843 -0.615642
0.081086 0.783843 -0.615642
-0.237086 0.606825 -0.758652
-0.137952 0.000000 -0.990439
-0.220117 0.132792 -0.966393
-0.358229 0.131655 -0.924305
-0.301259 0.264083 -0.916244
-0.375039 0.383614 -0.843911
-0.403355 0.000000 -0.915043
-0.484442 0.131200 -0.864929
0.484442 -0.131200 -0.864929
0.358229 -0.131655 -0.924305
0.301259 -0.264083 -0.916244
0.220117 -0.132792 -0.966393
0.082242 -0.133071 -0.987688
0.375039 -0.383614 -0.843911
0.238677 -0.386187 -0.891006
0.000000 -0.266405 -0.963861
-0.082242 -0.133071 -0.987688
0.082324 -0.399607 -0.912982
-0.082324 -0.399607 -0.912982
-0.156434 -0.519258 -0.840178
-0.238677 -0.386187 -0.891006
0.156434 -0.519258 -0.840178
-0.220117 -0.132792 -0.966393
-0.301259 -0.264083 -0.916244
-0.358229 -0.131655 -0.924305
-0.484442 -0.131200 -0.864929
-0.375039 -0.383614 -0.843911
0.237086 -0.606825 -0.758652
0.081142 -0.620240 -0.780204
0.000000 -0.711282 -0.702907
-0.081142 -0.620240 -0.780204
-0.237086 -0.606825 -0.758652
0.081086 -0.783843 -0.615642
-0.081086 -0.783843 -0.615642
0.864929 0.484442 0.131200
0.924305 0.358229 0.131655
0.915043 0.403355 0.000000
0.916244 0.301259 0.264083
0.966393 0.220117 0.132792
0.987688 0.082242 0.133071
0.990439 0.137952 0.000000
0.843911 0.375039 0.383614
0.891006 0.238677 0.386187
0.963861 0.000000 0.266405
0.987688 -0.082242 0.133071
0.912982 0.082324 0.399607
0.912982 -0.082324 0.399607
0.840178 -0.156434 0.519258
0.891006 -0.238677 0.386187
0.840178 0.156434 0.519258
0.966393 -0.220117 0.132792
0.990439 -0.137952 0.000000
0.916244 -0.301259 0.264083
0.924305 -0.358229 0.131655
0.864929 -0.484442 0.131200
0.915043 -0.403355 0.000000
0.843911 -0.375039 0.383614
0.758652 0.237086 0.606825
0.780204 0.081142 0.620240
0.702907 0.000000 0.711282
0.780204 -0.081142 0.620240
0.758652 -0.237086 0.606825
0.615642 0.081086 0.783843
0.615642 -0.081086 0.783843
0.924305 0.358229 -0.131655
0.864929 0.484442 -0.131200
0.966393 0.220117 -0.132792
0.916244 0.301259 -0.264083
0.891006 0.238677 -0.386187
0.843911 0.375039 -0.383614
0.987688 0.082242 -0.133071
0.912982 0.082324 -0.399607
0.840178 0.156434 -0.519258
0.963861 0.000000 -0.266405
0.912982 -0.082324 -0.399607
0.891006 -0.238677 -0.386187
0.840178 -0.156434 -0.519258
0.987688 -0.082242 -0.133071
0.780204 0.081142 -0.620240
0.758652 0.237086 -0.606825
0.780204 -0.081142 -0.620240
0.702907 0.000000 -0.711282
0.615642 -0.081086 -0.783843
0.615642 0.081086 -0.783843
0.758652 -0.237086 -0.606825
0.966393 -0.220117 -0.132792
0.924305 -0.358229 -0.131655
0.916244 -0.301259 -0.264083
0.843911 -0.375039 -0.383614
0.864929 -0.484442 -0.131200
-0.864929 -0.484442 0.131200
-0.924305 -0.358229 0.131655
-0.915043 -0.403355 0.000000
-0.916244 -0.301259 0.264083
-0.966393 -0.220117 0.132792
-0.987688 -0.082242 0.133071
-0.990439 -0.137952 0.000000
-0.843911 -0.375039 0.383614
-0.891006 -0.238677 0.386187
-0.963861 0.000000 0.266405
-0.987688 0.082242 0.133071
-0.912982 -0.082324 0.399607
-0.912982 0.082324 0.399607
-0.840178 0.156434 0.519258
-0.891006 0.238677 0.386187
-0.840178 -0.156434 0.519258
-0.966393 0.220117 0.132792
-0.990439 0.137952 0.000000
-0.916244 0.301259 0.264083
-0.924305 0.358229 0.131655
-0.864929 0.484442 0.131200
-0.915043 0.403355 0.000000
-0.843911 0.375039 0.383614
-0.758652 -0.237086 0.606825
-0.780204 -0.081142 0.620240
-0.702907 0.000000 0.711282
-0.780204 0.081142 0.620240
-0.758652 0.237086 0.606825
-0.615642 -0.081086 0.783843
-0.615642 0.081086 0.783843
-0.924305 -0.358229 -0.131655
-0.864929 -0.484442 -0.131200
-0.966393 -0.220117 -0.132792
-0.916244 -0.301259 -0.264083
-0.891006 -0.238677 -0.386187
-0.843911 -0.375039 -0.383614
-0.987688 -0.082242 -0.133071
-0.912982 -0.082324 -0.399607
-0.840178 -0.156434 -0.519258
-0.963861 0.000000 -0.266405
-0.912982 0.082324 -0.399607
-0.891006 0.238677 -0.386187
-0.840178 0.156434 -0.519258
-0.987688 0.082242 -0.133071
-0.780204 -0.081142 -0.620240
-0.758652 -0.237086 -0.606825
-0.780204 0.081142 -0.620240
-0.702907 0.000000 -0.711282
-0.615642 0.081086 -0.783843
-0.615642 -0.081086 -0.783843
-0.758652 0.237086 -0.606825
-0.966393 0.220117 -0.132792
-0.924305 0.358229 -0.131655
-0.916244 0.301259 -0.264083
-0.843911 0.375039 -0.383614
-0.864929 0.484442 -0.131200
0.131200 0.864929 0.484442
0.131655 0.924305 0.358229
0.000000 0.915043 0.403355
0.264083 0.916244 0.301259
0.132792 0.966393 0.220117
0.133071 0.987688 0.082242
0.000000 0.990439 0.137952
0.383614 0.843911 0.375039
0.386187 0.891007 0.238677
0.266405 0.963861 0.000000
0.133071 0.987688 -0.082242
0.399607 0.912982 0.082324
0.399607 0.912982 -0.082324
0.519258 0.840178 -0.156434
0.386187 0.891007 -0.238677
0.519258 0.840178 0.156434
0.132792 0.966393 -0.220117
0.000000 0.990439 -0.137952
0.264083 0.916244 -0.301259
0.131655 0.924305 -0.358229
0.131200 0.864929 -0.484442
0.000000 0.915043 -0.403355
0.383614 0.843911 -0.375039
0.606825 0.758652 0.237086
0.620240 0.780204 0.081142
0.711282 0.702907 0.000000
0.620240 0.780204 -0.081142
0.606825 0.758652 -0.237086
0.783843 0.615642 0.081086
0.783843 0.615642 -0.081086
-0.131655 0.924305 0.358229
-0.131200 0.864929 0.484442
-0.132792 0.966393 0.220117
-0.264083 0.916244 0.301259
-0.386187 0.891007 0.238677
-0.383614 0.843911 0.375039
-0.133071 0.987688 0.082242
-0.399607 0.912982 0.082324
-0.519258 0.840178 0.156434
-0.266405 0.963861 0.000000
-0.399607 0.912982 -0.082324
-0.386187 0.891007 -0.238677
-0.519258 0.840178 -0.156434
-0.133071 0.987688 -0.082242
-0.620240 0.780204 0.081142
-0.606825 0.758652 0.237086
-0.620240 0.780204 -0.081142
-0.711282 0.702907 0.000000
-0.783843 0.615642 -0.081086
-0.783843 0.615642 0.081086
-0.606825 0.758652 -0.237086
-0.132792 0.966393 -0.220117
-0.131655 0.924305 -0.358229
-0.264083 0.916244 -0.301259
-0.383614 0.843911 -0.375039
-0.131200 0.864929 -0.484442
0.000000 -0.915043 0.403355
0.131655 -0.924305 0.358229
0.131200 -0.864929 0.484442
0.132792 -0.966393 0.220117
0.264083 -0.916244 0.301259
0.386187 -0.891007 0.238677
0.383614 -0.843911 0.375039
0.000000 -0.990439 0.137952
0.133071 -0.987688 0.082242
0.399607 -0.912982 0.082324
0.519258 -0.840178 0.156434
0.266405 -0.963861 0.000000
0.399607 -0.912982 -0.082324
0.386187 -0.891007 -0.238677
0.519258 -0.840178 -0.156434
0.133071 -0.987688 -0.082242
0.620240 -0.780204 0.081142
0.606825 -0.758652 0.237086
0.620240 -0.780204 -0.081142
0.711282 -0.702907 0.000000
0.783843 -0.615642 -0.081086
0.783843 -0.615642 0.081086
0.606825 -0.758652 -0.237086
0.000000 -0.990439 -0.137952
0.132792 -0.966393 -0.220117
0.131655 -0.924305 -0.358229
0.264083 -0.916244 -0.301259
0.383614 -0.843911 -0.375039
0.000000 -0.915043 -0.403355
0.131200 -0.864929 -0.484442
-0.131200 -0.864929 0.484442
-0.131655 -0.924305 0.358229
-0.264083 -0.916244 0.301259
-0.132792 -0.966393 0.220117
-0.133071 -0.987688 0.082242
-0.383614 -0.843911 0.375039
-0.386187 -0.891007 0.238677
-0.266405 -0.963861 0.000000
-0.133071 -0.987688 -0.082242
-0.399607 -0.912982 0.082324
-0.399607 -0.912982 -0.082324
-0.519258 -0.840178 -0.156434
-0.386187 -0.891007 -0.238677
-0.519258 -0.840178 0.156434
-0.132792 -0.966393 -0.220117
-0.264083 -0.916244 -0.301259
-0.131655 -0.924305 -0.358229
-0.131200 -0.864929 -0.484442
-0.383614 -0.843911 -0.375039
-0.606825 -0.758652 0.237086
-0.620240 -0.780204 0.081142
-0.711282 -0.702907 0.000000
-0.620240 -0.780204 -0.081142
-0.606825 -0.758652 -0.237086
-0.783843 -0.615642 0.081086
-0.783843 -0.615642 -0.081086
0.213023 0.792649 0.571252
0.296005 0.702310 0.647412
0.346153 0.783452 0.516122
0.468430 0.757935 0.453990
0.371748 0.601501 0.707107
0.564254 0.646578 0.513375
0.601501 0.707107 0.371748
0.513375 0.564254 0.646578
0.646578 0.513375 0.564254
0.707107 0.371748 0.601501
0.757935 0.453990 0.468430
0.453990 0.468430 0.757935
0.702310 0.647412 0.296005
0.783452 0.516122 0.346153
0.792649 0.571252 0.213023
0.516122 0.346153 0.783452
0.571252 0.213023 0.792649
0.647412 0.296005 0.702310
0.213023 0.792649 -0.571252
0.346153 0.783452 -0.516122
0.296005 0.702310 -0.647412
0.371748 0.601501 -0.707107
0.468430 0.757935 -0.453990
0.513375 0.564254 -0.646578
0.453990 0.468430 -0.757935
0.564254 0.646578 -0.513375
0.646578 0.513375 -0.564254
0.757935 0.453990 -0.468430
0.707107 0.371748 -0.601501
0.601501 0.707107 -0.371748
0.516122 0.346153 -0.783452
0.647412 0.296005 -0.702310
0.571252 0.213023 -0.792649
0.702310 0.647412 -0.296005
0.792649 0.571252 -0.213023
0.783452 0.516122 -0.346153
0.571252 -0.213023 0.792649
0.516122 -0.346153 0.783452
0.647412 -0.296005 0.702310
0.707107 -0.371748 0.601501
0.453990 -0.468430 0.757935
0.646578 -0.513375 0.564254
0.757935 -0.453990 0.468430
0.513375 -0.564254 0.646578
0.564254 -0.646578 0.513375
0.468430 -0.757935 0.453990
0.601501 -0.707107 0.371748
0.371748 -0.601501 0.707107
0.783452 -0.516122 0.346153
0.702310 -0.647412 0.296005
0.792649 -0.571252 0.213023
0.296005 -0.702310 0.647412
0.213023 -0.792649 0.571252
0.346153 -0.783452 0.516122
0.571252 -0.213023 -0.792649
0.647412 -0.296005 -0.702310
0.516122 -0.346153 -0.783452
0.453990 -0.468430 -0.757935
0.707107 -0.371748 -0.601501
0.513375 -0.564254 -0.646578
0.371748 -0.601501 -0.707107
0.646578 -0.513375 -0.564254
0.564254 -0.646578 -0.513375
0.601501 -0.707107 -0.371748
0.468430 -0.757935 -0.453990
0.757935 -0.453990 -0.468430
0.296005 -0.702310 -0.647412
0.346153 -0.783452 -0.516122
0.213023 -0.792649 -0.571252
0.783452 -0.516122 -0.346153
0.792649 -0.571252 -0.213023
0.702310 -0.647412 -0.296005
-0.571252 0.213023 0.792649
-0.516122 0.346153 0.783452
-0.647412 0.296005 0.702310
-0.707107 0.371748 0.601501
-0.453990 0.468430 0.757935
-0.646578 0.513375 0.564254
-0.757935 0.453990 0.468430
-0.513375 0.564254 0.646578
-0.564254 0.646578 0.513375
-0.468430 0.757935 0.453990
-0.601501 0.707107 0.371748
-0.371748 0.601501 0.707107
-0.783452 0.516122 0.346153
-0.702310 0.647412 0.296005
-0.792649 0.571252 0.213023
-0.296005 0.702310 0.647412
-0.213023 0.792649 0.571252
-0.346153 0.783452 0.516122
-0.571252 0.213023 -0.792649
-0.647412 0.296005 -0.702310
-0.516122 0.346153 -0.783452
-0.453990 0.468430 -0.757935
-0.707107 0.371748 -0.601501
-0.513375 0.564254 -0.646578
-0.371748 0.601501 -0.707107
-0.646578 0.513375 -0.564254
-0.564254 0.646578 -0.513375
-0.601501 0.707107 -0.371748
-0.468430 0.757935 -0.453990
-0.757935 0.453990 -0.468430
-0.296005 0.702310 -0.647412
-0.346153 0.783452 -0.516122
-0.213023 0.792649 -0.571252
-0.783452 0.516122 -0.346153
-0.792649 0.571252 -0.213023
-0.702310 0.647412 -0.296005
-0.571252 -0.213023 0.792649
-0.647412 -0.296005 0.702310
-0.516122 -0.346153 0.783452
-0.453990 -0.468430 0.757935
-0.707107 -0.371748 0.601501
-0.513375 -0.564254 0.646578
-0.371748 -0.601501 0.707107
-0.646578 -0.513375 0.564254
-0.564254 -0.646578 0.513375
-0.601501 -0.707107 0.371748
-0.468430 -0.757935 0.453990
-0.757935 -0.453990 0.468430
-0.296005 -0.702310 0.647412
-0.346153 -0.783452 0.516122
-0.213023 -0.792649 0.571252
-0.783452 -0.516122 0.346153
-0.792649 -0.571252 0.213023
-0.702310 -0.647412 0.296005
-0.571252 -0.213023 -0.792649
-0.516122 -0.346153 -0.783452
-0.647412 -0.296005 -0.702310
-0.707107 -0.371748 -0.601501
-0.453990 -0.468430 -0.757935
-0.646578 -0.513375 -0.564254
-0.757935 -0.453990 -0.468430
-0.513375 -0.564254 -0.646578
-0.564254 -0.646578 -0.513375
-0.468430 -0.757935 -0.453990
-0.601501 -0.707107 -0.371748
-0.371748 -0.601501 -0.707107
-0.783452 -0.516122 -0.346153
-0.702310 -0.647412 -0.296005
-0.792649 -0.571252 -0.213023
-0.296005 -0.702310 -0.647412
-0.213023 -0.792649 -0.571252
-0.346153 -0.783452 -0.516122
0.506298 0.065758 0.859848
0.445365 0.065817 0.892927
0.465658 0.000000 0.884965
0.422364 0.131749 0.896801
0.381722 0.065988 0.921919
0.316778 0.066042 0.946198
0.339123 0.000000 0.940742
0.460267 0.196015 0.865871
0.397351 0.196412 0.896401
0.289929 0.132570 0.947822
0.247326 0.066567 0.966643
0.330607 0.198387 0.922682
0.261550 0.199094 0.944433
0.232455 0.264151 0.936050
0.191780 0.198337 0.961188
0.368518 0.262661 0.891742
0.179596 0.066604 0.981483
0.206103 0.000000 0.978530
0.151549 0.133256 0.979426
0.110385 0.066709 0.991648
0.041248 0.066741 0.996917
0.069142 0.000000 0.997607
0.122729 0.198580 0.972370
0.405434 0.322525 0.855337
0.339209 0.324864 0.882837
0.307659 0.385906 0.869725
0.270627 0.325929 0.905832
0.201189 0.325530 0.923880
0.342848 0.442867 0.828447
0.274694 0.444464 0.852640
0.000000 0.133523 0.991046
-0.041248 0.066741 0.996917
0.041251 0.200368 0.978852
-0.041251 0.200368 0.978852
-0.081501 0.265518 0.960655
-0.122729 0.198580 0.972370
0.081501 0.265518 0.960655
-0.041302 0.334140 0.941618
-0.122800 0.332342 0.935130
0.041302 0.334140 0.941618
0.000000 0.400968 0.916092
0.041299 0.464213 0.884760
-0.041299 0.464213 0.884760
0.122800 0.332342 0.935130
-0.161006 0.394136 0.904839
-0.201189 0.325530 0.923880
-0.119755 0.460882 0.879344
-0.198227 0.454262 0.868535
-0.233445 0.511205 0.827147
-0.274694 0.444464 0.852640
-0.078459 0.524110 0.848029
0.161006 0.394136 0.904839
0.198227 0.454262 0.868535
0.119755 0.460882 0.879344
0.078459 0.524110 0.848029
0.233445 0.511205 0.827147
-0.110385 0.066709 0.991648
-0.069142 0.000000 0.997607
-0.151549 0.133256 0.979426
-0.179596 0.066604 0.981483
-0.247326 0.066567 0.966643
-0.206103 0.000000 0.978530
-0.191780 0.198337 0.961188
-0.289929 0.132570 0.947822
-0.316778 0.066042 0.946198
-0.261550 0.199094 0.944433
-0.330607 0.198387 0.922682
-0.368518 0.262661 0.891742
-0.397351 0.196412 0.896401
-0.232455 0.264151 0.936050
-0.381722 0.065988 0.921919
-0.339123 0.000000 0.940742
-0.422364 0.131749 0.896801
-0.445365 0.065817 0.892927
-0.506298 0.065758 0.859848
-0.465658 0.000000 0.884965
-0.460267 0.196015 0.865871
-0.270627 0.325929 0.905832
-0.307659 0.385906 0.869725
-0.339209 0.324864 0.882837
-0.405434 0.322525 0.855337
-0.342848 0.442867 0.828447
0.273707 0.554740 0.785715
0.197274 0.564513 0.801504
0.159613 0.615456 0.771841
0.119078 0.571140 0.812169
0.040675 0.574458 0.817523
0.199331 0.656006 0.727958
0.121193 0.662842 0.738886
0.000000 0.622292 0.782786
-0.040675 0.574458 0.817523
0.040677 0.667502 0.743496
-0.040677 0.667502 0.743496
-0.080573 0.708969 0.700622
-0.121193 0.662842 0.738886
0.080573 0.708969 0.700622
-0.119078 0.571140 0.812169
-0.159613 0.615456 0.771841
-0.197274 0.564513 0.801504
-0.273707 0.554740 0.785715
-0.199331 0.656006 0.727958
0.121144 0.744727 0.656282
0.040642 0.749387 0.660884
0.000000 0.786433 0.617676
-0.040642 0.749387 0.660884
-0.121144 0.744727 0.656282
0.040640 0.819207 0.572056
-0.040640 0.819207 0.572056
0.445365 -0.065817 0.892927
0.506298 -0.065758 0.859848
0.381722 -0.065988 0.921919
0.422364 -0.131749 0.896801
0.397351 -0.196412 0.896401
0.460267 -0.196015 0.865871
0.316778 -0.066042 0.946198
0.330607 -0.198387 0.922682
0.368518 -0.262661 0.891742
0.289929 -0.132570 0.947822
0.261550 -0.199094 0.944433
0.191780 -0.198337 0.961188
0.232455 -0.264151 0.936050
0.247326 -0.066567 0.966643
0.339209 -0.324864 0.882837
0.405434 -0.322525 0.855337
0.270627 -0.325929 0.905832
0.307659 -0.385906 0.869725
0.274694 -0.444464 0.852640
0.342848 -0.442867 0.828447
0.201189 -0.325530 0.923880
0.179596 -0.066604 0.981483
0.110385 -0.066709 0.991648
0.151549 -0.133256 0.979426
0.122729 -0.198580 0.972370
0.041248 -0.066741 0.996917
0.198227 -0.454262 0.868535
0.233445 -0.511205 0.827147
0.161006 -0.394136 0.904839
0.119755 -0.460882 0.879344
0.041299 -0.464213 0.884760
0.078459 -0.524110 0.848029
0.122800 -0.332342 0.935130
0.000000 -0.400968 0.916092
-0.041299 -0.464213 0.884760
0.041302 -0.334140 0.941618
-0.041302 -0.334140 0.941618
-0.081501 -0.265518 0.960655
-0.122800 -0.332342 0.935130
0.081501 -0.265518 0.960655
-0.119755 -0.460882 0.879344
-0.078459 -0.524110 0.848029
-0.161006 -0.394136 0.904839
-0.198227 -0.454262 0.868535
-0.274694 -0.444464 0.852640
-0.233445 -0.511205 0.827147
-0.201189 -0.325530 0.923880
0.041251 -0.200368 0.978852
0.000000 -0.133523 0.991046
-0.041251 -0.200368 0.978852
-0.122729 -0.198580 0.972370
-0.041248 -0.066741 0.996917
0.197274 -0.564513 0.801504
0.273707 -0.554740 0.785715
0.119078 -0.571140 0.812169
0.159613 -0.615456 0.771841
0.121193 -0.662842 0.738886
0.199331 -0.656006 0.727958
0.040675 -0.574458 0.817523
0.040677 -0.667502 0.743496
0.080573 -0.708969 0.700622
0.000000 -0.622292 0.782786
-0.040677 -0.667502 0.743496
-0.121193 -0.662842 0.738886
-0.080573 -0.708969 0.700622
-0.040675 -0.574458 0.817523
0.040642 -0.749387 0.660884
0.121144 -0.744727 0.656282
-0.040642 -0.749387 0.660884
0.000000 -0.786433 0.617676
-0.040640 -0.819207 0.572056
0.040640 -0.819207 0.572056
-0.121144 -0.744727 0.656282
-0.119078 -0.571140 0.812169
-0.197274 -0.564513 0.801504
-0.159613 -0.615456 0.771841
-0.199331 -0.656006 0.727958
-0.273707 -0.554740 0.785715
-0.110385 -0.066709 0.991648
-0.179596 -0.066604 0.981483
-0.151549 -0.133256 0.979426
-0.191780 -0.198337 0.961188
-0.247326 -0.066567 0.966643
-0.261550 -0.199094 0.944433
-0.232455 -0.264151 0.936050
-0.289929 -0.132570 0.947822
-0.330607 -0.198387 0.922682
-0.397351 -0.196412 0.896401
-0.368518 -0.262661 0.891742
-0.316778 -0.066042 0.946198
-0.270627 -0.325929 0.905832
-0.339209 -0.324864 0.882837
-0.307659 -0.385906 0.869725
-0.342848 -0.442867 0.828447
-0.405434 -0.322525 0.855337
-0.381722 -0.065988 0.921919
-0.445365 -0.065817 0.892927
-0.422364 -0.131749 0.896801
-0.460267 -0.196015 0.865871
-0.506298 -0.065758 0.859848
0.465658 0.000000 -0.884965
0.445365 0.065817 -0.892927
0.506298 0.065758 -0.859848
0.381722 0.065988 -0.921919
0.422364 0.131749 -0.896801
0.397351 0.196412 -0.896401
0.460267 0.196015 -0.865871
0.339123 0.000000 -0.940742
0.316778 0.066042 -0.946198
0.330607 0.198387 -0.922682
0.368518 0.262661 -0.891742
0.289929 0.132570 -0.947822
0.261550 0.199094 -0.944433
0.191780 0.198337 -0.961188
0.232455 0.264151 -0.936050
0.247326 0.066567 -0.966643
0.339209 0.324864 -0.882837
0.405434 0.322525 -0.855337
0.270627 0.325929 -0.905832
0.307659 0.385906 -0.869725
0.274694 0.444464 -0.852640
0.342848 0.442867 -0.828447
0.201189 0.325530 -0.923880
0.206103 0.000000 -0.978530
0.179596 0.066604 -0.981483
0.110385 0.066709 -0.991648
0.151549 0.133256 -0.979426
0.122729 0.198580 -0.972370
0.069142 0.000000 -0.997607
0.041248 0.066741 -0.996917
0.198227 0.454262 -0.868535
0.233445 0.511205 -0.827147
0.161006 0.394136 -0.904839
0.119755 0.460882 -0.879344
0.041299 0.464213 -0.884760
0.078459 0.524110 -0.848029
0.122800 0.332342 -0.935130
0.000000 0.400968 -0.916092
-0.041299 0.464213 -0.884760
0.041302 0.334140 -0.941618
-0.041302 0.334140 -0.941618
-0.081501 0.265518 -0.960655
-0.122800 0.332342 -0.935130
0.081501 0.265518 -0.960655
-0.119755 0.460882 -0.879344
-0.078459 0.524110 -0.848029
-0.161006 0.394136 -0.904839
-0.198227 0.454262 -0.868535
-0.274694 0.444464 -0.852640
-0.233445 0.511205 -0.827147
-0.201189 0.325530 -0.923880
0.041251 0.200368 -0.978852
0.000000 0.133523 -0.991046
-0.041251 0.200368 -0.978852
-0.122729 0.198580 -0.972370
-0.041248 0.066741 -0.996917
0.197274 0.564513 -0.801504
0.273707 0.554740 -0.785715
0.119078 0.571140 -0.812169
0.159613 0.615456 -0.771841
0.121193 0.662842 -0.738886
0.199331 0.656006 -0.727958
0.040675 0.574458 -0.817523
0.040677 0.667502 -0.743496
0.080573 0.708969 -0.700622
0.000000 0.622292 -0.782786
-0.040677 0.667502 -0.743496
-0.121193 0.662842 -0.738886
-0.080573 0.708969 -0.700622
-0.040675 0.574458 -0.817523
0.040642 0.749387 -0.660884
0.121144 0.744727 -0.656282
-0.040642 0.749387 -0.660884
0.000000 0.786433 -0.617676
-0.040640 0.819207 -0.572056
0.040640 0.819207 -0.572056
-0.121144 0.744727 -0.656282
-0.119078 0.571140 -0.812169
-0.197274 0.564513 -0.801504
-0.159613 0.615456 -0.771841
-0.199331 0.656006 -0.727958
-0.273707 0.554740 -0.785715
-0.069142 0.000000 -0.997607
-0.110385 0.066709 -0.991648
-0.179596 0.066604 -0.981483
-0.151549 0.133256 -0.979426
-0.191780 0.198337 -0.961188
-0.206103 0.000000 -0.978530
-0.247326 0.066567 -0.966643
-0.261550 0.199094 -0.944433
-0.232455 0.264151 -0.936050
-0.289929 0.132570 -0.947822
-0.330607 0.198387 -0.922682
-0.397351 0.196412 -0.896401
-0.368518 0.262661 -0.891742
-0.316778 0.066042 -0.946198
-0.270627 0.325929 -0.905832
-0.339209 0.324864 -0.882837
-0.307659 0.385906 -0.869725
-0.342848 0.442867 -0.828447
-0.405434 0.322525 -0.855337
-0.339123 0.000000 -0.940742
-0.381722 0.065988 -0.921919
-0.445365 0.065817 -0.892927
-0.422364 0.131749 -0.896801
-0.460267 0.196015 -0.865871
-0.465658 0.000000 -0.884965
-0.506298 0.065758 -0.859848
0.506298 -0.065758 -0.859848
0.445365 -0.065817 -0.892927
0.422364 -0.131749 -0.896801
0.381722 -0.065988 -0.921919
0.316778 -0.066042 -0.946198
0.460267 -0.196015 -0.865871
0.397351 -0.196412 -0.896401
0.289929 -0.132570 -0.947822
0.247326 -0.066567 -0.966643
0.330607 -0.198387 -0.922682
0.261550 -0.199094 -0.944433
0.232455 -0.264151 -0.936050
0.191780 -0.198337 -0.961188
0.368518 -0.262661 -0.891742
0.179596 -0.066604 -0.981483
0.151549 -0.133256 -0.979426
0.110385 -0.066709 -0.991648
0.041248 -0.066741 -0.996917
0.122729 -0.198580 -0.972370
0.405434 -0.322525 -0.855337
0.339209 -0.324864 -0.882837
0.307659 -0.385906 -0.869725
0.270627 -0.325929 -0.905832
0.201189 -0.325530 -0.923880
0.342848 -0.442867 -0.828447
0.274694 -0.444464 -0.852640
0.000000 -0.133523 -0.991046
-0.041248 -0.066741 -0.996917
0.041251 -0.200368 -0.978852
-0.041251 -0.200368 -0.978852
-0.081501 -0.265518 -0.960655
-0.122729 -0.198580 -0.972370
0.081501 -0.265518 -0.960655
-0.041302 -0.334140 -0.941618
-0.122800 -0.332342 -0.935130
0.041302 -0.334140 -0.941618
0.000000 -0.400968 -0.916092
0.041299 -0.464213 -0.884760
-0.041299 -0.464213 -0.884760
0.122800 -0.332342 -0.935130
-0.161006 -0.394136 -0.904839
-0.201189 -0.325530 -0.923880
-0.119755 -0.460882 -0.879344
-0.198227 -0.454262 -0.868535
-0.233445 -0.511205 -0.827147
-0.274694 -0.444464 -0.852640
-0.078459 -0.524110 -0.848029
0.161006 -0.394136 -0.904839
0.198227 -0.454262 -0.868535
0.119755 -0.460882 -0.879344
0.078459 -0.524110 -0.848029
0.233445 -0.511205 -0.827147
-0.110385 -0.066709 -0.991648
-0.151549 -0.133256 -0.979426
-0.179596 -0.066604 -0.981483
-0.247326 -0.066567 -0.966643
-0.191780 -0.198337 -0.961188
-0.289929 -0.132570 -0.947822
-0.316778 -0.066042 -0.946198
-0.261550 -0.199094 -0.944433
-0.330607 -0.198387 -0.922682
-0.368518 -0.262661 -0.891742
-0.397351 -0.196412 -0.896401
-0.232455 -0.264151 -0.936050
-0.381722 -0.065988 -0.921919
-0.422364 -0.131749 -0.896801
-0.445365 -0.065817 -0.892927
-0.506298 -0.065758 -0.859848
-0.460267 -0.196015 -0.865871
-0.270627 -0.325929 -0.905832
-0.307659 -0.385906 -0.869725
-0.339209 -0.324864 -0.882837
-0.405434 -0.322525 -0.855337
-0.342848 -0.442867 -0.828447
0.273707 -0.554740 -0.785715
0.197274 -0.564513 -0.801504
0.159613 -0.615456 -0.771841
0.119078 -0.571140 -0.812169
0.040675 -0.574458 -0.817523
0.199331 -0.656006 -0.727958
0.121193 -0.662842 -0.738886
0.000000 -0.622292 -0.782786
-0.040675 -0.574458 -0.817523
0.040677 -0.667502 -0.743496
-0.040677 -0.667502 -0.743496
-0.080573 -0.708969 -0.700622
-0.121193 -0.662842 -0.738886
0.080573 -0.708969 -0.700622
-0.119078 -0.571140 -0.812169
-0.159613 -0.615456 -0.771841
-0.197274 -0.564513 -0.801504
-0.273707 -0.554740 -0.785715
-0.199331 -0.656006 -0.727958
0.121144 -0.744727 -0.656282
0.040642 -0.749387 -0.660884
0.000000 -0.786433 -0.617676
-0.040642 -0.749387 -0.660884
-0.121144 -0.744727 -0.656282
0.040640 -0.819207 -0.572056
-0.040640 -0.819207 -0.572056
0.859848 0.506298 0.065758
0.892927 0.445365 0.065817
0.884965 0.465658 0.000000
0.896801 0.422364 0.131749
0.921919 0.381722 0.065988
0.946198 0.316778 0.066042
0.940742 0.339123 0.000000
0.865871 0.460267 0.196015
0.896401 0.397351 0.196412
0.947822 0.289929 0.132570
0.966643 0.247326 0.066567
0.922682 0.330607 0.198387
0.944433 0.261550 0.199094
0.936050 0.232455 0.264151
0.961188 0.191780 0.198337
0.891742 0.368518 0.262661
0.981483 0.179596 0.066604
0.978530 0.206103 0.000000
0.979426 0.151549 0.133256
0.991648 0.110385 0.066709
0.996917 0.041248 0.066741
0.997607 0.069142 0.000000
0.972370 0.122729 0.198580
0.855337 0.405434 0.322525
0.882837 0.339209 0.324864
0.869725 0.307659 0.385906
0.905832 0.270627 0.325929
0.923880 0.201189 0.325530
0.828447 0.342848 0.442867
0.852640 0.274694 0.444464
0.991046 0.000000 0.133523
0.996917 -0.041248 0.066741
0.978852 0.041251 0.200368
0.978852 -0.041251 0.200368
0.960655 -0.081501 0.265518
0.972370 -0.122729 0.198580
0.960655 0.081501 0.265518
0.941618 -0.041302 0.334140
0.935130 -0.122800 0.332342
0.941618 0.041302 0.334140
0.916092 0.000000 0.400968
0.884760 0.041299 0.464213
0.884760 -0.041299 0.464213
0.935130 0.122800 0.332342
0.904839 -0.161006 0.394136
0.923880 -0.201189 0.325530
0.879344 -0.119755 0.460882
0.868535 -0.198227 0.454262
0.827147 -0.233445 0.511205
0.852640 -0.274694 0.444464
0.848029 -0.078459 0.524110
0.904839 0.161006 0.394136
0.868535 0.198227 0.454262
0.879344 0.119755 0.460882
0.848029 0.078459 0.524110
0.827147 0.233445 0.511205
0.991648 -0.110385 0.066709
0.997607 -0.069142 0.000000
0.979426 -0.151549 0.133256
0.981483 -0.179596 0.066604
0.966643 -0.247326 0.066567
0.978530 -0.206103 0.000000
0.961188 -0.191780 0.198337
0.947822 -0.289929 0.132570
0.946198 -0.316778 0.066042
0.944433 -0.261550 0.199094
0.922682 -0.330607 0.198387
0.891742 -0.368518 0.262661
0.896401 -0.397351 0.196412
0.936050 -0.232455 0.264151
0.921919 -0.381722 0.065988
0.940742 -0.339123 0.000000
0.896801 -0.422364 0.131749
0.892927 -0.445365 0.065817
0.859848 -0.506298 0.065758
0.884965 -0.465658 0.000000
0.865871 -0.460267 0.196015
0.905832 -0.270627 0.325929
0.869725 -0.307659 0.385906
0.882837 -0.339209 0.324864
0.855337 -0.405434 0.322525
0.828447 -0.342848 0.442867
0.785715 0.273707 0.554740
0.801504 0.197274 0.564513
0.771841 0.159613 0.615456
0.812169 0.119078 0.571140
0.817523 0.040675 0.574458
0.727958 0.199331 0.656006
0.738886 0.121193 0.662842
0.782786 0.000000 0.622292
0.817523 -0.040675 0.574458
0.743496 0.040677 0.667502
0.743496 -0.040677 0.667502
0.700622 -0.080573 0.708969
0.738886 -0.121193 0.662842
0.700622 0.080573 0.708969
0.812169 -0.119078 0.571140
0.771841 -0.159613 0.615456
0.801504 -0.197274 0.564513
0.785715 -0.273707 0.554740
0.727958 -0.199331 0.656006
0.656282 0.121144 0.744727
0.660884 0.040642 0.749387
0.617676 0.000000 0.786433
0.660884 -0.040642 0.749387
0.656282 -0.121144 0.744727
0.572056 0.040640 0.819207
0.572056 -0.040640 0.819207
0.892927 0.445365 -0.065817
0.859848 0.506298 -0.065758
0.921919 0.381722 -0.065988
0.896801 0.422364 -0.131749
0.896401 0.397351 -0.196412
0.865871 0.460267 -0.196015
0.946198 0.316778 -0.066042
0.922682 0.330607 -0.198387
0.891742 0.368518 -0.262661
0.947822 0.289929 -0.132570
0.944433 0.261550 -0.199094
0.961188 0.191780 -0.198337
0.936050 0.232455 -0.264151
0.966643 0.247326 -0.066567
0.882837 0.339209 -0.324864
0.855337 0.405434 -0.322525
0.905832 0.270627 -0.325929
0.869725 0.307659 -0.385906
0.852640 0.274694 -0.444464
0.828447 0.342848 -0.442867
0.923880 0.201189 -0.325530
0.981483 0.179596 -0.066604
0.991648 0.110385 -0.066709
0.979426 0.151549 -0.133256
0.972370 0.122729 -0.198580
0.996917 0.041248 -0.066741
0.868535 0.198227 -0.454262
0.827147 0.233445 -0.511205
0.904839 0.161006 -0.394136
0.879344 0.119755 -0.460882
0.884760 0.041299 -0.464213
0.848029 0.078459 -0.524110
0.935130 0.122800 -0.332342
0.916092 0.000000 -0.400968
0.884760 -0.041299 -0.464213
0.941618 0.041302 -0.334140
0.941618 -0.041302 -0.334140
0.960655 -0.081501 -0.265518
0.935130 -0.122800 -0.332342
0.960655 0.081501 -0.265518
0.879344 -0.119755 -0.460882
0.848029 -0.078459 -0.524110
0.904839 -0.161006 -0.394136
0.868535 -0.198227 -0.454262
0.852640 -0.274694 -0.444464
0.827147 -0.233445 -0.511205
0.923880 -0.201189 -0.325530
0.978852 0.041251 -0.200368
0.991046 0.000000 -0.133523
0.978852 -0.041251 -0.200368
0.972370 -0.122729 -0.198580
0.996917 -0.041248 -0.066741
0.801504 0.197274 -0.564513
0.785715 0.273707 -0.554740
0.812169 0.119078 -0.571140
0.771841 0.159613 -0.615456
0.738886 0.121193 -0.662842
0.727958 0.199331 -0.656006
0.817523 0.040675 -0.574458
0.743496 0.040677 -0.667502
0.700622 0.080573 -0.708969
0.782786 0.000000 -0.622292
0.743496 -0.040677 -0.667502
0.738886 -0.121193 -0.662842
0.700622 -0.080573 -0.708969
0.817523 -0.040675 -0.574458
0.660884 0.040642 -0.749387
0.656282 0.121144 -0.744727
0.660884 -0.040642 -0.749387
0.617676 0.000000 -0.786433
0.572056 -0.040640 -0.819207
0.572056 0.040640 -0.819207
0.656282 -0.121144 -0.744727
0.812169 -0.119078 -0.571140
0.801504 -0.197274 -0.564513
0.771841 -0.159613 -0.615456
0.727958 -0.199331 -0.656006
0.785715 -0.273707 -0.554740
0.991648 -0.110385 -0.066709
0.981483 -0.179596 -0.066604
0.979426 -0.151549 -0.133256
0.961188 -0.191780 -0.198337
0.966643 -0.247326 -0.066567
0.944433 -0.261550 -0.199094
0.936050 -0.232455 -0.264151
0.947822 -0.289929 -0.132570
0.922682 -0.330607 -0.198387
0.896401 -0.397351 -0.196412
0.891742 -0.368518 -0.262661
0.946198 -0.316778 -0.066042
0.905832 -0.270627 -0.325929
0.882837 -0.339209 -0.324864
0.869725 -0.307659 -0.385906
0.828447 -0.342848 -0.442867
0.855337 -0.405434 -0.322525
0.921919 -0.381722 -0.065988
0.892927 -0.445365 -0.065817
0.896801 -0.422364 -0.131749
0.865871 -0.460267 -0.196015
0.859848 -0.506298 -0.065758
-0.859848 -0.506298 0.065758
-0.892927 -0.445365 0.065817
-0.884965 -0.465658 0.000000
-0.896801 -0.422364 0.131749
-0.921919 -0.381722 0.065988
-0.946198 -0.316778 0.066042
-0.940742 -0.339123 0.000000
-0.865871 -0.460267 0.196015
-0.896401 -0.397351 0.196412
-0.947822 -0.289929 0.132570
-0.966643 -0.247326 0.066567
-0.922682 -0.330607 0.198387
-0.944433 -0.261550 0.199094
-0.936050 -0.232455 0.264151
-0.961188 -0.191780 0.198337
-0.891742 -0.368518 0.262661
-0.981483 -0.179596 0.066604
-0.978530 -0.206103 0.000000
-0.979426 -0.151549 0.133256
-0.991648 -0.110385 0.066709
-0.996917 -0.041248 0.066741
-0.997607 -0.069142 0.000000
-0.972370 -0.122729 0.198580
-0.855337 -0.405434 0.322525
-0.882837 -0.339209 0.324864
-0.869725 -0.307659 0.385906
-0.905832 -0.270627 0.325929
-0.923880 -0.201189 0.325530
-0.828447 -0.342848 0.442867
-0.852640 -0.274694 0.444464
-0.991046 0.000000 0.133523
-0.996917 0.041248 0.066741
-0.978852 -0.041251 0.200368
-0.978852 0.041251 0.200368
-0.960655 0.081501 0.265518
-0.972370 0.122729 0.198580
-0.960655 -0.081501 0.265518
-0.941618 0.041302 0.334140
-0.935130 0.122800 0.332342
-0.941618 -0.041302 0.334140
-0.916092 0.000000 0.400968
-0.884760 -0.041299 0.464213
-0.884760 0.041299 0.464213
-0.935130 -0.122800 0.332342
-0.904839 0.161006 0.394136
-0.923880 0.201189 0.325530
-0.879344 0.119755 0.460882
-0.868535 0.198227 0.454262
-0.827147 0.233445 0.511205
-0.852640 0.274694 0.444464
-0.848029 0.078459 0.524110
-0.904839 -0.161006 0.394136
-0.868535 -0.198227 0.454262
-0.879344 -0.119755 0.460882
-0.848029 -0.078459 0.524110
-0.827147 -0.233445 0.511205
-0.991648 0.110385 0.066709
-0.997607 0.069142 0.000000
-0.979426 0.151549 0.133256
-0.981483 0.179596 0.066604
-0.966643 0.247326 0.066567
-0.978530 0.206103 0.000000
-0.961188 0.191780 0.198337
-0.947822 0.289929 0.132570
-0.946198 0.316778 0.066042
-0.944433 0.261550 0.199094
-0.922682 0.330607 0.198387
-0.891742 0.368518 0.262661
-0.896401 0.397351 0.196412
-0.936050 0.232455 0.264151
-0.921919 0.381722 0.065988
-0.940742 0.339123 0.000000
-0.896801 0.422364 0.131749
-0.892927 0.445365 0.065817
-0.859848 0.506298 0.065758
-0.884965 0.465658 0.000000
-0.865871 0.460267 0.196015
-0.905832 0.270627 0.325929
-0.869725 0.307659 0.385906
-0.882837 0.339209 0.324864
-0.855337 0.405434 0.322525
-0.828447 0.342848 0.442867
-0.785715 -0.273707 0.554740
-0.801504 -0.197274 0.564513
-0.771841 -0.159613 0.615456
-0.812169 -0.119078 0.571140
-0.817523 -0.040675 0.574458
-0.727958 -0.199331 0.656006
-0.738886 -0.121193 0.662842
-0.782786 0.000000 0.622292
-0.817523 0.040675 0.574458
-0.743496 -0.040677 0.667502
-0.743496 0.040677 0.667502
-0.700622 0.080573 0.708969
-0.738886 0.121193 0.662842
-0.700622 -0.080573 0.708969
-0.812169 0.119078 0.571140
-0.771841 0.159613 0.615456
-0.801504 0.197274 0.564513
-0.785715 0.273707 0.554740
-0.727958 0.199331 0.656006
-0.656282 -0.121144 0.744727
-0.660884 -0.040642 0.749387
-0.617676 0.000000 0.786433
-0.660884 0.040642 0.749387
-0.656282 0.121144 0.744727
-0.572056 -0.040640 0.819207
-0.572056 0.040640 0.819207
-0.892927 -0.445365 -0.065817
-0.859848 -0.506298 -0.065758
-0.921919 -0.381722 -0.065988
-0.896801 -0.422364 -0.131749
-0.896401 -0.397351 -0.196412
-0.865871 -0.460267 -0.196015
-0.946198 -0.316778 -0.066042
-0.922682 -0.330607 -0.198387
-0.891742 -0.368518 -0.262661
-0.947822 -0.289929 -0.132570
-0.944433 -0.261550 -0.199094
-0.961188 -0.191780 -0.198337
-0.936050 -0.232455 -0.264151
-0.966643 -0.247326 -0.066567
-0.882837 -0.339209 -0.324864
-0.855337 -0.405434 -0.322525
-0.905832 -0.270627 -0.325929
-0.869725 -0.307659 -0.385906
-0.852640 -0.274694 -0.444464
-0.828447 -0.342848 -0.442867
-0.923880 -0.201189 -0.325530
-0.981483 -0.179596 -0.066604
-0.991648 -0.110385 -0.066709
-0.979426 -0.151549 -0.133256
-0.972370 -0.122729 -0.198580
-0.996917 -0.041248 -0.066741
-0.868535 -0.198227 -0.454262
-0.827147 -0.233445 -0.511205
-0.904839 -0.161006 -0.394136
-0.879344 -0.119755 -0.460882
-0.884760 -0.041299 -0.464213
-0.848029 -0.078459 -0.524110
-0.935130 -0.122800 -0.332342
-0.916092 0.000000 -0.400968
-0.884760 0.041299 -0.464213
-0.941618 -0.041302 -0.334140
-0.941618 0.041302 -0.334140
-0.960655 0.081501 -0.265518
-0.935130 0.122800 -0.332342
-0.960655 -0.081501 -0.265518
-0.879344 0.119755 -0.460882
-0.848029 0.078459 -0.524110
-0.904839 0.161006 -0.394136
-0.868535 0.198227 -0.454262
-0.852640 0.274694 -0.444464
-0.827147 0.233445 -0.511205
-0.923880 0.201189 -0.325530
-0.978852 -0.041251 -0.200368
-0.991046 0.000000 -0.133523
-0.978852 0.041251 -0.200368
-0.972370 0.122729 -0.198580
-0.996917 0.041248 -0.066741
-0.801504 -0.197274 -0.564513
-0.785715 -0.273707 -0.554740
-0.812169 -0.119078 -0.571140
-0.771841 -0.159613 -0.615456
-0.738886 -0.121193 -0.662842
-0.727958 -0.199331 -0.656006
-0.817523 -0.040675 -0.574458
-0.743496 -0.040677 -0.667502
-0.700622 -0.080573 -0.708969
-0.782786 0.000000 -0.622292
-0.743496 0.040677 -0.667502
-0.738886 0.121193 -0.662842
-0.700622 0.080573 -0.708969
-0.817523 0.040675 -0.574458
-0.660884 -0.040642 -0.749387
-0.656282 -0.121144 -0.744727
-0.660884 0.040642 -0.749387
-0.617676 0.000000 -0.786433
-0.572056 0.040640 -0.819207
-0.572056 -0.040640 -0.819207
-0.656282 0.121144 -0.744727
-0.812169 0.119078 -0.571140
-0.801504 0.197274 -0.564513
-0.771841 0.159613 -0.615456
-0.727958 0.199331 -0.656006
-0.785715 0.273707 -0.554740
-0.991648 0.110385 -0.066709
-0.981483 0.179596 -0.066604
-0.979426 0.151549 -0.133256
-0.961188 0.191780 -0.198337
-0.966643 0.247326 -0.066567
-0.944433 0.261550 -0.199094
-0.936050 0.232455 -0.264151
-0.947822 0.289929 -0.132570
-0.922682 0.330607 -0.198387
-0.896401 0.397351 -0.196412
-0.891742 0.368518 -0.262661
-0.946198 0.316778 -0.066042
-0.905832 0.270627 -0.325929
-0.882837 0.339209 -0.324864
-0.869725 0.307659 -0.385906
-0.828447 0.342848 -0.442867
-0.855337 0.405434 -0.322525
-0.921919 0.381722 -0.065988
-0.892927 0.445365 -0.065817
-0.896801 0.422364 -0.131749
-0.865871 0.460267 -0.196015
-0.859848 0.506298 -0.065758
0.065758 0.859848 0.506298
0.065817 0.892927 0.445365
0.000000 0.884965 0.465658
0.131749 0.896801 0.422364
0.065988 0.921919 0.381722
0.066042 0.946198 0.316778
0.000000 0.940742 0.339123
0.196015 0.865871 0.460267
0.196412 0.896401 0.397351
0.132570 0.947822 0.289929
0.066567 0.966643 0.247326
0.198387 0.922682 0.330607
0.199094 0.944433 0.261550
0.264151 0.936050 0.232455
0.198337 0.961188 0.191780
0.262661 0.891742 0.368518
0.066604 0.981483 0.179596
0.000000 0.978530 0.206103
0.133256 0.979426 0.151549
0.066709 0.991648 0.110385
0.066741 0.996917 0.041248
0.000000 0.997607 0.069142
0.198580 0.972370 0.122729
0.322525 0.855337 0.405434
0.324864 0.882837 0.339209
0.385906 0.869725 0.307659
0.325929 0.905832 0.270627
0.325530 0.923879 0.201189
0.442867 0.828447 0.342848
0.444464 0.852640 0.274694
0.133523 0.991046 0.000000
0.066741 0.996917 -0.041248
0.200368 0.978852 0.041251
0.200368 0.978852 -0.041251
0.265518 0.960655 -0.081501
0.198580 0.972370 -0.122729
0.265518 0.960655 0.081501
0.334140 0.941618 -0.041302
0.332342 0.935130 -0.122800
0.334140 0.941618 0.041302
0.400968 0.916092 0.000000
0.464213 0.884760 0.041299
0.464213 0.884760 -0.041299
0.332342 0.935130 0.122800
0.394136 0.904839 -0.161006
0.325530 0.923879 -0.201189
0.460882 0.879344 -0.119755
0.454262 0.868535 -0.198227
0.511205 0.827147 -0.233445
0.444464 0.852640 -0.274694
0.524110 0.848029 -0.078459
0.394136 0.904839 0.161006
0.454262 0.868535 0.198227
0.460882 0.879344 0.119755
0.524110 0.848029 0.078459
0.511205 0.827147 0.233445
0.066709 0.991648 -0.110385
0.000000 0.997607 -0.069142
0.133256 0.979426 -0.151549
0.066604 0.981483 -0.179596
0.066567 0.966643 -0.247326
0.000000 0.978530 -0.206103
0.198337 0.961188 -0.191780
0.132570 0.947822 -0.289929
0.066042 0.946198 -0.316778
0.199094 0.944433 -0.261550
0.198387 0.922682 -0.330607
0.262661 0.891742 -0.368518
0.196412 0.896401 -0.397351
0.264151 0.936050 -0.232455
0.065988 0.921919 -0.381722
0.000000 0.940742 -0.339123
0.131749 0.896801 -0.422364
0.065817 0.892927 -0.445365
0.065758 0.859848 -0.506298
0.000000 0.884965 -0.465658
0.196015 0.865871 -0.460267
0.325929 0.905832 -0.270627
0.385906 0.869725 -0.307659
0.324864 0.882837 -0.339209
0.322525 0.855337 -0.405434
0.442867 0.828447 -0.342848
0.554740 0.785715 0.273707
0.564513 0.801504 0.197274
0.615456 0.771841 0.159613
0.571140 0.812169 0.119078
0.574458 0.817523 0.040675
0.656006 0.727959 0.199331
0.662842 0.738886 0.121193
0.622292 0.782786 0.000000
0.574458 0.817523 -0.040675
0.667502 0.743496 0.040677
0.667502 0.743496 -0.040677
0.708969 0.700622 -0.080573
0.662842 0.738886 -0.121193
0.708969 0.700622 0.080573
0.571140 0.812169 -0.119078
0.615456 0.771841 -0.159613
0.564513 0.801504 -0.197274
0.554740 0.785715 -0.273707
0.656006 0.727959 -0.199331
0.744727 0.656282 0.121144
0.749387 0.660884 0.040642
0.786433 0.617676 0.000000
0.749387 0.660884 -0.040642
0.744727 0.656282 -0.121144
0.819207 0.572056 0.040640
0.819207 0.572056 -0.040640
-0.065817 0.892927 0.445365
-0.065758 0.859848 0.506298
-0.065988 0.921919 0.381722
-0.131749 0.896801 0.422364
-0.196412 0.896401 0.397351
-0.196015 0.865871 0.460267
-0.066042 0.946198 0.316778
-0.198387 0.922682 0.330607
-0.262661 0.891742 0.368518
-0.132570 0.947822 0.289929
-0.199094 0.944433 0.261550
-0.198337 0.961188 0.191780
-0.264151 0.936050 0.232455
-0.066567 0.966643 0.247326
-0.324864 0.882837 0.339209
-0.322525 0.855337 0.405434
-0.325929 0.905832 0.270627
-0.385906 0.869725 0.307659
-0.444464 0.852640 0.274694
-0.442867 0.828447 0.342848
-0.325530 0.923879 0.201189
-0.066604 0.981483 0.179596
-0.066709 0.991648 0.110385
-0.133256 0.979426 0.151549
-0.198580 0.972370 0.122729
-0.066741 0.996917 0.041248
-0.454262 0.868535 0.198227
-0.511205 0.827147 0.233445
-0.394136 0.904839 0.161006
-0.460882 0.879344 0.119755
-0.464213 0.884760 0.041299
-0.524110 0.848029 0.078459
-0.332342 0.935130 0.122800
-0.400968 0.916092 0.000000
-0.464213 0.884760 -0.041299
-0.334140 0.941618 0.041302
-0.334140 0.941618 -0.041302
-0.265518 0.960655 -0.081501
-0.332342 0.935130 -0.122800
-0.265518 0.960655 0.081501
-0.460882 0.879344 -0.119755
-0.524110 0.848029 -0.078459
-0.394136 0.904839 -0.161006
-0.454262 0.868535 -0.198227
-0.444464 0.852640 -0.274694
-0.511205 0.827147 -0.233445
-0.325530 0.923879 -0.201189
-0.200368 0.978852 0.041251
-0.133523 0.991046 0.000000
-0.200368 0.978852 -0.041251
-0.198580 0.972370 -0.122729
-0.066741 0.996917 -0.041248
-0.564513 0.801504 0.197274
-0.554740 0.785715 0.273707
-0.571140 0.812169 0.119078
-0.615456 0.771841 0.159613
-0.662842 0.738886 0.121193
-0.656006 0.727959 0.199331
-0.574458 0.817523 0.040675
-0.667502 0.743496 0.040677
-0.708969 0.700622 0.080573
-0.622292 0.782786 0.000000
-0.667502 0.743496 -0.040677
-0.662842 0.738886 -0.121193
-0.708969 0.700622 -0.080573
-0.574458 0.817523 -0.040675
-0.749387 0.660884 0.040642
-0.744727 0.656282 0.121144
-0.749387 0.660884 -0.040642
-0.786433 0.617676 0.000000
-0.819207 0.572056 -0.040640
-0.819207 0.572056 0.040640
-0.744727 0.656282 -0.121144
-0.571140 0.812169 -0.119078
-0.564513 0.801504 -0.197274
-0.615456 0.771841 -0.159613
-0.656006 0.727959 -0.199331
-0.554740 0.785715 -0.273707
-0.066709 0.991648 -0.110385
-0.066604 0.981483 -0.179596
-0.133256 0.979426 -0.151549
-0.198337 0.961188 -0.191780
-0.066567 0.966643 -0.247326
-0.199094 0.944433 -0.261550
-0.264151 0.936050 -0.232455
-0.132570 0.947822 -0.289929
-0.198387 0.922682 -0.330607
-0.196412 0.896401 -0.397351
-0.262661 0.891742 -0.368518
-0.066042 0.946198 -0.316778
-0.325929 0.905832 -0.270627
-0.324864 0.882837 -0.339209
-0.385906 0.869725 -0.307659
-0.442867 0.828447 -0.342848
-0.322525 0.855337 -0.405434
-0.065988 0.921919 -0.381722
-0.065817 0.892927 -0.445365
-0.131749 0.896801 -0.422364
-0.196015 0.865871 -0.460267
-0.065758 0.859848 -0.506298
0.000000 -0.884965 0.465658
0.065817 -0.892927 0.445365
0.065758 -0.859848 0.506298
0.065988 -0.921919 0.381722
0.131749 -0.896801 0.422364
0.196412 -0.896401 0.397351
0.196015 -0.865871 0.460267
0.000000 -0.940742 0.339123
0.066042 -0.946198 0.316778
0.198387 -0.922682 0.330607
0.262661 -0.891742 0.368518
0.132570 -0.947822 0.289929
0.199094 -0.944433 0.261550
0.198337 -0.961188 0.191780
0.264151 -0.936050 0.232455
0.066567 -0.966643 0.247326
0.324864 -0.882837 0.339209
0.322525 -0.855337 0.405434
0.325929 -0.905832 0.270627
0.385906 -0.869725 0.307659
0.444464 -0.852640 0.274694
0.442867 -0.828447 0.342848
0.325530 -0.923879 0.201189
0.000000 -0.978530 0.206103
0.066604 -0.981483 0.179596
0.066709 -0.991648 0.110385
0.133256 -0.979426 0.151549
0.198580 -0.972370 0.122729
0.000000 -0.997607 0.069142
0.066741 -0.996917 0.041248
0.454262 -0.868535 0.198227
0.511205 -0.827147 0.233445
0.394136 -0.904839 0.161006
0.460882 -0.879344 0.119755
0.464213 -0.884760 0.041299
0.524110 -0.848029 0.078459
0.332342 -0.935130 0.122800
0.400968 -0.916092 0.000000
0.464213 -0.884760 -0.041299
0.334140 -0.941618 0.041302
0.334140 -0.941618 -0.041302
0.265518 -0.960655 -0.081501
0.332342 -0.935130 -0.122800
0.265518 -0.960655 0.081501
0.460882 -0.879344 -0.119755
0.524110 -0.848029 -0.078459
0.394136 -0.904839 -0.161006
0.454262 -0.868535 -0.198227
0.444464 -0.852640 -0.274694
0.511205 -0.827147 -0.233445
0.325530 -0.923879 -0.201189
0.200368 -0.978852 0.041251
0.133523 -0.991046 0.000000
0.200368 -0.978852 -0.041251
0.198580 -0.972370 -0.122729
0.066741 -0.996917 -0.041248
0.564513 -0.801504 0.197274
0.554740 -0.785715 0.273707
0.571140 -0.812169 0.119078
0.615456 -0.771841 0.159613
0.662842 -0.738886 0.121193
0.656006 -0.727959 0.199331
0.574458 -0.817523 0.040675
0.667502 -0.743496 0.040677
0.708969 -0.700622 0.080573
0.622292 -0.782786 0.000000
0.667502 -0.743496 -0.040677
0.662842 -0.738886 -0.121193
0.708969 -0.700622 -0.080573
0.574458 -0.817523 -0.040675
0.749387 -0.660884 0.040642
0.744727 -0.656282 0.121144
0.749387 -0.660884 -0.040642
0.786433 -0.617676 0.000000
0.819207 -0.572056 -0.040640
0.819207 -0.572056 0.040640
0.744727 -0.656282 -0.121144
0.571140 -0.812169 -0.119078
0.564513 -0.801504 -0.197274
0.615456 -0.771841 -0.159613
0.656006 -0.727959 -0.199331
0.554740 -0.785715 -0.273707
0.000000 -0.997607 -0.069142
0.066709 -0.991648 -0.110385
0.066604 -0.981483 -0.179596
0.133256 -0.979426 -0.151549
0.198337 -0.961188 -0.191780
0.000000 -0.978530 -0.206103
0.066567 -0.966643 -0.247326
0.199094 -0.944433 -0.261550
0.264151 -0.936050 -0.232455
0.132570 -0.947822 -0.289929
0.198387 -0.922682 -0.330607
0.196412 -0.896401 -0.397351
0.262661 -0.891742 -0.368518
0.066042 -0.946198 -0.316778
0.325929 -0.905832 -0.270627
0.324864 -0.882837 -0.339209
0.385906 -0.869725 -0.307659
0.442867 -0.828447 -0.342848
0.322525 -0.855337 -0.405434
0.000000 -0.940742 -0.339123
0.065988 -0.921919 -0.381722
0.065817 -0.892927 -0.445365
0.131749 -0.896801 -0.422364
0.196015 -0.865871 -0.460267
0.000000 -0.884965 -0.465658
0.065758 -0.859848 -0.506298
-0.065758 -0.859848 0.506298
-0.065817 -0.892927 0.445365
-0.131749 -0.896801 0.422364
-0.065988 -0.921919 0.381722
-0.066042 -0.946198 0.316778
-0.196015 -0.865871 0.460267
-0.196412 -0.896401 0.397351
-0.132570 -0.947822 0.289929
-0.066567 -0.966643 0.247326
-0.198387 -0.922682 0.330607
-0.199094 -0.944433 0.261550
-0.264151 -0.936050 0.232455
-0.198337 -0.961188 0.191780
-0.262661 -0.891742 0.368518
-0.066604 -0.981483 0.179596
-0.133256 -0.979426 0.151549
-0.066709 -0.991648 0.110385
-0.066741 -0.996917 0.041248
-0.198580 -0.972370 0.122729
-0.322525 -0.855337 0.405434
-0.324864 -0.882837 0.339209
-0.385906 -0.869725 0.307659
-0.325929 -0.905832 0.270627
-0.325530 -0.923879 0.201189
-0.442867 -0.828447 0.342848
-0.444464 -0.852640 0.274694
-0.133523 -0.991046 0.000000
-0.066741 -0.996917 -0.041248
-0.200368 -0.978852 0.041251
-0.200368 -0.978852 -0.041251
-0.265518 -0.960655 -0.081501
-0.198580 -0.972370 -0.122729
-0.265518 -0.960655 0.081501
-0.334140 -0.941618 -0.041302
-0.332342 -0.935130 -0.122800
-0.334140 -0.941618 0.041302
-0.400968 -0.916092 0.000000
-0.464213 -0.884760 0.041299
-0.464213 -0.884760 -0.041299
-0.332342 -0.935130 0.122800
-0.394136 -0.904839 -0.161006
-0.325530 -0.923879 -0.201189
-0.460882 -0.879344 -0.119755
-0.454262 -0.868535 -0.198227
-0.511205 -0.827147 -0.233445
-0.444464 -0.852640 -0.274694
-0.524110 -0.848029 -0.078459
-0.394136 -0.904839 0.161006
-0.454262 -0.868535 0.198227
-0.460882 -0.879344 0.119755
-0.524110 -0.848029 0.078459
-0.511205 -0.827147 0.233445
-0.066709 -0.991648 -0.110385
-0.133256 -0.979426 -0.151549
-0.066604 -0.981483 -0.179596
-0.066567 -0.966643 -0.247326
-0.198337 -0.961188 -0.191780
-0.132570 -0.947822 -0.289929
-0.066042 -0.946198 -0.316778
-0.199094 -0.944433 -0.261550
-0.198387 -0.922682 -0.330607
-0.262661 -0.891742 -0.368518
-0.196412 -0.896401 -0.397351
-0.264151 -0.936050 -0.232455
-0.065988 -0.921919 -0.381722
-0.131749 -0.896801 -0.422364
-0.065817 -0.892927 -0.445365
-0.065758 -0.859848 -0.506298
-0.196015 -0.865871 -0.460267
-0.325929 -0.905832 -0.270627
-0.385906 -0.869725 -0.307659
-0.324864 -0.882837 -0.339209
-0.322525 -0.855337 -0.405434
-0.442867 -0.828447 -0.342848
-0.554740 -0.785715 0.273707
-0.564513 -0.801504 0.197274
-0.615456 -0.771841 0.159613
-0.571140 -0.812169 0.119078
-0.574458 -0.817523 0.040675
-0.656006 -0.727959 0.199331
-0.662842 -0.738886 0.121193
-0.622292 -0.782786 0.000000
-0.574458 -0.817523 -0.040675
-0.667502 -0.743496 0.040677
-0.667502 -0.743496 -0.040677
-0.708969 -0.700622 -0.080573
-0.662842 -0.738886 -0.121193
-0.708969 -0.700622 0.080573
-0.571140 -0.812169 -0.119078
-0.615456 -0.771841 -0.159613
-0.564513 -0.801504 -0.197274
-0.554740 -0.785715 -0.273707
-0.656006 -0.727959 -0.199331
-0.744727 -0.656282 0.121144
-0.749387 -0.660884 0.040642
-0.786433 -0.617676 0.000000
-0.749387 -0.660884 -0.040642
-0.744727 -0.656282 -0.121144
-0.819207 -0.572056 0.040640
-0.819207 -0.572056 -0.040640
0.106494 0.827110 0.551859
0.147414 0.790170 0.594895
0.172532 0.830812 0.529135
0.237229 0.830359 0.504209
0.187432 0.749786 0.634579
0.280319 0.790112 0.545109
0.303801 0.825175 0.476226
0.255180 0.749435 0.610926
0.322141 0.745339 0.583691
0.361592 0.697037 0.619186
0.386730 0.737712 0.553372
0.228900 0.703983 0.672319
0.366027 0.816233 0.446977
0.408286 0.772575 0.486240
0.427135 0.803016 0.415597
0.485712 0.785899 0.382683
0.448259 0.725299 0.522499
0.267381 0.656620 0.705236
0.305212 0.605742 0.734794
0.334692 0.653497 0.678913
0.399769 0.646840 0.649448
0.341435 0.552453 0.760406
0.536784 0.735011 0.414273
0.552454 0.760406 0.341435
0.517970 0.704471 0.485208
0.584716 0.678977 0.443957
0.628313 0.619242 0.470917
0.646840 0.649448 0.399769
0.496441 0.669612 0.552418
0.607478 0.581952 0.540650
0.669612 0.552418 0.496441
0.540650 0.607478 0.581952
0.581952 0.540650 0.607478
0.552418 0.496441 0.669612
0.619242 0.470917 0.628313
0.470917 0.628313 0.619242
0.704471 0.485208 0.517970
0.725299 0.522499 0.448259
0.678977 0.443957 0.584716
0.735011 0.414273 0.536784
0.760406 0.341435 0.552454
0.785899 0.382683 0.485712
0.649448 0.399769 0.646840
0.443957 0.584716 0.678977
0.414273 0.536784 0.735011
0.485208 0.517970 0.704471
0.522499 0.448259 0.725299
0.382683 0.485712 0.785899
0.605742 0.734794 0.305212
0.653497 0.678913 0.334692
0.656620 0.705236 0.267381
0.703983 0.672319 0.228900
0.697037 0.619186 0.361592
0.749435 0.610926 0.255180
0.749786 0.634579 0.187432
0.745339 0.583691 0.322141
0.790112 0.545109 0.280319
0.825175 0.476226 0.303801
0.830359 0.504209 0.237229
0.737712 0.553372 0.386730
0.790170 0.594895 0.147414
0.830812 0.529135 0.172532
0.827110 0.551859 0.106494
0.772575 0.486240 0.408286
0.803016 0.415597 0.427135
0.816233 0.446977 0.366027
0.415597 0.427135 0.803016
0.446977 0.366027 0.816233
0.486240 0.408286 0.772575
0.553372 0.386730 0.737712
0.476226 0.303801 0.825175
0.583691 0.322141 0.745339
0.619186 0.361592 0.697037
0.545109 0.280319 0.790112
0.610926 0.255180 0.749435
0.634579 0.187432 0.749786
0.672319 0.228900 0.703983
0.504209 0.237229 0.830359
0.678913 0.334692 0.653497
0.705236 0.267381 0.656620
0.734794 0.305212 0.605742
0.529135 0.172532 0.830812
0.551859 0.106494 0.827110
0.594895 0.147414 0.790170
0.106494 0.827110 -0.551859
0.172532 0.830812 -0.529135
0.147414 0.790170 -0.594895
0.187432 0.749786 -0.634579
0.237229 0.830359 -0.504209
0.255180 0.749435 -0.610926
0.228900 0.703983 -0.672319
0.280319 0.790112 -0.545109
0.322141 0.745339 -0.583691
0.386730 0.737712 -0.553372
0.361592 0.697037 -0.619186
0.303801 0.825175 -0.476226
0.267381 0.656620 -0.705236
0.334692 0.653497 -0.678913
0.305212 0.605742 -0.734794
0.341435 0.552453 -0.760406
0.399769 0.646840 -0.649448
0.366027 0.816233 -0.446977
0.427135 0.803016 -0.415597
0.408286 0.772575 -0.486240
0.448259 0.725299 -0.522499
0.485712 0.785899 -0.382683
0.414273 0.536784 -0.735011
0.382683 0.485712 -0.785899
0.443957 0.584716 -0.678977
0.485208 0.517970 -0.704471
0.552418 0.496441 -0.669612
0.522499 0.448259 -0.725299
0.470917 0.628313 -0.619242
0.581952 0.540650 -0.607478
0.619242 0.470917 -0.628313
0.540650 0.607478 -0.581952
0.607478 0.581952 -0.540650
0.628313 0.619242 -0.470917
0.669612 0.552418 -0.496441
0.496441 0.669612 -0.552418
0.678977 0.443957 -0.584716
0.649448 0.399769 -0.646840
0.704471 0.485208 -0.517970
0.735011 0.414273 -0.536784
0.785899 0.382683 -0.485712
0.760406 0.341435 -0.552454
0.725299 0.522499 -0.448259
0.517970 0.704471 -0.485208
0.536784 0.735011 -0.414273
0.584716 0.678977 -0.443957
0.646840 0.649448 -0.399769
0.552454 0.760406 -0.341435
0.415597 0.427135 -0.803016
0.486240 0.408286 -0.772575
0.446977 0.366027 -0.816233
0.476226 0.303801 -0.825175
0.553372 0.386730 -0.737712
0.545109 0.280319 -0.790112
0.504209 0.237229 -0.830359
0.583691 0.322141 -0.745339
0.610926 0.255180 -0.749435
0.672319 0.228900 -0.703983
0.634579 0.187432 -0.749786
0.619186 0.361592 -0.697037
0.529135 0.172532 -0.830812
0.594895 0.147414 -0.790170
0.551859 0.106494 -0.827110
0.678913 0.334692 -0.653497
0.734794 0.305212 -0.605742
0.705236 0.267381 -0.656620
0.605742 0.734794 -0.305212
0.656620 0.705236 -0.267381
0.653497 0.678913 -0.334692
0.697037 0.619186 -0.361592
0.703983 0.672319 -0.228900
0.745339 0.583691 -0.322141
0.737712 0.553372 -0.386730
0.749435 0.610926 -0.255180
0.790112 0.545109 -0.280319
0.830359 0.504209 -0.237229
0.825175 0.476226 -0.303801
0.749786 0.634579 -0.187432
0.772575 0.486240 -0.408286
0.816233 0.446977 -0.366027
0.803016 0.415597 -0.427135
0.790170 0.594895 -0.147414
0.827110 0.551859 -0.106494
0.830812 0.529135 -0.172532
0.551859 -0.106494 0.827110
0.529135 -0.172532 0.830812
0.594895 -0.147414 0.790170
0.634579 -0.187432 0.749786
0.504209 -0.237229 0.830359
0.610926 -0.255180 0.749435
0.672319 -0.228900 0.703983
0.545109 -0.280319 0.790112
0.583691 -0.322141 0.745339
0.553372 -0.386730 0.737712
0.619186 -0.361592 0.697037
0.476226 -0.303801 0.825175
0.705236 -0.267381 0.656620
0.678913 -0.334692 0.653497
0.734794 -0.305212 0.605742
0.760406 -0.341435 0.552454
0.649448 -0.399769 0.646840
0.446977 -0.366027 0.816233
0.415597 -0.427135 0.803016
0.486240 -0.408286 0.772575
0.522499 -0.448259 0.725299
0.382683 -0.485712 0.785899
0.735011 -0.414273 0.536784
0.785899 -0.382683 0.485712
0.678977 -0.443957 0.584716
0.704471 -0.485208 0.517970
0.669612 -0.552418 0.496441
0.725299 -0.522499 0.448259
0.619242 -0.470917 0.628313
0.607478 -0.581952 0.540650
0.628313 -0.619242 0.470917
0.581952 -0.540650 0.607478
0.540650 -0.607478 0.581952
0.470917 -0.628313 0.619242
0.496441 -0.669612 0.552418
0.552418 -0.496441 0.669612
0.584716 -0.678977 0.443957
0.646840 -0.649448 0.399769
0.517970 -0.704471 0.485208
0.536784 -0.735011 0.414273
0.485712 -0.785899 0.382683
0.552454 -0.760406 0.341435
0.448259 -0.725299 0.522499
0.485208 -0.517970 0.704471
0.414273 -0.536784 0.735011
0.443957 -0.584716 0.678977
0.399769 -0.646840 0.649448
0.341435 -0.552453 0.760406
0.803016 -0.415597 0.427135
0.772575 -0.486240 0.408286
0.816233 -0.446977 0.366027
0.825175 -0.476226 0.303801
0.737712 -0.553372 0.386730
0.790112 -0.545109 0.280319
0.830359 -0.504209 0.237229
0.745339 -0.583691 0.322141
0.749435 -0.610926 0.255180
0.703983 -0.672319 0.228900
0.749786 -0.634579 0.187432
0.697037 -0.619186 0.361592
0.830812 -0.529135 0.172532
0.790170 -0.594895 0.147414
0.827110 -0.551859 0.106494
0.653497 -0.678913 0.334692
0.605742 -0.734794 0.305212
0.656620 -0.705236 0.267381
0.305212 -0.605742 0.734794
0.267381 -0.656620 0.705236
0.334692 -0.653497 0.678913
0.361592 -0.697037 0.619186
0.228900 -0.703983 0.672319
0.322141 -0.745339 0.583691
0.386730 -0.737712 0.553372
0.255180 -0.749435 0.610926
0.280319 -0.790112 0.545109
0.237229 -0.830359 0.504209
0.303801 -0.825175 0.476226
0.187432 -0.749786 0.634579
0.408286 -0.772575 0.486240
0.366027 -0.816233 0.446977
0.427135 -0.803016 0.415597
0.147414 -0.790170 0.594895
0.106494 -0.827110 0.551859
0.172532 -0.830812 0.529135
0.551859 -0.106494 -0.827110
0.594895 -0.147414 -0.790170
0.529135 -0.172532 -0.830812
0.504209 -0.237229 -0.830359
0.634579 -0.187432 -0.749786
0.545109 -0.280319 -0.790112
0.476226 -0.303801 -0.825175
0.610926 -0.255180 -0.749435
0.583691 -0.322141 -0.745339
0.619186 -0.361592 -0.697037
0.553372 -0.386730 -0.737712
0.672319 -0.228900 -0.703983
0.446977 -0.366027 -0.816233
0.486240 -0.408286 -0.772575
0.415597 -0.427135 -0.803016
0.382683 -0.485712 -0.785899
0.522499 -0.448259 -0.725299
0.705236 -0.267381 -0.656620
0.734794 -0.305212 -0.605742
0.678913 -0.334692 -0.653497
0.649448 -0.399769 -0.646840
0.760406 -0.341435 -0.552454
0.414273 -0.536784 -0.735011
0.341435 -0.552453 -0.760406
0.485208 -0.517970 -0.704471
0.443957 -0.584716 -0.678977
0.470917 -0.628313 -0.619242
0.399769 -0.646840 -0.649448
0.552418 -0.496441 -0.669612
0.540650 -0.607478 -0.581952
0.496441 -0.669612 -0.552418
0.581952 -0.540650 -0.607478
0.607478 -0.581952 -0.540650
0.669612 -0.552418 -0.496441
0.628313 -0.619242 -0.470917
0.619242 -0.470917 -0.628313
0.517970 -0.704471 -0.485208
0.448259 -0.725299 -0.522499
0.584716 -0.678977 -0.443957
0.536784 -0.735011 -0.414273
0.552454 -0.760406 -0.341435
0.485712 -0.785899 -0.382683
0.646840 -0.649448 -0.399769
0.678977 -0.443957 -0.584716
0.735011 -0.414273 -0.536784
0.704471 -0.485208 -0.517970
0.725299 -0.522499 -0.448259
0.785899 -0.382683 -0.485712
0.305212 -0.605742 -0.734794
0.334692 -0.653497 -0.678913
0.267381 -0.656620 -0.705236
0.228900 -0.703983 -0.672319
0.361592 -0.697037 -0.619186
0.255180 -0.749435 -0.610926
0.187432 -0.749786 -0.634579
0.322141 -0.745339 -0.583691
0.280319 -0.790112 -0.545109
0.303801 -0.825175 -0.476226
0.237229 -0.830359 -0.504209
0.386730 -0.737712 -0.553372
0.147414 -0.790170 -0.594895
0.172532 -0.830812 -0.529135
0.106494 -0.827110 -0.551859
0.408286 -0.772575 -0.486240
0.427135 -0.803016 -0.415597
0.366027 -0.816233 -0.446977
0.803016 -0.415597 -0.427135
0.816233 -0.446977 -0.366027
0.772575 -0.486240 -0.408286
0.737712 -0.553372 -0.386730
0.825175 -0.476226 -0.303801
0.745339 -0.583691 -0.322141
0.697037 -0.619186 -0.361592
0.790112 -0.545109 -0.280319
0.749435 -0.610926 -0.255180
0.749786 -0.634579 -0.187432
0.703983 -0.672319 -0.228900
0.830359 -0.504209 -0.237229
0.653497 -0.678913 -0.334692
0.656620 -0.705236 -0.267381
0.605742 -0.734794 -0.305212
0.830812 -0.529135 -0.172532
0.827110 -0.551859 -0.106494
0.790170 -0.594895 -0.147414
-0.551859 0.106494 0.827110
-0.529135 0.172532 0.830812
-0.594895 0.147414 0.790170
-0.634579 0.187432 0.749786
-0.504209 0.237229 0.830359
-0.610926 0.255180 0.749435
-0.672319 0.228900 0.703983
-0.545109 0.280319 0.790112
-0.583691 0.322141 0.745339
-0.553372 0.386730 0.737712
-0.619186 0.361592 0.697037
-0.476226 0.303801 0.825175
-0.705236 0.267381 0.656620
-0.678913 0.334692 0.653497
-0.734794 0.305212 0.605742
-0.760406 0.341435 0.552454
-0.649448 0.399769 0.646840
-0.446977 0.366027 0.816233
-0.415597 0.427135 0.803016
-0.486240 0.408286 0.772575
-0.522499 0.448259 0.725299
-0.382683 0.485712 0.785899
-0.735011 0.414273 0.536784
-0.785899 0.382683 0.485712
-0.678977 0.443957 0.584716
-0.704471 0.485208 0.517970
-0.669612 0.552418 0.496441
-0.725299 0.522499 0.448259
-0.619242 0.470917 0.628313
-0.607478 0.581952 0.540650
-0.628313 0.619242 0.470917
-0.581952 0.540650 0.607478
-0.540650 0.607478 0.581952
-0.470917 0.628313 0.619242
-0.496441 0.669612 0.552418
-0.552418 0.496441 0.669612
-0.584716 0.678977 0.443957
-0.646840 0.649448 0.399769
-0.517970 0.704471 0.485208
-0.536784 0.735011 0.414273
-0.485712 0.785899 0.382683
-0.552454 0.760406 0.341435
-0.448259 0.725299 0.522499
-0.485208 0.517970 0.704471
-0.414273 0.536784 0.735011
-0.443957 0.584716 0.678977
-0.399769 0.646840 0.649448
-0.341435 0.552453 0.760406
-0.803016 0.415597 0.427135
-0.772575 0.486240 0.408286
-0.816233 0.446977 0.366027
-0.825175 0.476226 0.303801
-0.737712 0.553372 0.386730
-0.790112 0.545109 0.280319
-0.830359 0.504209 0.237229
-0.745339 0.583691 0.322141
-0.749435 0.610926 0.255180
-0.703983 0.672319 0.228900
-0.749786 0.634579 0.187432
-0.697037 0.619186 0.361592
-0.830812 0.529135 0.172532
-0.790170 0.594895 0.147414
-0.827110 0.551859 0.106494
-0.653497 0.678913 0.334692
-0.605742 0.734794 0.305212
-0.656620 0.705236 0.267381
-0.305212 0.605742 0.734794
-0.267381 0.656620 0.705236
-0.334692 0.653497 0.678913
-0.361592 0.697037 0.619186
-0.228900 0.703983 0.672319
-0.322141 0.745339 0.583691
-0.386730 0.737712 0.553372
-0.255180 0.749435 0.610926
-0.280319 0.790112 0.545109
-0.237229 0.830359 0.504209
-0.303801 0.825175 0.476226
-0.187432 0.749786 0.634579
-0.408286 0.772575 0.486240
-0.366027 0.816233 0.446977
-0.427135 0.803016 0.415597
-0.147414 0.790170 0.594895
-0.106494 0.827110 0.551859
-0.172532 0.830812 0.529135
-0.551859 0.106494 -0.827110
-0.594895 0.147414 -0.790170
-0.529135 0.172532 -0.830812
-0.504209 0.237229 -0.830359
-0.634579 0.187432 -0.749786
-0.545109 0.280319 -0.790112
-0.476226 0.303801 -0.825175
-0.610926 0.255180 -0.749435
-0.583691 0.322141 -0.745339
-0.619186 0.361592 -0.697037
-0.553372 0.386730 -0.737712
-0.672319 0.228900 -0.703983
-0.446977 0.366027 -0.816233
-0.486240 0.408286 -0.772575
-0.415597 0.427135 -0.803016
-0.382683 0.485712 -0.785899
-0.522499 0.448259 -0.725299
-0.705236 0.267381 -0.656620
-0.734794 0.305212 -0.605742
-0.678913 0.334692 -0.653497
-0.649448 0.399769 -0.646840
-0.760406 0.341435 -0.552454
-0.414273 0.536784 -0.735011
-0.341435 0.552453 -0.760406
-0.485208 0.517970 -0.704471
-0.443957 0.584716 -0.678977
-0.470917 0.628313 -0.619242
-0.399769 0.646840 -0.649448
-0.552418 0.496441 -0.669612
-0.540650 0.607478 -0.581952
-0.496441 0.669612 -0.552418
-0.581952 0.540650 -0.607478
-0.607478 0.581952 -0.540650
-0.669612 0.552418 -0.496441
-0.628313 0.619242 -0.470917
-0.619242 0.470917 -0.628313
-0.517970 0.704471 -0.485208
-0.448259 0.725299 -0.522499
-0.584716 0.678977 -0.443957
-0.536784 0.735011 -0.414273
-0.552454 0.760406 -0.341435
-0.485712 0.785899 -0.382683
-0.646840 0.649448 -0.399769
-0.678977 0.443957 -0.584716
-0.735011 0.414273 -0.536784
-0.704471 0.485208 -0.517970
-0.725299 0.522499 -0.448259
-0.785899 0.382683 -0.485712
-0.305212 0.605742 -0.734794
-0.334692 0.653497 -0.678913
-0.267381 0.656620 -0.705236
-0.228900 0.703983 -0.672319
-0.361592 0.697037 -0.619186
-0.255180 0.749435 -0.610926
-0.187432 0.749786 -0.634579
-0.322141 0.745339 -0.583691
-0.280319 0.790112 -0.545109
-0.303801 0.825175 -0.476226
-0.237229 0.830359 -0.504209
-0.386730 0.737712 -0.553372
-0.147414 0.790170 -0.594895
-0.172532 0.830812 -0.529135
-0.106494 0.827110 -0.551859
-0.408286 0.772575 -0.486240
-0.427135 0.803016 -0.415597
-0.366027 0.816233 -0.446977
-0.803016 0.415597 -0.427135
-0.816233 0.446977 -0.366027
-0.772575 0.486240 -0.408286
-0.737712 0.553372 -0.386730
-0.825175 0.476226 -0.303801
-0.745339 0.583691 -0.322141
-0.697037 0.619186 -0.361592
-0.790112 0.545109 -0.280319
-0.749435 0.610926 -0.255180
-0.749786 0.634579 -0.187432
-0.703983 0.672319 -0.228900
-0.830359 0.504209 -0.237229
-0.653497 0.678913 -0.334692
-0.656620 0.705236 -0.267381
-0.605742 0.734794 -0.305212
-0.830812 0.529135 -0.172532
-0.827110 0.551859 -0.106494
-0.790170 0.594895 -0.147414
-0.551859 -0.106494 0.827110
-0.594895 -0.147414 0.790170
-0.529135 -0.172532 0.830812
-0.504209 -0.237229 0.830359
-0.634579 -0.187432 0.749786
-0.545109 -0.280319 0.790112
-0.476226 -0.303801 0.825175
-0.610926 -0.255180 0.749435
-0.583691 -0.322141 0.745339
-0.619186 -0.361592 0.697037
-0.553372 -0.386730 0.737712
-0.672319 -0.228900 0.703983
-0.446977 -0.366027 0.816233
-0.486240 -0.408286 0.772575
-0.415597 -0.427135 0.803016
-0.382683 -0.485712 0.785899
-0.522499 -0.448259 0.725299
-0.705236 -0.267381 0.656620
-0.734794 -0.305212 0.605742
-0.678913 -0.334692 0.653497
-0.649448 -0.399769 0.646840
-0.760406 -0.341435 0.552454
-0.414273 -0.536784 0.735011
-0.341435 -0.552453 0.760406
-0.485208 -0.517970 0.704471
-0.443957 -0.584716 0.678977
-0.470917 -0.628313 0.619242
-0.399769 -0.646840 0.649448
-0.552418 -0.496441 0.669612
-0.540650 -0.607478 0.581952
-0.496441 -0.669612 0.552418
-0.581952 -0.540650 0.607478
-0.607478 -0.581952 0.540650
-0.669612 -0.552418 0.496441
-0.628313 -0.619242 0.470917
-0.619242 -0.470917 0.628313
-0.517970 -0.704471 0.485208
-0.448259 -0.725299 0.522499
-0.584716 -0.678977 0.443957
-0.536784 -0.735011 0.414273
-0.552454 -0.760406 0.341435
-0.485712 -0.785899 0.382683
-0.646840 -0.649448 0.399769
-0.678977 -0.443957 0.584716
-0.735011 -0.414273 0.536784
-0.704471 -0.485208 0.517970
-0.725299 -0.522499 0.448259
-0.785899 -0.382683 0.485712
-0.305212 -0.605742 0.734794
-0.334692 -0.653497 0.678913
-0.267381 -0.656620 0.705236
-0.228900 -0.703983 0.672319
-0.361592 -0.697037 0.619186
-0.255180 -0.749435 0.610926
-0.187432 -0.749786 0.634579
-0.322141 -0.745339 0.583691
-0.280319 -0.790112 0.545109
-0.303801 -0.825175 0.476226
-0.237229 -0.830359 0.504209
-0.386730 -0.737712 0.553372
-0.147414 -0.790170 0.594895
-0.172532 -0.830812 0.529135
-0.106494 -0.827110 0.551859
-0.408286 -0.772575 0.486240
-0.427135 -0.803016 0.415597
-0.366027 -0.816233 0.446977
-0.803016 -0.415597 0.427135
-0.816233 -0.446977 0.366027
-0.772575 -0.486240 0.408286
-0.737712 -0.553372 0.386730
-0.825175 -0.476226 0.303801
-0.745339 -0.583691 0.322141
-0.697037 -0.619186 0.361592
-0.790112 -0.545109 0.280319
-0.749435 -0.610926 0.255180
-0.749786 -0.634579 0.187432
-0.703983 -0.672319 0.228900
-0.830359 -0.504209 0.237229
-0.653497 -0.678913 0.334692
-0.656620 -0.705236 0.267381
-0.605742 -0.734794 0.305212
-0.830812 -0.529135 0.172532
-0.827110 -0.551859 0.106494
-0.790170 -0.594895 0.147414
-0.551859 -0.106494 -0.827110
-0.529135 -0.172532 -0.830812
-0.594895 -0.147414 -0.790170
-0.634579 -0.187432 -0.749786
-0.504209 -0.237229 -0.830359
-0.610926 -0.255180 -0.749435
-0.672319 -0.228900 -0.703983
-0.545109 -0.280319 -0.790112
-0.583691 -0.322141 -0.745339
-0.553372 -0.386730 -0.737712
-0.619186 -0.361592 -0.697037
-0.476226 -0.303801 -0.825175
-0.705236 -0.267381 -0.656620
-0.678913 -0.334692 -0.653497
-0.734794 -0.305212 -0.605742
-0.760406 -0.341435 -0.552454
-0.649448 -0.399769 -0.646840
-0.446977 -0.366027 -0.816233
-0.415597 -0.427135 -0.803016
-0.486240 -0.408286 -0.772575
-0.522499 -0.448259 -0.725299
-0.382683 -0.485712 -0.785899
-0.735011 -0.414273 -0.536784
-0.785899 -0.382683 -0.485712
-0.678977 -0.443957 -0.584716
-0.704471 -0.485208 -0.517970
-0.669612 -0.552418 -0.496441
-0.725299 -0.522499 -0.448259
-0.619242 -0.470917 -0.628313
-0.607478 -0.581952 -0.540650
-0.628313 -0.619242 -0.470917
-0.581952 -0.540650 -0.607478
-0.540650 -0.607478 -0.581952
-0.470917 -0.628313 -0.619242
-0.496441 -0.669612 -0.552418
-0.552418 -0.496441 -0.669612
-0.584716 -0.678977 -0.443957
-0.646840 -0.649448 -0.399769
-0.517970 -0.704471 -0.485208
-0.536784 -0.735011 -0.414273
-0.485712 -0.785899 -0.382683
-0.552454 -0.760406 -0.341435
-0.448259 -0.725299 -0.522499
-0.485208 -0.517970 -0.704471
-0.414273 -0.536784 -0.735011
-0.443957 -0.584716 -0.678977
-0.399769 -0.646840 -0.649448
-0.341435 -0.552453 -0.760406
-0.803016 -0.415597 -0.427135
-0.772575 -0.486240 -0.408286
-0.816233 -0.446977 -0.366027
-0.825175 -0.476226 -0.303801
-0.737712 -0.553372 -0.386730
-0.790112 -0.545109 -0.280319
-0.830359 -0.504209 -0.237229
-0.745339 -0.583691 -0.322141
-0.749435 -0.610926 -0.255180
-0.703983 -0.672319 -0.228900
-0.749786 -0.634579 -0.187432
-0.697037 -0.619186 -0.361592
-0.830812 -0.529135 -0.172532
-0.790170 -0.594895 -0.147414
-0.827110 -0.551859 -0.106494
-0.653497 -0.678913 -0.334692
-0.605742 -0.734794 -0.305212
-0.656620 -0.705236 -0.267381
-0.305212 -0.605742 -0.734794
-0.267381 -0.656620 -0.705236
-0.334692 -0.653497 -0.678913
-0.361592 -0.697037 -0.619186
-0.228900 -0.703983 -0.672319
-0.322141 -0.745339 -0.583691
-0.386730 -0.737712 -0.553372
-0.255180 -0.749435 -0.610926
-0.280319 -0.790112 -0.545109
-0.237229 -0.830359 -0.504209
-0.303801 -0.825175 -0.476226
-0.187432 -0.749786 -0.634579
-0.408286 -0.772575 -0.486240
-0.366027 -0.816233 -0.446977
-0.427135 -0.803016 -0.415597
-0.147414 -0.790170 -0.594895
-0.106494 -0.827110 -0.551859
-0.172532 -0.830812 -0.529135
