   3.3878412e+04   9.2189589e-12
   3.3878238e+04   9.1933683e-12
   3.3878064e+04   9.1689989e-12
   3.3877889e+04   9.1447960e-12
   3.3877715e+04   9.1192054e-12
   3.3877541e+04   9.0941144e-12
   3.3877367e+04   9.0706331e-12
   3.3877192e+04   9.0455976e-12
   3.3877018e+04   9.0227548e-12
   3.3876844e+04   8.9987184e-12
   3.3876669e+04   8.9744531e-12
   3.3876495e+04   8.9511454e-12
   3.3876321e+04   8.9277752e-12
   3.3876146e+04   8.9042940e-12
   3.3875972e+04   8.8813956e-12
   3.3875798e+04   8.8586360e-12
   3.3875623e+04   8.8357099e-12
   3.3875449e+04   8.8126173e-12
   3.3875275e+04   8.7913565e-12
   3.3875100e+04   8.7688190e-12
   3.3874926e+04   8.7462815e-12
   3.3874752e+04   8.7253538e-12
   3.3874577e+04   8.7026497e-12
   3.3874403e+04   8.6811947e-12
   3.3874229e+04   8.6590735e-12
   3.3874055e+04   8.6369523e-12
   3.3873880e+04   8.6155805e-12
   3.3873706e+04   8.5951801e-12
   3.3873532e+04   8.5735308e-12
   3.3873357e+04   8.5529778e-12
   3.3873183e+04   8.5308566e-12
   3.3873009e+04   8.5115665e-12
   3.3872834e+04   8.4888901e-12
   3.3872660e+04   8.4685592e-12
   3.3872486e+04   8.4482421e-12
   3.3872311e+04   8.4280916e-12
   3.3872137e+04   8.4058038e-12
   3.3871963e+04   8.3862361e-12
   3.3871788e+04   8.3668072e-12
   3.3871614e+04   8.3455465e-12
   3.3871440e+04   8.3260066e-12
   3.3871265e+04   8.3060503e-12
   3.3871091e+04   8.2866491e-12
   3.3870917e+04   8.2646667e-12
   3.3870743e+04   8.2465701e-12
   3.3870568e+04   8.2264195e-12
   3.3870394e+04   8.2078788e-12
   3.3870220e+04   8.1879503e-12
   3.3870045e+04   8.1695761e-12
   3.3869871e+04   8.1497031e-12
   3.3869697e+04   8.1313289e-12
   3.3869522e+04   8.1111784e-12
   3.3869348e+04   8.0939699e-12
   3.3869174e+04   8.0742080e-12
   3.3868999e+04   8.0569440e-12
   3.3868825e+04   8.0390139e-12
   3.3868651e+04   8.0203066e-12
   3.3868476e+04   8.0020990e-12
   3.3868302e+04   7.9844464e-12
   3.3868128e+04   7.9659612e-12
   3.3867953e+04   7.9480311e-12
   3.3867779e+04   7.9296569e-12
   3.3867605e+04   7.9145579e-12
   3.3867431e+04   7.8956286e-12
   3.3867256e+04   7.8783785e-12
   3.3867082e+04   7.8602541e-12
   3.3866908e+04   7.8442947e-12
   3.3866733e+04   7.8270376e-12
   3.3866559e+04   7.8099263e-12
   3.3866385e+04   7.7926259e-12
   3.3866210e+04   7.7754678e-12
   3.3866036e+04   7.7606584e-12
   3.3865862e+04   7.7428528e-12
   3.3865687e+04   7.7258348e-12
   3.3865513e+04   7.7110527e-12
   3.3865339e+04   7.6942647e-12
   3.3865164e+04   7.6768375e-12
   3.3864990e+04   7.6609847e-12
   3.3864816e+04   7.6451762e-12
   3.3864641e+04   7.6282175e-12
   3.3864467e+04   7.6117723e-12
   3.3864293e+04   7.5956463e-12
   3.3864119e+04   7.5792705e-12
   3.3863944e+04   7.5645046e-12
   3.3863770e+04   7.5474071e-12
   3.3863596e+04   7.5317530e-12
   3.3863421e+04   7.5157658e-12
   3.3863247e+04   7.5001116e-12
   3.3863073e+04   7.4831252e-12
   3.3862898e+04   7.4689144e-12
   3.3862724e+04   7.4538709e-12
   3.3862550e+04   7.4372175e-12
   3.3862375e+04   7.4223960e-12
   3.3862201e+04   7.4074913e-12
   3.3862027e+04   7.3928919e-12
   3.3861852e+04   7.3794859e-12
   3.3861678e+04   7.3646089e-12
   3.3861504e+04   7.3472339e-12
   3.3861329e+04   7.3354656e-12
   3.3861155e+04   7.3205886e-12
   3.3860981e+04   7.3063777e-12
   3.3860807e+04   7.2917228e-12
   3.3860632e+04   7.2779560e-12
   3.3860458e+04   7.2651885e-12
   3.3860284e+04   7.2516437e-12
   3.3860109e+04   7.2378215e-12
   3.3859935e+04   7.2228334e-12
   3.3859761e+04   7.2103434e-12
   3.3859586e+04   7.1960493e-12
   3.3859412e+04   7.1831152e-12
   3.3859238e+04   7.1695323e-12
   3.3859063e+04   7.1554134e-12
   3.3858889e+04   7.1424607e-12
   3.3858715e+04   7.1292206e-12
   3.3858540e+04   7.1157710e-12
   3.3858366e+04   7.1025243e-12
   3.3858192e+04   7.0889751e-12
   3.3858017e+04   7.0769428e-12
   3.3857843e+04   7.0640650e-12
   3.3857669e+04   7.0512199e-12
   3.3857495e+04   7.0374063e-12
   3.3857320e+04   7.0238444e-12
   3.3857146e+04   7.0115970e-12
   3.3856972e+04   6.9978953e-12
   3.3856797e+04   6.9857592e-12
   3.3856623e+04   6.9740186e-12
   3.3856449e+04   6.9596551e-12
   3.3856274e+04   6.9486084e-12
   3.3856100e+04   6.9351191e-12
   3.3855926e+04   6.9235728e-12
   3.3855751e+04   6.9106942e-12
   3.3855577e+04   6.8978157e-12
   3.3855403e+04   6.8870465e-12
   3.3855228e+04   6.8750561e-12
   3.3855054e+04   6.8620665e-12
   3.3854880e+04   6.8510753e-12
   3.3854705e+04   6.8384187e-12
   3.3854531e+04   6.8263728e-12
   3.3854357e+04   6.8144379e-12
   3.3854183e+04   6.8035022e-12
   3.3854008e+04   6.7923445e-12
   3.3853834e+04   6.7780781e-12
   3.3853660e+04   6.7694739e-12
   3.3853485e+04   6.7558181e-12
   3.3853311e+04   6.7468253e-12
   3.3853137e+04   6.7348349e-12
   3.3852962e+04   6.7214012e-12
   3.3852788e+04   6.7105210e-12
   3.3852614e+04   6.6998629e-12
   3.3852439e+04   6.6884276e-12
   3.3852265e+04   6.6785466e-12
   3.3852091e+04   6.6675832e-12
   3.3851916e+04   6.6567585e-12
   3.3851742e+04   6.6457811e-12
   3.3851568e+04   6.6357822e-12
   3.3851393e+04   6.6255959e-12
   3.3851219e+04   6.6148378e-12
   3.3851045e+04   6.6033849e-12
   3.3850870e+04   6.5936442e-12
   3.3850696e+04   6.5831826e-12
   3.3850522e+04   6.5725819e-12
   3.3850348e+04   6.5617053e-12
   3.3850173e+04   6.5507055e-12
   3.3849999e+04   6.5405836e-12
   3.3849825e+04   6.5301418e-12
   3.3849650e+04   6.5207406e-12
   3.3849476e+04   6.5106067e-12
   3.3849302e+04   6.5000783e-12
   3.3849127e+04   6.4891519e-12
   3.3848953e+04   6.4791950e-12
   3.3848779e+04   6.4686811e-12
   3.3848604e+04   6.4583517e-12
   3.3848430e+04   6.4482951e-12
   3.3848256e+04   6.4394289e-12
   3.3848081e+04   6.4302852e-12
   3.3847907e+04   6.4201424e-12
   3.3847733e+04   6.4095689e-12
   3.3847558e+04   6.3997394e-12
   3.3847384e+04   6.3910999e-12
   3.3847210e+04   6.3821579e-12
   3.3847036e+04   6.3730681e-12
   3.3846861e+04   6.3630181e-12
   3.3846687e+04   6.3549765e-12
   3.3846513e+04   6.3437488e-12
   3.3846338e+04   6.3360786e-12
   3.3846164e+04   6.3268240e-12
   3.3845990e+04   6.3190557e-12
   3.3845815e+04   6.3100549e-12
   3.3845641e+04   6.3007269e-12
   3.3845467e+04   6.2920200e-12
   3.3845292e+04   6.2823250e-12
   3.3845118e+04   6.2743802e-12
   3.3844944e+04   6.2663208e-12
   3.3844769e+04   6.2549965e-12
   3.3844595e+04   6.2484462e-12
   3.3844421e+04   6.2400085e-12
   3.3844246e+04   6.2310990e-12
   3.3844072e+04   6.2237715e-12
   3.3843898e+04   6.2155836e-12
   3.3843724e+04   6.2066116e-12
   3.3843549e+04   6.1988002e-12
   3.3843375e+04   6.1906798e-12
   3.3843201e+04   6.1814662e-12
   3.3843026e+04   6.1732306e-12
   3.3842852e+04   6.1642834e-12
   3.3842678e+04   6.1573333e-12
   3.3842503e+04   6.1488991e-12
   3.3842329e+04   6.1413097e-12
   3.3842155e+04   6.1337324e-12
   3.3841980e+04   6.1258915e-12
   3.3841806e+04   6.1161215e-12
   3.3841632e+04   6.1088634e-12
   3.3841457e+04   6.1015915e-12
   3.3841283e+04   6.0925570e-12
   3.3841109e+04   6.0847438e-12
   3.3840934e+04   6.0775412e-12
   3.3840760e+04   6.0695754e-12
   3.3840586e+04   6.0621924e-12
   3.3840412e+04   6.0535882e-12
   3.3840237e+04   6.0457611e-12
   3.3840063e+04   6.0391275e-12
   3.3839889e+04   6.0311756e-12
   3.3839714e+04   6.0230015e-12
   3.3839540e+04   6.0158059e-12
   3.3839366e+04   6.0088670e-12
   3.3839191e+04   6.0021155e-12
   3.3839017e+04   5.9943092e-12
   3.3838843e+04   5.9873981e-12
   3.3838668e+04   5.9796335e-12
   3.3838494e+04   5.9707517e-12
   3.3838320e+04   5.9645899e-12
   3.3838145e+04   5.9578106e-12
   3.3837971e+04   5.9510452e-12
   3.3837797e+04   5.9437177e-12
   3.3837622e+04   5.9367788e-12
   3.3837448e+04   5.9301730e-12
   3.3837274e+04   5.9220406e-12
   3.3837100e+04   5.9164618e-12
   3.3836925e+04   5.9099149e-12
   3.3836751e+04   5.9035181e-12
   3.3836577e+04   5.8964228e-12
   3.3836402e+04   5.8896107e-12
   3.3836228e+04   5.8826638e-12
   3.3836054e+04   5.8767508e-12
   3.3835879e+04   5.8704527e-12
   3.3835705e+04   5.8644440e-12
   3.3835531e+04   5.8582259e-12
   3.3835356e+04   5.8504150e-12
   3.3835182e+04   5.8441427e-12
   3.3835008e+04   5.8392546e-12
   3.3834833e+04   5.8320189e-12
   3.3834659e+04   5.8257496e-12
   3.3834485e+04   5.8183597e-12
   3.3834310e+04   5.8132943e-12
   3.3834136e+04   5.8070493e-12
   3.3833962e+04   5.8004712e-12
   3.3833788e+04   5.7952532e-12
   3.3833613e+04   5.7889579e-12
   3.3833439e+04   5.7825323e-12
   3.3833265e+04   5.7760784e-12
   3.3833090e+04   5.7690616e-12
   3.3832916e+04   5.7643897e-12
   3.3832742e+04   5.7595926e-12
   3.3832567e+04   5.7535599e-12
   3.3832393e+04   5.7471296e-12
   3.3832219e+04   5.7421898e-12
   3.3832044e+04   5.7363676e-12
   3.3831870e+04   5.7304747e-12
   3.3831696e+04   5.7241419e-12
   3.3831521e+04   5.7205089e-12
   3.3831347e+04   5.7127407e-12
   3.3831173e+04   5.7077753e-12
   3.3830998e+04   5.7020519e-12
   3.3830824e+04   5.6949942e-12
   3.3830650e+04   5.6898289e-12
   3.3830476e+04   5.6846923e-12
   3.3830301e+04   5.6799449e-12
   3.3830127e+04   5.6741497e-12
   3.3829953e+04   5.6696440e-12
   3.3829778e+04   5.6633382e-12
   3.3829604e+04   5.6597333e-12
   3.3829430e+04   5.6554200e-12
   3.3829255e+04   5.6494443e-12
   3.3829081e+04   5.6437644e-12
   3.3828907e+04   5.6383533e-12
   3.3828732e+04   5.6344246e-12
   3.3828558e+04   5.6295989e-12
   3.3828384e+04   5.6240499e-12
   3.3828209e+04   5.6200812e-12
   3.3828035e+04   5.6154955e-12
   3.3827861e+04   5.6091660e-12
   3.3827686e+04   5.6062425e-12
   3.3827512e+04   5.6004245e-12
   3.3827338e+04   5.5950100e-12
   3.3827164e+04   5.5905992e-12
   3.3826989e+04   5.5866249e-12
   3.3826815e+04   5.5808969e-12
   3.3826641e+04   5.5756788e-12
   3.3826466e+04   5.5708771e-12
   3.3826292e+04   5.5672134e-12
   3.3826118e+04   5.5607741e-12
   3.3825943e+04   5.5566662e-12
   3.3825769e+04   5.5526694e-12
   3.3825595e+04   5.5480065e-12
   3.3825420e+04   5.5431215e-12
   3.3825246e+04   5.5382365e-12
   3.3825072e+04   5.5337956e-12
   3.3824897e+04   5.5302429e-12
   3.3824723e+04   5.5240257e-12
   3.3824549e+04   5.5182525e-12
   3.3824374e+04   5.5151439e-12
   3.3824200e+04   5.5093707e-12
   3.3824026e+04   5.5044858e-12
   3.3823852e+04   5.5031535e-12
   3.3823677e+04   5.5000449e-12
   3.3823503e+04   5.4929394e-12
   3.3823329e+04   5.4898308e-12
   3.3823154e+04   5.4845017e-12
   3.3822980e+04   5.4809490e-12
   3.3822806e+04   5.4773963e-12
   3.3822631e+04   5.4749538e-12
   3.3822457e+04   5.4705129e-12
   3.3822283e+04   5.4671823e-12
   3.3822108e+04   5.4631855e-12
   3.3821934e+04   5.4593552e-12
   3.3821760e+04   5.4568017e-12
   3.3821585e+04   5.4540261e-12
   3.3821411e+04   5.4490371e-12
   3.3821237e+04   5.4461383e-12
   3.3821062e+04   5.4424789e-12
   3.3820888e+04   5.4389493e-12
   3.3820714e+04   5.4345389e-12
   3.3820540e+04   5.4315242e-12
   3.3820365e+04   5.4277685e-12
   3.3820191e+04   5.4257276e-12
   3.3820017e+04   5.4217464e-12
   3.3819842e+04   5.4180410e-12
   3.3819668e+04   5.4151128e-12
   3.3819494e+04   5.4111993e-12
   3.3819319e+04   5.4087290e-12
   3.3819145e+04   5.4046351e-12
   3.3818971e+04   5.4010962e-12
   3.3818796e+04   5.3981264e-12
   3.3818622e+04   5.3944765e-12
   3.3818448e+04   5.3902577e-12
   3.3818273e+04   5.3896054e-12
   3.3818099e+04   5.3850813e-12
   3.3817925e+04   5.3831523e-12
   3.3817750e+04   5.3783505e-12
   3.3817576e+04   5.3760468e-12
   3.3817402e+04   5.3732296e-12
   3.3817228e+04   5.3687887e-12
   3.3817053e+04   5.3657356e-12
   3.3816879e+04   5.3629462e-12
   3.3816705e+04   5.3608507e-12
   3.3816530e+04   5.3557714e-12
   3.3816356e+04   5.3549665e-12
   3.3816182e+04   5.3499705e-12
   3.3816007e+04   5.3478333e-12
   3.3815833e+04   5.3440030e-12
   3.3815659e+04   5.3400617e-12
   3.3815484e+04   5.3384797e-12
   3.3815310e+04   5.3351490e-12
   3.3815136e+04   5.3325122e-12
   3.3814961e+04   5.3298060e-12
   3.3814787e+04   5.3288554e-12
   3.3814613e+04   5.3257797e-12
   3.3814438e+04   5.3227440e-12
   3.3814264e+04   5.3195708e-12
   3.3814090e+04   5.3173788e-12
   3.3813916e+04   5.3145913e-12
   3.3813741e+04   5.3118230e-12
   3.3813567e+04   5.3097736e-12
   3.3813393e+04   5.3069011e-12
   3.3813218e+04   5.3047632e-12
   3.3813044e+04   5.3017183e-12
   3.3812870e+04   5.2999054e-12
   3.3812695e+04   5.2979379e-12
   3.3812521e+04   5.2948375e-12
   3.3812347e+04   5.2923638e-12
   3.3812172e+04   5.2906290e-12
   3.3811998e+04   5.2880478e-12
   3.3811824e+04   5.2865490e-12
   3.3811649e+04   5.2824412e-12
   3.3811475e+04   5.2819971e-12
   3.3811301e+04   5.2795546e-12
   3.3811126e+04   5.2775562e-12
   3.3810952e+04   5.2775562e-12
   3.3810778e+04   5.2744475e-12
   3.3810604e+04   5.2735594e-12
   3.3810429e+04   5.2708948e-12
   3.3810255e+04   5.2664539e-12
   3.3810081e+04   5.2655658e-12
   3.3809906e+04   5.2633453e-12
   3.3809732e+04   5.2642335e-12
   3.3809558e+04   5.2611249e-12
   3.3809383e+04   5.2584603e-12
   3.3809209e+04   5.2535754e-12
   3.3809035e+04   5.2540194e-12
   3.3808860e+04   5.2504667e-12
   3.3808686e+04   5.2504667e-12
   3.3808512e+04   5.2495785e-12
   3.3808337e+04   5.2442495e-12
   3.3808163e+04   5.2449156e-12
   3.3807989e+04   5.2426952e-12
   3.3807814e+04   5.2411409e-12
   3.3807640e+04   5.2393645e-12
   3.3807466e+04   5.2380322e-12
   3.3807291e+04   5.2367000e-12
   3.3807117e+04   5.2356453e-12
   3.3806943e+04   5.2352844e-12
   3.3806769e+04   5.2329599e-12
   3.3806594e+04   5.2320600e-12
   3.3806420e+04   5.2316547e-12
   3.3806246e+04   5.2297153e-12
   3.3806071e+04   5.2298006e-12
   3.3805897e+04   5.2275137e-12
   3.3805723e+04   5.2260588e-12
   3.3805548e+04   5.2258137e-12
   3.3805374e+04   5.2239224e-12
   3.3805200e+04   5.2237878e-12
   3.3805025e+04   5.2212181e-12
   3.3804851e+04   5.2214894e-12
   3.3804677e+04   5.2189616e-12
   3.3804502e+04   5.2170637e-12
   3.3804328e+04   5.2170637e-12
   3.3804154e+04   5.2144995e-12
   3.3803979e+04   5.2147791e-12
   3.3803805e+04   5.2133023e-12
   3.3803631e+04   5.2125316e-12
   3.3803457e+04   5.2108648e-12
   3.3803282e+04   5.2104970e-12
   3.3803108e+04   5.2098316e-12
   3.3802934e+04   5.2093376e-12
   3.3802759e+04   5.2086005e-12
   3.3802585e+04   5.2052042e-12
   3.3802411e+04   5.2056974e-12
   3.3802236e+04   5.2040291e-12
   3.3802062e+04   5.2033364e-12
   3.3801888e+04   5.2017028e-12
   3.3801713e+04   5.2020498e-12
   3.3801539e+04   5.2012615e-12
   3.3801365e+04   5.1996708e-12
   3.3801190e+04   5.2001033e-12
   3.3801016e+04   5.1985000e-12
   3.3800842e+04   5.1982206e-12
   3.3800667e+04   5.1975516e-12
   3.3800493e+04   5.1969703e-12
   3.3800319e+04   5.1973668e-12
   3.3800145e+04   5.1974536e-12
   3.3799970e+04   5.1960519e-12
   3.3799796e+04   5.1962427e-12
   3.3799622e+04   5.1950666e-12
   3.3799447e+04   5.1953476e-12
   3.3799273e+04   5.1958680e-12
   3.3799099e+04   5.1952141e-12
   3.3798924e+04   5.1947288e-12
   3.3798750e+04   5.1944110e-12
   3.3798576e+04   5.1936326e-12
   3.3798401e+04   5.1945476e-12
   3.3798227e+04   5.1931419e-12
   3.3798053e+04   5.1943987e-12
   3.3797878e+04   5.1943588e-12
   3.3797704e+04   5.1937066e-12
   3.3797530e+04   5.1937898e-12
   3.3797355e+04   5.1942894e-12
   3.3797181e+04   5.1936233e-12
   3.3797007e+04   5.1940674e-12
   3.3796833e+04   5.1925131e-12
   3.3796658e+04   5.1927351e-12
   3.3796484e+04   5.1922910e-12
   3.3796310e+04   5.1914029e-12
   3.3796135e+04   5.1914029e-12
   3.3795961e+04   5.1927351e-12
   3.3795787e+04   5.1918470e-12
   3.3795612e+04   5.1927351e-12
   3.3795438e+04   5.1918470e-12
   3.3795264e+04   5.1922910e-12
   3.3795089e+04   5.1940674e-12
   3.3794915e+04   5.1927351e-12
   3.3794741e+04   5.1918470e-12
   3.3794566e+04   5.1931792e-12
   3.3794392e+04   5.1945115e-12
   3.3794218e+04   5.1949556e-12
   3.3794043e+04   5.1931792e-12
   3.3793869e+04   5.1940674e-12
   3.3793695e+04   5.1940674e-12
   3.3793521e+04   5.1945115e-12
   3.3793346e+04   5.1958438e-12
   3.3793172e+04   5.1961768e-12
   3.3792998e+04   5.1958438e-12
   3.3792823e+04   5.1964544e-12
   3.3792649e+04   5.1983973e-12
   3.3792475e+04   5.1988969e-12
   3.3792300e+04   5.2003922e-12
   3.3792126e+04   5.2009039e-12
   3.3791952e+04   5.2012278e-12
   3.3791777e+04   5.2036545e-12
   3.3791603e+04   5.2037735e-12
   3.3791429e+04   5.2040799e-12
   3.3791254e+04   5.2041608e-12
   3.3791080e+04   5.2053122e-12
   3.3790906e+04   5.2060902e-12
   3.3790731e+04   5.2071704e-12
   3.3790557e+04   5.2073087e-12
   3.3790383e+04   5.2087967e-12
   3.3790209e+04   5.2099115e-12
   3.3790034e+04   5.2107971e-12
   3.3789860e+04   5.2108040e-12
   3.3789686e+04   5.2121918e-12
   3.3789511e+04   5.2126914e-12
   3.3789337e+04   5.2137461e-12
   3.3789163e+04   5.2145510e-12
   3.3788988e+04   5.2144955e-12
   3.3788814e+04   5.2159943e-12
   3.3788640e+04   5.2175486e-12
   3.3788465e+04   5.2185478e-12
   3.3788291e+04   5.2198246e-12
   3.3788117e+04   5.2212679e-12
   3.3787942e+04   5.2223781e-12
   3.3787768e+04   5.2246263e-12
   3.3787594e+04   5.2265137e-12
   3.3787419e+04   5.2266733e-12
   3.3787245e+04   5.2272908e-12
   3.3787071e+04   5.2288451e-12
   3.3786897e+04   5.2318705e-12
   3.3786722e+04   5.2327032e-12
   3.3786548e+04   5.2343685e-12
   3.3786374e+04   5.2359506e-12
   3.3786199e+04   5.2366722e-12
   3.3786025e+04   5.2391980e-12
   3.3785851e+04   5.2400306e-12
   3.3785676e+04   5.2422511e-12
   3.3785502e+04   5.2427507e-12
   3.3785328e+04   5.2459148e-12
   3.3785153e+04   5.2472193e-12
   3.3784979e+04   5.2488569e-12
   3.3784805e+04   5.2502169e-12
   3.3784630e+04   5.2527149e-12
   3.3784456e+04   5.2542970e-12
   3.3784282e+04   5.2553517e-12
   3.3784107e+04   5.2564481e-12
   3.3783933e+04   5.2608612e-12
   3.3783759e+04   5.2623877e-12
   3.3783585e+04   5.2636923e-12
   3.3783410e+04   5.2657878e-12
   3.3783236e+04   5.2672311e-12
   3.3783062e+04   5.2698401e-12
   3.3782887e+04   5.2713112e-12
   3.3782713e+04   5.2730598e-12
   3.3782539e+04   5.2735594e-12
   3.3782364e+04   5.2766680e-12
   3.3782190e+04   5.2787774e-12
   3.3782016e+04   5.2800819e-12
   3.3781841e+04   5.2823301e-12
   3.3781667e+04   5.2856053e-12
   3.3781493e+04   5.2868820e-12
   3.3781318e+04   5.2882143e-12
   3.3781144e+04   5.2905458e-12
   3.3780970e+04   5.2930438e-12
   3.3780795e+04   5.2958748e-12
   3.3780621e+04   5.2969296e-12
   3.3780447e+04   5.2993721e-12
   3.3780273e+04   5.3037574e-12
   3.3780098e+04   5.3056448e-12
   3.3779924e+04   5.3070881e-12
   3.3779750e+04   5.3089200e-12
   3.3779575e+04   5.3121951e-12
   3.3779401e+04   5.3141380e-12
   3.3779227e+04   5.3172466e-12
   3.3779052e+04   5.3195781e-12
   3.3778878e+04   5.3215210e-12
   3.3778704e+04   5.3255178e-12
   3.3778529e+04   5.3277383e-12
   3.3778355e+04   5.3309024e-12
   3.3778181e+04   5.3335947e-12
   3.3778006e+04   5.3355965e-12
   3.3777832e+04   5.3390625e-12
   3.3777658e+04   5.3417964e-12
   3.3777483e+04   5.3434930e-12
   3.3777309e+04   5.3470006e-12
   3.3777135e+04   5.3509384e-12
   3.3776961e+04   5.3533185e-12
   3.3776786e+04   5.3561790e-12
   3.3776612e+04   5.3595197e-12
   3.3776438e+04   5.3626800e-12
   3.3776263e+04   5.3652520e-12
   3.3776089e+04   5.3680873e-12
   3.3775915e+04   5.3697697e-12
   3.3775740e+04   5.3748360e-12
   3.3775566e+04   5.3773652e-12
   3.3775392e+04   5.3809734e-12
   3.3775217e+04   5.3834714e-12
   3.3775043e+04   5.3872462e-12
   3.3774869e+04   5.3899107e-12
   3.3774694e+04   5.3930194e-12
   3.3774520e+04   5.3961280e-12
   3.3774346e+04   5.3992366e-12
   3.3774171e+04   5.4036775e-12
   3.3773997e+04   5.4063420e-12
   3.3773823e+04   5.4107829e-12
   3.3773649e+04   5.4125593e-12
   3.3773474e+04   5.4178884e-12
   3.3773300e+04   5.4196647e-12
   3.3773126e+04   5.4232174e-12
   3.3772951e+04   5.4276583e-12
   3.3772777e+04   5.4276583e-12
   3.3772603e+04   5.4320992e-12
   3.3772428e+04   5.4374283e-12
   3.3772254e+04   5.4400928e-12
   3.3772080e+04   5.4427574e-12
   3.3771905e+04   5.4471982e-12
   3.3771731e+04   5.4507510e-12
   3.3771557e+04   5.4560800e-12
   3.3771382e+04   5.4587446e-12
   3.3771208e+04   5.4640736e-12
   3.3771034e+04   5.4667382e-12
   3.3770859e+04   5.4718452e-12
   3.3770685e+04   5.4762861e-12
   3.3770511e+04   5.4791727e-12
   3.3770337e+04   5.4830029e-12
   3.3770162e+04   5.4889981e-12
   3.3769988e+04   5.4925717e-12
   3.3769814e+04   5.4971565e-12
   3.3769639e+04   5.5003575e-12
   3.3769465e+04   5.5047422e-12
   3.3769291e+04   5.5088897e-12
   3.3769116e+04   5.5149609e-12
   3.3768942e+04   5.5178707e-12
   3.3768768e+04   5.5215481e-12
   3.3768593e+04   5.5269335e-12
   3.3768419e+04   5.5311858e-12
   3.3768245e+04   5.5360240e-12
   3.3768070e+04   5.5399203e-12
   3.3767896e+04   5.5434242e-12
   3.3767722e+04   5.5492347e-12
   3.3767547e+04   5.5523641e-12
   3.3767373e+04   5.5558058e-12
   3.3767199e+04   5.5600802e-12
   3.3767025e+04   5.5644100e-12
   3.3766850e+04   5.5697669e-12
   3.3766676e+04   5.5737637e-12
   3.3766502e+04   5.5790927e-12
   3.3766327e+04   5.5830895e-12
   3.3766153e+04   5.5884186e-12
   3.3765979e+04   5.5928595e-12
   3.3765804e+04   5.5990768e-12
   3.3765630e+04   5.6026295e-12
   3.3765456e+04   5.6070704e-12
   3.3765281e+04   5.6106231e-12
   3.3765107e+04   5.6177285e-12
   3.3764933e+04   5.6230576e-12
   3.3764758e+04   5.6266103e-12
   3.3764584e+04   5.6319394e-12
   3.3764410e+04   5.6372684e-12
   3.3764235e+04   5.6425975e-12
   3.3764061e+04   5.6488147e-12
   3.3763887e+04   5.6541438e-12
   3.3763712e+04   5.6585847e-12
   3.3763538e+04   5.6630256e-12
   3.3763364e+04   5.6692429e-12
   3.3763190e+04   5.6745719e-12
   3.3763015e+04   5.6790128e-12
   3.3762841e+04   5.6845639e-12
   3.3762667e+04   5.6903371e-12
   3.3762492e+04   5.6954996e-12
   3.3762318e+04   5.7019112e-12
   3.3762144e+04   5.7059843e-12
   3.3761969e+04   5.7117462e-12
   3.3761795e+04   5.7172596e-12
   3.3761621e+04   5.7236141e-12
   3.3761446e+04   5.7306063e-12
   3.3761272e+04   5.7346845e-12
   3.3761098e+04   5.7420083e-12
   3.3760923e+04   5.7468464e-12
   3.3760749e+04   5.7526107e-12
   3.3760575e+04   5.7574181e-12
   3.3760400e+04   5.7642935e-12
   3.3760226e+04   5.7702919e-12
   3.3760052e+04   5.7756577e-12
   3.3759878e+04   5.7818379e-12
   3.3759703e+04   5.7868126e-12
   3.3759529e+04   5.7929411e-12
   3.3759355e+04   5.8000093e-12
   3.3759180e+04   5.8049727e-12
   3.3759006e+04   5.8111328e-12
   3.3758832e+04   5.8190691e-12
   3.3758657e+04   5.8241743e-12
   3.3758483e+04   5.8288635e-12
   3.3758309e+04   5.8341134e-12
   3.3758134e+04   5.8425308e-12
   3.3757960e+04   5.8468238e-12
   3.3757786e+04   5.8549006e-12
   3.3757611e+04   5.8604125e-12
   3.3757437e+04   5.8660186e-12
   3.3757263e+04   5.8737976e-12
   3.3757088e+04   5.8795666e-12
   3.3756914e+04   5.8861289e-12
   3.3756740e+04   5.8934253e-12
   3.3756566e+04   5.8994702e-12
   3.3756391e+04   5.9075908e-12
   3.3756217e+04   5.9146324e-12
   3.3756043e+04   5.9218987e-12
   3.3755868e+04   5.9282059e-12
   3.3755694e+04   5.9348082e-12
   3.3755520e+04   5.9419136e-12
   3.3755345e+04   5.9490191e-12
   3.3755171e+04   5.9565686e-12
   3.3754997e+04   5.9622307e-12
   3.3754822e+04   5.9700023e-12
   3.3754648e+04   5.9769412e-12
   3.3754474e+04   5.9853233e-12
   3.3754299e+04   5.9920194e-12
   3.3754125e+04   5.9985281e-12
   3.3753951e+04   6.0066199e-12
   3.3753776e+04   6.0139969e-12
   3.3753602e+04   6.0209258e-12
   3.3753428e+04   6.0279368e-12
   3.3753254e+04   6.0361421e-12
   3.3753079e+04   6.0431660e-12
   3.3752905e+04   6.0503685e-12
   3.3752731e+04   6.0579874e-12
   3.3752556e+04   6.0647876e-12
   3.3752382e+04   6.0730310e-12
   3.3752208e+04   6.0815103e-12
   3.3752033e+04   6.0878247e-12
   3.3751859e+04   6.0960126e-12
   3.3751685e+04   6.1038813e-12
   3.3751510e+04   6.1130961e-12
   3.3751336e+04   6.1207428e-12
   3.3751162e+04   6.1289307e-12
   3.3750987e+04   6.1379651e-12
   3.3750813e+04   6.1454314e-12
   3.3750639e+04   6.1511213e-12
   3.3750464e+04   6.1610439e-12
   3.3750290e+04   6.1688710e-12
   3.3750116e+04   6.1773642e-12
   3.3749942e+04   6.1853717e-12
   3.3749767e+04   6.1927963e-12
   3.3749593e+04   6.2010952e-12
   3.3749419e+04   6.2098937e-12
   3.3749244e+04   6.2193306e-12
   3.3749070e+04   6.2279071e-12
   3.3748896e+04   6.2366223e-12
   3.3748721e+04   6.2444494e-12
   3.3748547e+04   6.2536920e-12
   3.3748373e+04   6.2624628e-12
   3.3748198e+04   6.2699845e-12
   3.3748024e+04   6.2797545e-12
   3.3747850e+04   6.2872485e-12
   3.3747675e+04   6.2982987e-12
   3.3747501e+04   6.3069454e-12
   3.3747327e+04   6.3160871e-12
   3.3747152e+04   6.3248459e-12
   3.3746978e+04   6.3355238e-12
   3.3746804e+04   6.3424616e-12
   3.3746630e+04   6.3527336e-12
   3.3746455e+04   6.3630452e-12
   3.3746281e+04   6.3713433e-12
   3.3746107e+04   6.3804910e-12
   3.3745932e+04   6.3907610e-12
   3.3745758e+04   6.3995562e-12
   3.3745584e+04   6.4092481e-12
   3.3745409e+04   6.4184213e-12
   3.3745235e+04   6.4280803e-12
   3.3745061e+04   6.4386274e-12
   3.3744886e+04   6.4466210e-12
   3.3744712e+04   6.4570571e-12
   3.3744538e+04   6.4655534e-12
   3.3744363e+04   6.4755971e-12
   3.3744189e+04   6.4842697e-12
   3.3744015e+04   6.4941339e-12
   3.3743840e+04   6.5057285e-12
   3.3743666e+04   6.5147375e-12
   3.3743492e+04   6.5249991e-12
   3.3743318e+04   6.5348373e-12
   3.3743143e+04   6.5455673e-12
   3.3742969e+04   6.5562152e-12
   3.3742795e+04   6.5661651e-12
   3.3742620e+04   6.5779128e-12
   3.3742446e+04   6.5885846e-12
   3.3742272e+04   6.5995962e-12
   3.3742097e+04   6.6099604e-12
   3.3741923e+04   6.6214828e-12
   3.3741749e+04   6.6332210e-12
   3.3741574e+04   6.6424819e-12
   3.3741400e+04   6.6540849e-12
   3.3741226e+04   6.6667061e-12
   3.3741051e+04   6.6750147e-12
   3.3740877e+04   6.6861555e-12
   3.3740703e+04   6.6977781e-12
   3.3740528e+04   6.7092449e-12
   3.3740354e+04   6.7198168e-12
   3.3740180e+04   6.7312611e-12
   3.3740006e+04   6.7429496e-12
   3.3739831e+04   6.7547040e-12
   3.3739657e+04   6.7657908e-12
   3.3739483e+04   6.7766091e-12
   3.3739308e+04   6.7889314e-12
   3.3739134e+04   6.8015138e-12
   3.3738960e+04   6.8128710e-12
   3.3738785e+04   6.8244983e-12
   3.3738611e+04   6.8365527e-12
   3.3738437e+04   6.8479505e-12
   3.3738262e+04   6.8584760e-12
   3.3738088e+04   6.8723670e-12
   3.3737914e+04   6.8842449e-12
   3.3737739e+04   6.8965250e-12
   3.3737565e+04   6.9089456e-12
   3.3737391e+04   6.9194095e-12
   3.3737216e+04   6.9320105e-12
   3.3737042e+04   6.9451112e-12
   3.3736868e+04   6.9566575e-12
   3.3736694e+04   6.9686479e-12
   3.3736519e+04   6.9815265e-12
   3.3736345e+04   6.9948491e-12
   3.3736171e+04   7.0059514e-12
   3.3735996e+04   7.0192741e-12
   3.3735822e+04   7.0317085e-12
   3.3735648e+04   7.0450312e-12
   3.3735473e+04   7.0565775e-12
   3.3735299e+04   7.0699002e-12
   3.3735125e+04   7.0832229e-12
   3.3734950e+04   7.0965456e-12
   3.3734776e+04   7.1116446e-12
   3.3734602e+04   7.1231909e-12
   3.3734427e+04   7.1356254e-12
   3.3734253e+04   7.1507245e-12
   3.3734079e+04   7.1640471e-12
   3.3733904e+04   7.1782580e-12
   3.3733730e+04   7.1915807e-12
   3.3733556e+04   7.2057915e-12
   3.3733382e+04   7.2188922e-12
   3.3733207e+04   7.2342132e-12
   3.3733033e+04   7.2498674e-12
   3.3732859e+04   7.2626349e-12
   3.3732684e+04   7.2770956e-12
   3.3732510e+04   7.2904183e-12
   3.3732336e+04   7.3065998e-12
   3.3732161e+04   7.3215670e-12
   3.3731987e+04   7.3349053e-12
   3.3731813e+04   7.3502028e-12
   3.3731638e+04   7.3654221e-12
   3.3731464e+04   7.3808431e-12
   3.3731290e+04   7.3952034e-12
   3.3731115e+04   7.4097941e-12
   3.3730941e+04   7.4244760e-12
   3.3730767e+04   7.4394380e-12
   3.3730592e+04   7.4541484e-12
   3.3730418e+04   7.4687062e-12
   3.3730244e+04   7.4843048e-12
   3.3730070e+04   7.4987516e-12
   3.3729895e+04   7.5148499e-12
   3.3729721e+04   7.5296852e-12
   3.3729547e+04   7.5434659e-12
   3.3729372e+04   7.5612433e-12
   3.3729198e+04   7.5746492e-12
   3.3729024e+04   7.5923018e-12
   3.3728849e+04   7.6081502e-12
   3.3728675e+04   7.6230550e-12
   3.3728501e+04   7.6393475e-12
   3.3728326e+04   7.6567086e-12
   3.3728152e+04   7.6728762e-12
   3.3727978e+04   7.6901749e-12
   3.3727803e+04   7.7062731e-12
   3.3727629e+04   7.7229612e-12
   3.3727455e+04   7.7396492e-12
   3.3727280e+04   7.7556087e-12
   3.3727106e+04   7.7731988e-12
   3.3726932e+04   7.7882978e-12
   3.3726758e+04   7.8069495e-12
   3.3726583e+04   7.8241649e-12
   3.3726409e+04   7.8418105e-12
   3.3726235e+04   7.8591300e-12
   3.3726060e+04   7.8768381e-12
   3.3725886e+04   7.8934359e-12
   3.3725712e+04   7.9117407e-12
   3.3725537e+04   7.9279708e-12
   3.3725363e+04   7.9470441e-12
   3.3725189e+04   7.9657132e-12
   3.3725014e+04   7.9831068e-12
   3.3724840e+04   8.0017037e-12
   3.3724666e+04   8.0199828e-12
   3.3724491e+04   8.0385030e-12
   3.3724317e+04   8.0571315e-12
   3.3724143e+04   8.0763525e-12
   3.3723968e+04   8.0961692e-12
   3.3723794e+04   8.1134136e-12
   3.3723620e+04   8.1315847e-12
   3.3723446e+04   8.1514055e-12
   3.3723271e+04   8.1708980e-12
   3.3723097e+04   8.1894005e-12
   3.3722923e+04   8.2078094e-12
   3.3722748e+04   8.2279183e-12
   3.3722574e+04   8.2484297e-12
   3.3722400e+04   8.2679419e-12
   3.3722225e+04   8.2875928e-12
   3.3722051e+04   8.3066887e-12
   3.3721877e+04   8.3255625e-12
   3.3721702e+04   8.3459906e-12
   3.3721528e+04   8.3647533e-12
   3.3721354e+04   8.3856255e-12
   3.3721179e+04   8.4066087e-12
   3.3721005e+04   8.4269258e-12
   3.3720831e+04   8.4482421e-12
   3.3720656e+04   8.4677265e-12
   3.3720482e+04   8.4888763e-12
   3.3720308e+04   8.5115803e-12
   3.3720133e+04   8.5331742e-12
   3.3719959e+04   8.5535468e-12
   3.3719785e+04   8.5751406e-12
   3.3719611e+04   8.5961238e-12
   3.3719436e+04   8.6168850e-12
   3.3719262e+04   8.6390894e-12
   3.3719088e+04   8.6598506e-12
   3.3718913e+04   8.6818330e-12
   3.3718739e+04   8.7040375e-12
   3.3718565e+04   8.7270191e-12
   3.3718390e+04   8.7493346e-12
   3.3718216e+04   8.7712893e-12
   3.3718042e+04   8.7937713e-12
   3.3717867e+04   8.8175162e-12
   3.3717693e+04   8.8391308e-12
   3.3717519e+04   8.8627612e-12
   3.3717344e+04   8.8853697e-12
   3.3717170e+04   8.9095890e-12
   3.3716996e+04   8.9324561e-12
   3.3716821e+04   8.9549917e-12
   3.3716647e+04   8.9791222e-12
   3.3716473e+04   9.0024484e-12
   3.3716299e+04   9.0265078e-12
   3.3716124e+04   9.0497987e-12
   3.3715950e+04   9.0743304e-12
   3.3715776e+04   9.0980221e-12
   3.3715601e+04   9.1233692e-12
   3.3715427e+04   9.1471023e-12
   3.3715253e+04   9.1733418e-12
   3.3715078e+04   9.1971978e-12
   3.3714904e+04   9.2223273e-12
   3.3714730e+04   9.2462922e-12
   3.3714555e+04   9.2720134e-12
   3.3714381e+04   9.2974727e-12
   3.3714207e+04   9.3214966e-12
   3.3714032e+04   9.3480518e-12
   3.3713858e+04   9.3743911e-12
   3.3713684e+04   9.4001704e-12
   3.3713509e+04   9.4267203e-12
   3.3713335e+04   9.4545831e-12
   3.3713161e+04   9.4800829e-12
   3.3712987e+04   9.5066341e-12
   3.3712812e+04   9.5329244e-12
   3.3712638e+04   9.5603638e-12
   3.3712464e+04   9.5881748e-12
   3.3712289e+04   9.6155252e-12
   3.3712115e+04   9.6429286e-12
   3.3711941e+04   9.6692663e-12
   3.3711766e+04   9.6984448e-12
   3.3711592e+04   9.7260912e-12
   3.3711418e+04   9.7538358e-12
   3.3711243e+04   9.7818118e-12
   3.3711069e+04   9.8113601e-12
   3.3710895e+04   9.8399205e-12
   3.3710720e+04   9.8693692e-12
   3.3710546e+04   9.8986722e-12
   3.3710372e+04   9.9287731e-12
   3.3710197e+04   9.9589521e-12
   3.3710023e+04   9.9882810e-12
   3.3709849e+04   1.0017842e-11
   3.3709675e+04   1.0048495e-11
   3.3709500e+04   1.0080180e-11
   3.3709326e+04   1.0109856e-11
   3.3709152e+04   1.0139887e-11
   3.3708977e+04   1.0170414e-11
   3.3708803e+04   1.0201303e-11
   3.3708629e+04   1.0233703e-11
   3.3708454e+04   1.0264997e-11
   3.3708280e+04   1.0296514e-11
   3.3708106e+04   1.0327017e-11
   3.3707931e+04   1.0359602e-11
   3.3707757e+04   1.0392132e-11
   3.3707583e+04   1.0423995e-11
   3.3707408e+04   1.0455192e-11
   3.3707234e+04   1.0488943e-11
   3.3707060e+04   1.0520140e-11
   3.3706885e+04   1.0553114e-11
   3.3706711e+04   1.0586865e-11
   3.3706537e+04   1.0621004e-11
   3.3706363e+04   1.0653756e-11
   3.3706188e+04   1.0687895e-11
   3.3706014e+04   1.0721674e-11
   3.3705840e+04   1.0756757e-11
   3.3705665e+04   1.0791423e-11
   3.3705491e+04   1.0825396e-11
   3.3705317e+04   1.0860868e-11
   3.3705142e+04   1.0896173e-11
   3.3704968e+04   1.0930590e-11
   3.3704794e+04   1.0965229e-11
   3.3704619e+04   1.1001644e-11
   3.3704445e+04   1.1035395e-11
   3.3704271e+04   1.1073031e-11
   3.3704096e+04   1.1108559e-11
   3.3703922e+04   1.1146362e-11
   3.3703748e+04   1.1182555e-11
   3.3703573e+04   1.1221690e-11
   3.3703399e+04   1.1259244e-11
   3.3703225e+04   1.1297047e-11
   3.3703051e+04   1.1334291e-11
   3.3702876e+04   1.1372773e-11
   3.3702702e+04   1.1410955e-11
   3.3702528e+04   1.1449603e-11
   3.3702353e+04   1.1489024e-11
   3.3702179e+04   1.1526856e-11
   3.3702005e+04   1.1567321e-11
   3.3701830e+04   1.1607830e-11
   3.3701656e+04   1.1647687e-11
   3.3701482e+04   1.1686848e-11
   3.3701307e+04   1.1728564e-11
   3.3701133e+04   1.1768994e-11
   3.3700959e+04   1.1809729e-11
   3.3700784e+04   1.1852387e-11
   3.3700610e+04   1.1893417e-11
   3.3700436e+04   1.1936188e-11
   3.3700261e+04   1.1977364e-11
   3.3700087e+04   1.2021106e-11
   3.3699913e+04   1.2063572e-11
   3.3699739e+04   1.2106594e-11
   3.3699564e+04   1.2151280e-11
   3.3699390e+04   1.2195689e-11
   3.3699216e+04   1.2238710e-11
   3.3699041e+04   1.2283341e-11
   3.3698867e+04   1.2328916e-11
   3.3698693e+04   1.2373380e-11
   3.3698518e+04   1.2419815e-11
   3.3698344e+04   1.2464169e-11
   3.3698170e+04   1.2509625e-11
   3.3697995e+04   1.2555595e-11
   3.3697821e+04   1.2601725e-11
   3.3697647e+04   1.2648188e-11
   3.3697472e+04   1.2694568e-11
   3.3697298e+04   1.2741974e-11
   3.3697124e+04   1.2790102e-11
   3.3696949e+04   1.2838730e-11
   3.3696775e+04   1.2886081e-11
   3.3696601e+04   1.2935486e-11
   3.3696427e+04   1.2985779e-11
   3.3696252e+04   1.3034795e-11
   3.3696078e+04   1.3084922e-11
   3.3695904e+04   1.3135854e-11
   3.3695729e+04   1.3188339e-11
   3.3695555e+04   1.3238161e-11
   3.3695381e+04   1.3290286e-11
   3.3695206e+04   1.3342050e-11
   3.3695032e+04   1.3395007e-11
   3.3694858e+04   1.3447285e-11
   3.3694683e+04   1.3501547e-11
   3.3694509e+04   1.3554866e-11
   3.3694335e+04   1.3607906e-11
   3.3694160e+04   1.3661738e-11
   3.3693986e+04   1.3716250e-11
   3.3693812e+04   1.3771817e-11
   3.3693637e+04   1.3826357e-11
   3.3693463e+04   1.3882728e-11
   3.3693289e+04   1.3938239e-11
   3.3693115e+04   1.3995249e-11
   3.3692940e+04   1.4052537e-11
   3.3692766e+04   1.4108853e-11
   3.3692592e+04   1.4165835e-11
   3.3692417e+04   1.4223900e-11
   3.3692243e+04   1.4281631e-11
   3.3692069e+04   1.4340862e-11
   3.3691894e+04   1.4399815e-11
   3.3691720e+04   1.4459933e-11
   3.3691546e+04   1.4518942e-11
   3.3691371e+04   1.4581003e-11
   3.3691197e+04   1.4641122e-11
   3.3691023e+04   1.4704349e-11
   3.3690848e+04   1.4765078e-11
   3.3690674e+04   1.4827917e-11
   3.3690500e+04   1.4889701e-11
   3.3690325e+04   1.4953927e-11
   3.3690151e+04   1.5015156e-11
   3.3689977e+04   1.5081325e-11
   3.3689803e+04   1.5144941e-11
   3.3689628e+04   1.5210611e-11
   3.3689454e+04   1.5276946e-11
   3.3689280e+04   1.5341950e-11
   3.3689105e+04   1.5409229e-11
   3.3688931e+04   1.5477675e-11
   3.3688757e+04   1.5546328e-11
   3.3688582e+04   1.5613746e-11
   3.3688408e+04   1.5682552e-11
   3.3688234e+04   1.5750602e-11
   3.3688059e+04   1.5823169e-11
   3.3687885e+04   1.5892706e-11
   3.3687711e+04   1.5965458e-11
   3.3687536e+04   1.6037454e-11
   3.3687362e+04   1.6109577e-11
   3.3687188e+04   1.6183070e-11
   3.3687013e+04   1.6256994e-11
   3.3686839e+04   1.6331300e-11
   3.3686665e+04   1.6408297e-11
   3.3686491e+04   1.6483816e-11
   3.3686316e+04   1.6559823e-11
   3.3686142e+04   1.6636900e-11
   3.3685968e+04   1.6716267e-11
   3.3685793e+04   1.6794066e-11
   3.3685619e+04   1.6872947e-11
   3.3685445e+04   1.6952995e-11
   3.3685270e+04   1.7031598e-11
   3.3685096e+04   1.7113422e-11
   3.3684922e+04   1.7195134e-11
   3.3684747e+04   1.7275181e-11
   3.3684573e+04   1.7357449e-11
   3.3684399e+04   1.7442270e-11
   3.3684224e+04   1.7526147e-11
   3.3684050e+04   1.7611190e-11
   3.3683876e+04   1.7696622e-11
   3.3683701e+04   1.7782137e-11
   3.3683527e+04   1.7869123e-11
   3.3683353e+04   1.7956692e-11
   3.3683179e+04   1.8045287e-11
   3.3683004e+04   1.8132384e-11
   3.3682830e+04   1.8222313e-11
   3.3682656e+04   1.8314017e-11
   3.3682481e+04   1.8405055e-11
   3.3682307e+04   1.8495205e-11
   3.3682133e+04   1.8588908e-11
   3.3681958e+04   1.8681834e-11
   3.3681784e+04   1.8776203e-11
   3.3681610e+04   1.8872515e-11
   3.3681435e+04   1.8969437e-11
   3.3681261e+04   1.9065749e-11
   3.3681087e+04   1.9164254e-11
   3.3680912e+04   1.9263452e-11
   3.3680738e+04   1.9362668e-11
   3.3680564e+04   1.9462680e-11
   3.3680389e+04   1.9565412e-11
   3.3680215e+04   1.9666525e-11
   3.3680041e+04   1.9769871e-11
   3.3679867e+04   1.9875307e-11
   3.3679692e+04   1.9979775e-11
   3.3679518e+04   2.0087646e-11
   3.3679344e+04   2.0194340e-11
   3.3679169e+04   2.0303286e-11
   3.3678995e+04   2.0412707e-11
   3.3678821e+04   2.0523823e-11
   3.3678646e+04   2.0634922e-11
   3.3678472e+04   2.0747008e-11
   3.3678298e+04   2.0862104e-11
   3.3678123e+04   2.0976373e-11
   3.3677949e+04   2.1092239e-11
   3.3677775e+04   2.1208202e-11
   3.3677600e+04   2.1326274e-11
   3.3677426e+04   2.1446622e-11
   3.3677252e+04   2.1566082e-11
   3.3677077e+04   2.1688207e-11
   3.3676903e+04   2.1809998e-11
   3.3676729e+04   2.1934343e-11
   3.3676554e+04   2.2058799e-11
   3.3676380e+04   2.2183477e-11
   3.3676206e+04   2.2310709e-11
   3.3676032e+04   2.2439994e-11
   3.3675857e+04   2.2568725e-11
   3.3675683e+04   2.2699564e-11
   3.3675509e+04   2.2830626e-11
   3.3675334e+04   2.2962576e-11
   3.3675160e+04   2.3098190e-11
   3.3674986e+04   2.3232638e-11
   3.3674811e+04   2.3371749e-11
   3.3674637e+04   2.3510305e-11
   3.3674463e+04   2.3650304e-11
   3.3674288e+04   2.3791968e-11
   3.3674114e+04   2.3934521e-11
   3.3673940e+04   2.4079849e-11
   3.3673765e+04   2.4225399e-11
   3.3673591e+04   2.4372532e-11
   3.3673417e+04   2.4520247e-11
   3.3673242e+04   2.4671140e-11
   3.3673068e+04   2.4823012e-11
   3.3672894e+04   2.4977138e-11
   3.3672720e+04   2.5132470e-11
   3.3672545e+04   2.5289993e-11
   3.3672371e+04   2.5449339e-11
   3.3672197e+04   2.5609630e-11
   3.3672022e+04   2.5772668e-11
   3.3671848e+04   2.5936873e-11
   3.3671674e+04   2.6104064e-11
   3.3671499e+04   2.6272411e-11
   3.3671325e+04   2.6442935e-11
   3.3671151e+04   2.6614723e-11
   3.3670976e+04   2.6786887e-11
   3.3670802e+04   2.6963598e-11
   3.3670628e+04   2.7140022e-11
   3.3670453e+04   2.7320690e-11
   3.3670279e+04   2.7502606e-11
   3.3670105e+04   2.7684789e-11
   3.3669930e+04   2.7871630e-11
   3.3669756e+04   2.8060661e-11
   3.3669582e+04   2.8248194e-11
   3.3669408e+04   2.8440722e-11
   3.3669233e+04   2.8634180e-11
   3.3669059e+04   2.8831241e-11
   3.3668885e+04   2.9028880e-11
   3.3668710e+04   2.9228272e-11
   3.3668536e+04   2.9430901e-11
   3.3668362e+04   2.9636096e-11
   3.3668187e+04   2.9845200e-11
   3.3668013e+04   3.0055864e-11
   3.3667839e+04   3.0268296e-11
   3.3667664e+04   3.0483806e-11
   3.3667490e+04   3.0701996e-11
   3.3667316e+04   3.0923172e-11
   3.3667141e+04   3.1146075e-11
   3.3666967e+04   3.1372236e-11
   3.3666793e+04   3.1601294e-11
   3.3666618e+04   3.1831909e-11
   3.3666444e+04   3.2066350e-11
   3.3666270e+04   3.2304603e-11
   3.3666096e+04   3.2543634e-11
   3.3665921e+04   3.2787217e-11
   3.3665747e+04   3.3035880e-11
   3.3665573e+04   3.3283681e-11
   3.3665398e+04   3.3537062e-11
   3.3665224e+04   3.3793322e-11
   3.3665050e+04   3.4053297e-11
   3.3664875e+04   3.4317292e-11
   3.3664701e+04   3.4584857e-11
   3.3664527e+04   3.4856953e-11
   3.3664352e+04   3.5133055e-11
   3.3664178e+04   3.5413153e-11
   3.3664004e+04   3.5696513e-11
   3.3663829e+04   3.5986797e-11
   3.3663655e+04   3.6276565e-11
   3.3663481e+04   3.6576228e-11
   3.3663306e+04   3.6879319e-11
   3.3663132e+04   3.7185227e-11
   3.3662958e+04   3.7496090e-11
   3.3662784e+04   3.7814321e-11
   3.3662609e+04   3.8136660e-11
   3.3662435e+04   3.8461831e-11
   3.3662261e+04   3.8794759e-11
   3.3662086e+04   3.9133211e-11
   3.3661912e+04   3.9474882e-11
   3.3661738e+04   3.9823936e-11
   3.3661563e+04   4.0178791e-11
   3.3661389e+04   4.0539350e-11
   3.3661215e+04   4.0905293e-11
   3.3661040e+04   4.1277030e-11
   3.3660866e+04   4.1657226e-11
   3.3660692e+04   4.2044007e-11
   3.3660517e+04   4.2439170e-11
   3.3660343e+04   4.2838878e-11
   3.3660169e+04   4.3248988e-11
   3.3659994e+04   4.3664877e-11
   3.3659820e+04   4.4088483e-11
   3.3659646e+04   4.4525696e-11
   3.3659472e+04   4.4966003e-11
   3.3659297e+04   4.5421195e-11
   3.3659123e+04   4.5883602e-11
   3.3658949e+04   4.6360887e-11
   3.3658774e+04   4.6846138e-11
   3.3658600e+04   4.7349041e-11
   3.3658426e+04   4.7859303e-11
   3.3658251e+04   4.8389921e-11
   3.3658077e+04   4.8930610e-11
   3.3657903e+04   4.9493509e-11
   3.3657728e+04   5.0067930e-11
   3.3657554e+04   5.0670364e-11
   3.3657380e+04   5.1281350e-11
   3.3657205e+04   5.1930151e-11
   3.3657031e+04   5.2581851e-11
   3.3656857e+04   5.3282695e-11
   3.3656682e+04   5.3985967e-11
   3.3656508e+04   5.4752128e-11
   3.3656334e+04   5.5516276e-11
   3.3656160e+04   5.6361547e-11
   3.3655985e+04   5.7196373e-11
   3.3655811e+04   5.8144101e-11
   3.3655637e+04   5.9061117e-11
   3.3655462e+04   6.0141003e-11
   3.3655288e+04   6.1164407e-11
   3.3655114e+04   6.2417483e-11
   3.3654939e+04   6.3568215e-11
   3.3654765e+04   6.5057039e-11
   3.3654591e+04   6.6365681e-11
   3.3654416e+04   6.8185457e-11
   3.3654242e+04   6.9682060e-11
   3.3654068e+04   7.1982258e-11
   3.3653893e+04   7.3698376e-11
   3.3653719e+04   7.6721124e-11
   3.3653545e+04   7.8669517e-11
   3.3653370e+04   8.2821857e-11
   3.3653196e+04   8.4951714e-11
   3.3653022e+04   9.0973311e-11
   3.3652848e+04   9.3041597e-11
   3.3652673e+04   1.0234712e-10
   3.3652499e+04   1.0357753e-10
   3.3652325e+04   1.1908786e-10
   3.3652150e+04   1.1718877e-10
   3.3651976e+04   1.4551147e-10
   3.3651802e+04   1.3367514e-10
   3.3651627e+04   1.9142119e-10
   3.3651453e+04   1.4843242e-10
   3.3651279e+04   2.8281041e-10
   3.3651104e+04   1.3664077e-10
   3.3650930e+04   5.0311755e-10
   3.3650756e+04   2.3173371e-11
   3.3650581e+04   1.1874954e-09
   3.3650407e+04   9.8351880e-10
   3.3650233e+04   4.0916014e-09
   3.3650058e+04   7.0652995e-09
   3.3649884e+04   2.2059944e-08
   3.3649710e+04   5.8636058e-08
   3.3649536e+04   2.0591434e-07
   3.3649361e+04   8.2898784e-07
   3.3649187e+04   4.5690414e-06
   3.3649013e+04   4.1222706e-05
   3.3648838e+04   1.6557990e-03
   3.3648664e+04   2.1021579e-02
   3.3648490e+04   1.0823452e-01
   3.3648315e+04   3.3813656e-01
   3.3648141e+04   7.5525250e-01
   3.3647967e+04   1.3540207e+00
   3.3647792e+04   2.1515381e+00
   3.3647618e+04   3.2267817e+00
   3.3647444e+04   4.6029748e+00
   3.3647269e+04   6.1344633e+00
   3.3647095e+04   7.6244738e+00
   3.3646921e+04   9.0286535e+00
   3.3646746e+04   1.0403351e+01
   3.3646572e+04   1.1663642e+01
   3.3646398e+04   1.2585539e+01
   3.3646224e+04   1.3110920e+01
   3.3646049e+04   1.3456187e+01
   3.3645875e+04   1.3795574e+01
   3.3645701e+04   1.4011745e+01
   3.3645526e+04   1.3925750e+01
   3.3645352e+04   1.3615215e+01
   3.3645178e+04   1.3277118e+01
   3.3645003e+04   1.2869853e+01
   3.3644829e+04   1.2144699e+01
   3.3644655e+04   1.1015952e+01
   3.3644480e+04   9.6702804e+00
   3.3644306e+04   8.2831115e+00
   3.3644132e+04   6.8387669e+00
   3.3643957e+04   5.3082787e+00
   3.3643783e+04   3.8332228e+00
   3.3643609e+04   2.6113828e+00
   3.3643434e+04   1.6955664e+00
   3.3643260e+04   1.0112592e+00
   3.3643086e+04   5.0815871e-01
   3.3642912e+04   1.9312145e-01
   3.3642737e+04   4.8602687e-02
   3.3642563e+04   6.3601965e-03
   3.3642389e+04   1.3929086e-04
   3.3642214e+04   1.1028719e-05
   3.3642040e+04   1.8332895e-06
   3.3641866e+04   4.3211927e-07
   3.3641691e+04   1.3231964e-07
   3.3641517e+04   4.4120911e-08
   3.3641343e+04   1.9186024e-08
   3.3641168e+04   6.9382505e-09
   3.3640994e+04   4.3633031e-09
   3.3640820e+04   1.2308446e-09
   3.3640645e+04   1.4482844e-09
   3.3640471e+04   8.3976909e-11
   3.3640297e+04   6.8539141e-10
   3.3640122e+04   1.8416267e-10
   3.3639948e+04   4.3873426e-10
   3.3639774e+04   2.5184907e-10
   3.3639600e+04   3.4721465e-10
   3.3639425e+04   2.7099993e-10
   3.3639251e+04   3.1263971e-10
   3.3639077e+04   2.8024959e-10
   3.3638902e+04   3.0364664e-10
   3.3638728e+04   2.9021122e-10
   3.3638554e+04   3.0922084e-10
   3.3638379e+04   3.0392998e-10
   3.3638205e+04   3.2595168e-10
   3.3638031e+04   3.2219599e-10
   3.3637856e+04   3.5460021e-10
   3.3637682e+04   3.4452327e-10
   3.3637508e+04   4.0048687e-10
   3.3637333e+04   3.6748965e-10
   3.3637159e+04   4.7833748e-10
   3.3636985e+04   3.7733519e-10
   3.3636810e+04   6.2964375e-10
   3.3636636e+04   3.2084702e-10
   3.3636462e+04   9.8853849e-10
   3.3636288e+04   2.1370010e-11
   3.3636113e+04   2.0765969e-09
   3.3635939e+04   1.6864173e-09
   3.3635765e+04   6.4430409e-09
   3.3635590e+04   1.0758173e-08
   3.3635416e+04   3.0889155e-08
   3.3635242e+04   7.6858630e-08
   3.3635067e+04   2.4616341e-07
   3.3634893e+04   8.9357367e-07
   3.3634719e+04   4.3008046e-06
   3.3634544e+04   3.1505174e-05
   3.3634370e+04   6.2669573e-04
   3.3634196e+04   1.2281244e-02
   3.3634021e+04   7.5176802e-02
   3.3633847e+04   2.6192673e-01
   3.3633673e+04   6.3025142e-01
   3.3633498e+04   1.1835536e+00
   3.3633324e+04   1.9244026e+00
   3.3633150e+04   2.9211079e+00
   3.3632975e+04   4.2276450e+00
   3.3632801e+04   5.7409977e+00
   3.3632627e+04   7.2547654e+00
   3.3632453e+04   8.6762781e+00
   3.3632278e+04   1.0058418e+01
   3.3632104e+04   1.1368885e+01
   3.3631930e+04   1.2396159e+01
   3.3631755e+04   1.3011254e+01
   3.3631581e+04   1.3377240e+01
   3.3631407e+04   1.3718134e+01
   3.3631232e+04   1.3988377e+01
   3.3631058e+04   1.3984952e+01
   3.3630884e+04   1.3710987e+01
   3.3630709e+04   1.3370230e+01
   3.3630535e+04   1.3001844e+01
   3.3630361e+04   1.2378819e+01
   3.3630186e+04   1.1343341e+01
   3.3630012e+04   1.0029545e+01
   3.3629838e+04   8.6469690e+00
   3.3629663e+04   7.2238600e+00
   3.3629489e+04   5.7084474e+00
   3.3629315e+04   4.1973159e+00
   3.3629141e+04   2.8969010e+00
   3.3628966e+04   1.9064923e+00
   3.3628792e+04   1.1700793e+00
   3.3628618e+04   6.2052833e-01
   3.3628443e+04   2.5623271e-01
   3.3628269e+04   7.2853147e-02
   3.3628095e+04   1.1720262e-02
   3.3627920e+04   5.7189517e-04
   3.3627746e+04   2.9941675e-05
   3.3627572e+04   4.1491908e-06
   3.3627397e+04   8.6972755e-07
   3.3627223e+04   2.4189694e-07
   3.3627049e+04   7.5352674e-08
   3.3626874e+04   3.1076545e-08
   3.3626700e+04   1.0224240e-08
   3.3626526e+04   6.9260539e-09
   3.3626351e+04   1.1738873e-09
   3.3626177e+04   2.6192787e-09
   3.3626003e+04   5.3803119e-10
   3.3625829e+04   1.5810158e-09
   3.3625654e+04   9.3700420e-10
   3.3625480e+04   1.2793713e-09
   3.3625306e+04   1.0572527e-09
   3.3625131e+04   1.1944151e-09
   3.3624957e+04   1.1195604e-09
   3.3624783e+04   1.1929338e-09
   3.3624608e+04   1.1788748e-09
   3.3624434e+04   1.2348730e-09
   3.3624260e+04   1.2509659e-09
   3.3624085e+04   1.3075487e-09
   3.3623911e+04   1.3417330e-09
   3.3623737e+04   1.4084028e-09
   3.3623562e+04   1.4548379e-09
   3.3623388e+04   1.5403640e-09
   3.3623214e+04   1.5935972e-09
   3.3623039e+04   1.7118134e-09
   3.3622865e+04   1.7603082e-09
   3.3622691e+04   1.9406975e-09
   3.3622517e+04   1.9511768e-09
   3.3622342e+04   2.2686425e-09
   3.3622168e+04   2.1354683e-09
   3.3621994e+04   2.8112290e-09
   3.3621819e+04   2.1661014e-09
   3.3621645e+04   3.9682895e-09
   3.3621471e+04   1.3399124e-09
   3.3621296e+04   7.5106723e-09
   3.3621122e+04   4.2667102e-09
   3.3620948e+04   2.3982336e-08
   3.3620773e+04   4.3787901e-08
   3.3620599e+04   1.4765976e-07
   3.3620425e+04   4.6839084e-07
   3.3620250e+04   2.0337905e-06
   3.3620076e+04   1.2398270e-05
   3.3619902e+04   1.6159706e-04
   3.3619727e+04   6.7128577e-03
   3.3619553e+04   5.0364501e-02
   3.3619379e+04   1.9803537e-01
   3.3619205e+04   5.1740427e-01
   3.3619030e+04   1.0248564e+00
   3.3618856e+04   1.7139780e+00
   3.3618682e+04   2.6366231e+00
   3.3618507e+04   3.8663138e+00
   3.3618333e+04   5.3463876e+00
   3.3618159e+04   6.8775426e+00
   3.3617984e+04   8.3214700e+00
   3.3617810e+04   9.7096275e+00
   3.3617636e+04   1.1054584e+01
   3.3617461e+04   1.2177341e+01
   3.3617287e+04   1.2894552e+01
   3.3617113e+04   1.3298343e+01
   3.3616938e+04   1.3636973e+01
   3.3616764e+04   1.3945432e+01
   3.3616590e+04   1.4024908e+01
   3.3616415e+04   1.3803525e+01
   3.3616241e+04   1.3463383e+01
   3.3616067e+04   1.3116625e+01
   3.3615893e+04   1.2583935e+01
   3.3615718e+04   1.1652218e+01
   3.3615544e+04   1.0385904e+01
   3.3615370e+04   9.0090422e+00
   3.3615195e+04   7.6022193e+00
   3.3615021e+04   6.1085977e+00
   3.3614847e+04   4.5764759e+00
   3.3614672e+04   3.2042352e+00
   3.3614498e+04   2.1344503e+00
   3.3614324e+04   1.3409770e+00
   3.3614149e+04   7.4533565e-01
   3.3613975e+04   3.3176599e-01
   3.3613801e+04   1.0529468e-01
   3.3613626e+04   2.0181930e-02
   3.3613452e+04   1.5432811e-03
   3.3613278e+04   4.1624494e-05
   3.3613103e+04   4.7147507e-06
   3.3612929e+04   8.6025892e-07
   3.3612755e+04   2.2277502e-07
   3.3612581e+04   5.7928479e-08
   3.3612406e+04   2.7968117e-08
   3.3612232e+04   3.8631908e-09
   3.3612058e+04   7.9506458e-09
   3.3611883e+04   2.0907294e-09
   3.3611709e+04   4.2321251e-09
   3.3611535e+04   2.6596484e-09
   3.3611360e+04   3.0463659e-09
   3.3611186e+04   2.4552702e-09
   3.3611012e+04   2.4592240e-09
   3.3610837e+04   2.1625986e-09
   3.3610663e+04   2.0808812e-09
   3.3610489e+04   1.8970573e-09
   3.3610314e+04   1.8031963e-09
   3.3610140e+04   1.6730735e-09
   3.3609966e+04   1.5858546e-09
   3.3609791e+04   1.4862337e-09
   3.3609617e+04   1.4095886e-09
   3.3609443e+04   1.3296821e-09
   3.3609269e+04   1.2633848e-09
   3.3609094e+04   1.1973840e-09
   3.3608920e+04   1.1401624e-09
   3.3608746e+04   1.0845551e-09
   3.3608571e+04   1.0350144e-09
   3.3608397e+04   9.8748709e-10
   3.3608223e+04   9.4438712e-10
   3.3608048e+04   9.0331254e-10
   3.3607874e+04   8.6560567e-10
   3.3607700e+04   8.2978893e-10
   3.3607525e+04   7.9661927e-10
   3.3607351e+04   7.6514850e-10
   3.3607177e+04   7.3581508e-10
   3.3607002e+04   7.0798539e-10
   3.3606828e+04   6.8191142e-10
   3.3606654e+04   6.5716407e-10
   3.3606479e+04   6.3387856e-10
   3.3606305e+04   6.1175839e-10
   3.3606131e+04   5.9087649e-10
   3.3605957e+04   5.7101418e-10
   3.3605782e+04   5.5220706e-10
   3.3605608e+04   5.3430048e-10
   3.3605434e+04   5.1730138e-10
   3.3605259e+04   5.0109265e-10
   3.3605085e+04   4.8567540e-10
   3.3604911e+04   4.7095461e-10
   3.3604736e+04   4.5692394e-10
   3.3604562e+04   4.4351017e-10
   3.3604388e+04   4.3070589e-10
   3.3604213e+04   4.1844811e-10
   3.3604039e+04   4.0672510e-10
   3.3603865e+04   3.9549297e-10
   3.3603690e+04   3.8473458e-10
   3.3603516e+04   3.7441258e-10
   3.3603342e+04   3.6451453e-10
   3.3603167e+04   3.5500741e-10
   3.3602993e+04   3.4587799e-10
   3.3602819e+04   3.3709968e-10
   3.3602645e+04   3.2866099e-10
   3.3602470e+04   3.2053721e-10
   3.3602296e+04   3.1272085e-10
   3.3602122e+04   3.0518760e-10
   3.3601947e+04   2.9793318e-10
   3.3601773e+04   2.9093394e-10
   3.3601599e+04   2.8418456e-10
   3.3601424e+04   2.7767322e-10
   3.3601250e+04   2.7138475e-10
   3.3601076e+04   2.6531244e-10
   3.3600901e+04   2.5944508e-10
   3.3600727e+04   2.5377539e-10
   3.3600553e+04   2.4829055e-10
   3.3600378e+04   2.4298608e-10
   3.3600204e+04   2.3785418e-10
   3.3600030e+04   2.3288393e-10
   3.3599855e+04   2.2807328e-10
   3.3599681e+04   2.2341232e-10
   3.3599507e+04   2.1889426e-10
   3.3599333e+04   2.1451607e-10
   3.3599158e+04   2.1027051e-10
   3.3598984e+04   2.0615249e-10
   3.3598810e+04   2.0215613e-10
   3.3598635e+04   1.9827734e-10
   3.3598461e+04   1.9451250e-10
   3.3598287e+04   1.9085535e-10
   3.3598112e+04   1.8730276e-10
   3.3597938e+04   1.8385005e-10
   3.3597764e+04   1.8049352e-10
   3.3597589e+04   1.7723085e-10
   3.3597415e+04   1.7405716e-10
   3.3597241e+04   1.7096989e-10
   3.3597066e+04   1.6796534e-10
   3.3596892e+04   1.6504173e-10
   3.3596718e+04   1.6219454e-10
   3.3596543e+04   1.5942270e-10
   3.3596369e+04   1.5672130e-10
   3.3596195e+04   1.5409096e-10
   3.3596021e+04   1.5152701e-10
   3.3595846e+04   1.4902835e-10
   3.3595672e+04   1.4659118e-10
   3.3595498e+04   1.4421264e-10
   3.3595323e+04   1.4189716e-10
   3.3595149e+04   1.3963719e-10
   3.3594975e+04   1.3742740e-10
   3.3594800e+04   1.3527446e-10
   3.3594626e+04   1.3317125e-10
   3.3594452e+04   1.3111823e-10
   3.3594277e+04   1.2911450e-10
   3.3594103e+04   1.2715562e-10
   3.3593929e+04   1.2524248e-10
   3.3593754e+04   1.2337420e-10
   3.3593580e+04   1.2154944e-10
   3.3593406e+04   1.1976287e-10
   3.3593231e+04   1.1801848e-10
   3.3593057e+04   1.1631052e-10
   3.3592883e+04   1.1464119e-10
   3.3592709e+04   1.1300916e-10
   3.3592534e+04   1.1141399e-10
   3.3592360e+04   1.0985179e-10
   3.3592186e+04   1.0832180e-10
   3.3592011e+04   1.0682549e-10
   3.3591837e+04   1.0536061e-10
   3.3591663e+04   1.0392598e-10
   3.3591488e+04   1.0252190e-10
   3.3591314e+04   1.0114592e-10
   3.3591140e+04   9.9797872e-11
   3.3590965e+04   9.8479148e-11
   3.3590791e+04   9.7186111e-11
   3.3590617e+04   9.5918090e-11
   3.3590442e+04   9.4675607e-11
   3.3590268e+04   9.3458373e-11
   3.3590094e+04   9.2265383e-11
   3.3589919e+04   9.1094464e-11
   3.3589745e+04   8.9947557e-11
   3.3589571e+04   8.8823523e-11
   3.3589396e+04   8.7719940e-11
   3.3589222e+04   8.6638897e-11
   3.3589048e+04   8.5575991e-11
   3.3588874e+04   8.4534879e-11
   3.3588699e+04   8.3514112e-11
   3.3588525e+04   8.2510027e-11
   3.3588351e+04   8.1525897e-11
   3.3588176e+04   8.0558449e-11
   3.3588002e+04   7.9610096e-11
   3.3587828e+04   7.8675733e-11
   3.3587653e+04   7.7763129e-11
   3.3587479e+04   7.6864293e-11
   3.3587305e+04   7.5979667e-11
   3.3587130e+04   7.5113693e-11
   3.3586956e+04   7.4261042e-11
   3.3586782e+04   7.3423934e-11
   3.3586607e+04   7.2600592e-11
   3.3586433e+04   7.1791906e-11
   3.3586259e+04   7.0996098e-11
   3.3586084e+04   7.0214945e-11
   3.3585910e+04   6.9446227e-11
   3.3585736e+04   6.8690387e-11
   3.3585562e+04   6.7946093e-11
   3.3585387e+04   6.7217787e-11
   3.3585213e+04   6.6500139e-11
   3.3585039e+04   6.5793371e-11
   3.3584864e+04   6.5097483e-11
   3.3584690e+04   6.4415584e-11
   3.3584516e+04   6.3742123e-11
   3.3584341e+04   6.3081984e-11
   3.3584167e+04   6.2430505e-11
   3.3583993e+04   6.1789296e-11
   3.3583818e+04   6.1159661e-11
   3.3583644e+04   6.0539899e-11
   3.3583470e+04   5.9929932e-11
   3.3583295e+04   5.9328542e-11
   3.3583121e+04   5.8736597e-11
   3.3582947e+04   5.8153894e-11
   3.3582772e+04   5.7581267e-11
   3.3582598e+04   5.7015549e-11
   3.3582424e+04   5.6458948e-11
   3.3582250e+04   5.5911932e-11
   3.3582075e+04   5.5371342e-11
   3.3581901e+04   5.4841036e-11
   3.3581727e+04   5.4317847e-11
   3.3581552e+04   5.3801796e-11
   3.3581378e+04   5.3294609e-11
   3.3581204e+04   5.2794627e-11
   3.3581029e+04   5.2300461e-11
   3.3580855e+04   5.1815229e-11
   3.3580681e+04   5.1336718e-11
   3.3580506e+04   5.0863844e-11
   3.3580332e+04   5.0398409e-11
   3.3580158e+04   4.9939802e-11
   3.3579983e+04   4.9486663e-11
   3.3579809e+04   4.9040607e-11
   3.3579635e+04   4.8601161e-11
   3.3579460e+04   4.8168387e-11
   3.3579286e+04   4.7740729e-11
   3.3579112e+04   4.7319360e-11
   3.3578938e+04   4.6902637e-11
   3.3578763e+04   4.6493028e-11
   3.3578589e+04   4.6088320e-11
   3.3578415e+04   4.5689650e-11
   3.3578240e+04   4.5294963e-11
   3.3578066e+04   4.4906657e-11
   3.3577892e+04   4.4523091e-11
   3.3577717e+04   4.4144718e-11
   3.3577543e+04   4.3772427e-11
   3.3577369e+04   4.3402674e-11
   3.3577194e+04   4.3039128e-11
   3.3577020e+04   4.2681192e-11
   3.3576846e+04   4.2327475e-11
   3.3576671e+04   4.1978643e-11
   3.3576497e+04   4.1634085e-11
   3.3576323e+04   4.1292803e-11
   3.3576148e+04   4.0957737e-11
   3.3575974e+04   4.0625329e-11
   3.3575800e+04   4.0298468e-11
   3.3575626e+04   3.9975738e-11
   3.3575451e+04   3.9657591e-11
   3.3575277e+04   3.9342004e-11
   3.3575103e+04   3.9030188e-11
   3.3574928e+04   3.8724338e-11
   3.3574754e+04   3.8419738e-11
   3.3574580e+04   3.8120201e-11
   3.3574405e+04   3.7824757e-11
   3.3574231e+04   3.7533643e-11
   3.3574057e+04   3.7243514e-11
   3.3573882e+04   3.6958825e-11
   3.3573708e+04   3.6677286e-11
   3.3573534e+04   3.6398412e-11
   3.3573359e+04   3.6125880e-11
   3.3573185e+04   3.5852890e-11
   3.3573011e+04   3.5585326e-11
   3.3572836e+04   3.5319442e-11
   3.3572662e+04   3.5058123e-11
   3.3572488e+04   3.4799344e-11
   3.3572314e+04   3.4544465e-11
   3.3572139e+04   3.4291417e-11
   3.3571965e+04   3.4040964e-11
   3.3571791e+04   3.3793829e-11
   3.3571616e+04   3.3550190e-11
   3.3571442e+04   3.3309147e-11
   3.3571268e+04   3.3070241e-11
   3.3571093e+04   3.2835235e-11
   3.3570919e+04   3.2602171e-11
   3.3570745e+04   3.2370912e-11
   3.3570570e+04   3.2142955e-11
   3.3570396e+04   3.1917635e-11
   3.3570222e+04   3.1694536e-11
   3.3570047e+04   3.1474129e-11
   3.3569873e+04   3.1256026e-11
   3.3569699e+04   3.1040392e-11
   3.3569524e+04   3.0826952e-11
   3.3569350e+04   3.0616010e-11
   3.3569176e+04   3.0406792e-11
   3.3569002e+04   3.0200499e-11
   3.3568827e+04   2.9996423e-11
   3.3568653e+04   2.9794572e-11
   3.3568479e+04   2.9593530e-11
   3.3568304e+04   2.9397297e-11
   3.3568130e+04   2.9200457e-11
   3.3567956e+04   2.9006377e-11
   3.3567781e+04   2.8814779e-11
   3.3567607e+04   2.8626252e-11
   3.3567433e+04   2.8438902e-11
   3.3567258e+04   2.8252021e-11
   3.3567084e+04   2.8069314e-11
   3.3566910e+04   2.7886846e-11
   3.3566735e+04   2.7706920e-11
   3.3566561e+04   2.7529701e-11
   3.3566387e+04   2.7354119e-11
   3.3566212e+04   2.7180924e-11
   3.3566038e+04   2.7009114e-11
   3.3565864e+04   2.6838754e-11
   3.3565690e+04   2.6670320e-11
   3.3565515e+04   2.6503471e-11
   3.3565341e+04   2.6338665e-11
   3.3565167e+04   2.6174336e-11
   3.3564992e+04   2.6012751e-11
   3.3564818e+04   2.5853255e-11
   3.3564644e+04   2.5696142e-11
   3.3564469e+04   2.5537612e-11
   3.3564295e+04   2.5381682e-11
   3.3564121e+04   2.5228256e-11
   3.3563946e+04   2.5076031e-11
   3.3563772e+04   2.4923910e-11
   3.3563598e+04   2.4774046e-11
   3.3563423e+04   2.4624634e-11
   3.3563249e+04   2.4478892e-11
   3.3563075e+04   2.4333185e-11
   3.3562900e+04   2.4188799e-11
   3.3562726e+04   2.4046060e-11
   3.3562552e+04   2.3905523e-11
   3.3562378e+04   2.3766485e-11
   3.3562203e+04   2.3625965e-11
   3.3562029e+04   2.3489765e-11
   3.3561855e+04   2.3352905e-11
   3.3561680e+04   2.3220058e-11
   3.3561506e+04   2.3086356e-11
   3.3561332e+04   2.2953976e-11
   3.3561157e+04   2.2824539e-11
   3.3560983e+04   2.2694677e-11
   3.3560809e+04   2.2566947e-11
   3.3560634e+04   2.2440734e-11
   3.3560460e+04   2.2314080e-11
   3.3560286e+04   2.2189737e-11
   3.3560111e+04   2.2067549e-11
   3.3559937e+04   2.1945018e-11
   3.3559763e+04   2.1823969e-11
   3.3559588e+04   2.1703774e-11
   3.3559414e+04   2.1585648e-11
   3.3559240e+04   2.1466672e-11
   3.3559066e+04   2.1349728e-11
   3.3558891e+04   2.1233931e-11
   3.3558717e+04   2.1118440e-11
   3.3558543e+04   2.1004642e-11
   3.3558368e+04   2.0892510e-11
   3.3558194e+04   2.0779156e-11
   3.3558020e+04   2.0670354e-11
   3.3557845e+04   2.0559998e-11
   3.3557671e+04   2.0452084e-11
   3.3557497e+04   2.0345059e-11
   3.3557322e+04   2.0235813e-11
   3.3557148e+04   2.0131896e-11
   3.3556974e+04   2.0026203e-11
   3.3556799e+04   1.9921842e-11
   3.3556625e+04   1.9821034e-11
   3.3556451e+04   1.9717561e-11
   3.3556276e+04   1.9614088e-11
   3.3556102e+04   1.9515944e-11
   3.3555928e+04   1.9415136e-11
   3.3555754e+04   1.9317437e-11
   3.3555579e+04   1.9218405e-11
   3.3555405e+04   1.9122481e-11
   3.3555231e+04   1.9025670e-11
   3.3555056e+04   1.8929747e-11
   3.3554882e+04   1.8836488e-11
   3.3554708e+04   1.8742563e-11
   3.3554533e+04   1.8648527e-11
   3.3554359e+04   1.8557156e-11
   3.3554185e+04   1.8465035e-11
   3.3554010e+04   1.8375107e-11
   3.3553836e+04   1.8283375e-11
   3.3553662e+04   1.8193648e-11
   3.3553487e+04   1.8105734e-11
   3.3553313e+04   1.8018336e-11
   3.3553139e+04   1.7929971e-11
   3.3552964e+04   1.7842253e-11
   3.3552790e+04   1.7756637e-11
   3.3552616e+04   1.7671252e-11
   3.3552442e+04   1.7586930e-11
   3.3552267e+04   1.7502083e-11
   3.3552093e+04   1.7418678e-11
   3.3551919e+04   1.7337062e-11
   3.3551744e+04   1.7255294e-11
   3.3551570e+04   1.7175344e-11
   3.3551396e+04   1.7095575e-11
   3.3551221e+04   1.7015125e-11
   3.3551047e+04   1.6936175e-11
   3.3550873e+04   1.6859777e-11
   3.3550698e+04   1.6782090e-11
   3.3550524e+04   1.6704707e-11
   3.3550350e+04   1.6628462e-11
   3.3550175e+04   1.6554327e-11
   3.3550001e+04   1.6480026e-11
   3.3549827e+04   1.6405044e-11
   3.3549652e+04   1.6331533e-11
   3.3549478e+04   1.6257336e-11
   3.3549304e+04   1.6186170e-11
   3.3549130e+04   1.6113194e-11
   3.3548955e+04   1.6041106e-11
   3.3548781e+04   1.5968525e-11
   3.3548607e+04   1.5898088e-11
   3.3548432e+04   1.5827700e-11
   3.3548258e+04   1.5757534e-11
   3.3548084e+04   1.5686695e-11
   3.3547909e+04   1.5618978e-11
   3.3547735e+04   1.5549922e-11
   3.3547561e+04   1.5481533e-11
   3.3547386e+04   1.5415252e-11
   3.3547212e+04   1.5349180e-11
   3.3547038e+04   1.5282366e-11
   3.3546863e+04   1.5216729e-11
   3.3546689e+04   1.5151798e-11
   3.3546515e+04   1.5088590e-11
   3.3546340e+04   1.5023531e-11
   3.3546166e+04   1.4960931e-11
   3.3545992e+04   1.4897572e-11
   3.3545817e+04   1.4836042e-11
   3.3545643e+04   1.4774217e-11
   3.3545469e+04   1.4711655e-11
   3.3545295e+04   1.4650851e-11
   3.3545120e+04   1.4590529e-11
   3.3544946e+04   1.4530303e-11
   3.3544772e+04   1.4470748e-11
   3.3544597e+04   1.4412645e-11
   3.3544423e+04   1.4353560e-11
   3.3544249e+04   1.4293067e-11
   3.3544074e+04   1.4236751e-11
   3.3543900e+04   1.4178769e-11
   3.3543726e+04   1.4121149e-11
   3.3543551e+04   1.4065193e-11
   3.3543377e+04   1.4009460e-11
   3.3543203e+04   1.3951729e-11
   3.3543028e+04   1.3896551e-11
   3.3542854e+04   1.3840595e-11
   3.3542680e+04   1.3786305e-11
   3.3542505e+04   1.3733126e-11
   3.3542331e+04   1.3677171e-11
   3.3542157e+04   1.3623935e-11
   3.3541983e+04   1.3570367e-11
   3.3541808e+04   1.3516577e-11
   3.3541634e+04   1.3464785e-11
   3.3541460e+04   1.3412882e-11
   3.3541285e+04   1.3358425e-11
   3.3541111e+04   1.3309021e-11
   3.3540937e+04   1.3257617e-11
   3.3540762e+04   1.3207435e-11
   3.3540588e+04   1.3155144e-11
   3.3540414e+04   1.3106738e-11
   3.3540239e+04   1.3056556e-11
   3.3540065e+04   1.3006263e-11
   3.3539891e+04   1.2957524e-11
   3.3539716e+04   1.2909313e-11
   3.3539542e+04   1.2861184e-11
   3.3539368e+04   1.2811432e-11
   3.3539193e+04   1.2764879e-11
   3.3539019e+04   1.2717011e-11
   3.3538845e+04   1.2669454e-11
   3.3538671e+04   1.2621953e-11
   3.3538496e+04   1.2578095e-11
   3.3538322e+04   1.2529799e-11
   3.3538148e+04   1.2485095e-11
   3.3537973e+04   1.2438367e-11
   3.3537799e+04   1.2393925e-11
   3.3537625e+04   1.2348993e-11
   3.3537450e+04   1.2303359e-11
   3.3537276e+04   1.2258439e-11
   3.3537102e+04   1.2215174e-11
   3.3536927e+04   1.2172127e-11
   3.3536753e+04   1.2127035e-11
   3.3536579e+04   1.2084166e-11
   3.3536404e+04   1.2042155e-11
   3.3536230e+04   1.1999284e-11
   3.3536056e+04   1.1956560e-11
   3.3535881e+04   1.1914352e-11
   3.3535707e+04   1.1873039e-11
   3.3535533e+04   1.1833147e-11
   3.3535359e+04   1.1792401e-11
   3.3535184e+04   1.1752178e-11
   3.3535010e+04   1.1711670e-11
   3.3534836e+04   1.1670755e-11
   3.3534661e+04   1.1631751e-11
   3.3534487e+04   1.1592660e-11
   3.3534313e+04   1.1552212e-11
   3.3534138e+04   1.1513995e-11
   3.3533964e+04   1.1473694e-11
   3.3533790e+04   1.1436152e-11
   3.3533615e+04   1.1396082e-11
   3.3533441e+04   1.1357999e-11
   3.3533267e+04   1.1322035e-11
   3.3533092e+04   1.1283679e-11
   3.3532918e+04   1.1245865e-11
   3.3532744e+04   1.1208254e-11
   3.3532569e+04   1.1170634e-11
   3.3532395e+04   1.1134524e-11
   3.3532221e+04   1.1096526e-11
   3.3532047e+04   1.1060951e-11
   3.3531872e+04   1.1025354e-11
   3.3531698e+04   1.0987792e-11
   3.3531524e+04   1.0954522e-11
   3.3531349e+04   1.0918816e-11
   3.3531175e+04   1.0881746e-11
   3.3531001e+04   1.0847122e-11
   3.3530826e+04   1.0812961e-11
   3.3530652e+04   1.0779875e-11
   3.3530478e+04   1.0744843e-11
   3.3530303e+04   1.0709674e-11
   3.3530129e+04   1.0676460e-11
   3.3529955e+04   1.0643472e-11
   3.3529780e+04   1.0608486e-11
   3.3529606e+04   1.0575263e-11
   3.3529432e+04   1.0542789e-11
   3.3529257e+04   1.0508039e-11
   3.3529083e+04   1.0475287e-11
   3.3528909e+04   1.0443646e-11
   3.3528735e+04   1.0411672e-11
   3.3528560e+04   1.0379142e-11
   3.3528386e+04   1.0345724e-11
   3.3528212e+04   1.0316858e-11
   3.3528037e+04   1.0284051e-11
   3.3527863e+04   1.0252188e-11
   3.3527689e+04   1.0221157e-11
   3.3527514e+04   1.0190487e-11
   3.3527340e+04   1.0159401e-11
   3.3527166e+04   1.0130508e-11
   3.3526991e+04   1.0098311e-11
   3.3526817e+04   1.0068613e-11
   3.3526643e+04   1.0038637e-11
   3.3526468e+04   1.0009993e-11
   3.3526294e+04   9.9775743e-12
   3.3526120e+04   9.9500408e-12
   3.3525945e+04   9.9225073e-12
   3.3525771e+04   9.8926423e-12
   3.3525597e+04   9.8637765e-12
   3.3525423e+04   9.8340780e-12
   3.3525248e+04   9.8072106e-12
   3.3525074e+04   9.7784003e-12
   3.3524900e+04   9.7502284e-12
   3.3524725e+04   9.7225283e-12
   3.3524551e+04   9.6931595e-12
   3.3524377e+04   9.6659165e-12
   3.3524202e+04   9.6390390e-12
   3.3524028e+04   9.6112954e-12
   3.3523854e+04   9.5836589e-12
   3.3523679e+04   9.5572089e-12
   3.3523505e+04   9.5300615e-12
   3.3523331e+04   9.5048451e-12
   3.3523156e+04   9.4777565e-12
   3.3522982e+04   9.4517473e-12
   3.3522808e+04   9.4239635e-12
   3.3522633e+04   9.3981123e-12
   3.3522459e+04   9.3721237e-12
   3.3522285e+04   9.3451705e-12
   3.3522111e+04   9.3193647e-12
   3.3521936e+04   9.2936353e-12
   3.3521762e+04   9.2687524e-12
   3.3521588e+04   9.2436614e-12
