   3.3878412e+04   9.2181263e-12
   3.3878238e+04   9.1947006e-12
   3.3878064e+04   9.1683328e-12
   3.3877889e+04   9.1448515e-12
   3.3877715e+04   9.1195940e-12
   3.3877541e+04   9.0952801e-12
   3.3877367e+04   9.0699670e-12
   3.3877192e+04   9.0455421e-12
   3.3877018e+04   9.0231711e-12
   3.3876844e+04   8.9989960e-12
   3.3876669e+04   8.9742658e-12
   3.3876495e+04   8.9516797e-12
   3.3876321e+04   8.9279417e-12
   3.3876146e+04   8.9051266e-12
   3.3875972e+04   8.8830054e-12
   3.3875798e+04   8.8596352e-12
   3.3875623e+04   8.8369867e-12
   3.3875449e+04   8.8132834e-12
   3.3875275e+04   8.7921892e-12
   3.3875100e+04   8.7693186e-12
   3.3874926e+04   8.7477803e-12
   3.3874752e+04   8.7249652e-12
   3.3874577e+04   8.7030383e-12
   3.3874403e+04   8.6812779e-12
   3.3874229e+04   8.6594343e-12
   3.3874055e+04   8.6372021e-12
   3.3873880e+04   8.6153584e-12
   3.3873706e+04   8.5960405e-12
   3.3873532e+04   8.5735724e-12
   3.3873357e+04   8.5538521e-12
   3.3873183e+04   8.5314811e-12
   3.3873009e+04   8.5110807e-12
   3.3872834e+04   8.4896951e-12
   3.3872660e+04   8.4690588e-12
   3.3872486e+04   8.4472429e-12
   3.3872311e+04   8.4277585e-12
   3.3872137e+04   8.4065532e-12
   3.3871963e+04   8.3862361e-12
   3.3871788e+04   8.3652252e-12
   3.3871614e+04   8.3456853e-12
   3.3871440e+04   8.3253959e-12
   3.3871265e+04   8.3047180e-12
   3.3871091e+04   8.2852614e-12
   3.3870917e+04   8.2651663e-12
   3.3870743e+04   8.2464036e-12
   3.3870568e+04   8.2266416e-12
   3.3870394e+04   8.2068796e-12
   3.3870220e+04   8.1870621e-12
   3.3870045e+04   8.1694651e-12
   3.3869871e+04   8.1487039e-12
   3.3869697e+04   8.1294971e-12
   3.3869522e+04   8.1113449e-12
   3.3869348e+04   8.0943030e-12
   3.3869174e+04   8.0738749e-12
   3.3868999e+04   8.0562779e-12
   3.3868825e+04   8.0385143e-12
   3.3868651e+04   8.0198903e-12
   3.3868476e+04   8.0032370e-12
   3.3868302e+04   7.9846130e-12
   3.3868128e+04   7.9655726e-12
   3.3867953e+04   7.9485307e-12
   3.3867779e+04   7.9309337e-12
   3.3867605e+04   7.9140028e-12
   3.3867431e+04   7.8955731e-12
   3.3867256e+04   7.8785450e-12
   3.3867082e+04   7.8606843e-12
   3.3866908e+04   7.8440726e-12
   3.3866733e+04   7.8260315e-12
   3.3866559e+04   7.8095932e-12
   3.3866385e+04   7.7936164e-12
   3.3866210e+04   7.7768122e-12
   3.3866036e+04   7.7603306e-12
   3.3865862e+04   7.7431065e-12
   3.3865687e+04   7.7267199e-12
   3.3865513e+04   7.7105918e-12
   3.3865339e+04   7.6944688e-12
   3.3865164e+04   7.6775325e-12
   3.3864990e+04   7.6610298e-12
   3.3864816e+04   7.6458562e-12
   3.3864641e+04   7.6280926e-12
   3.3864467e+04   7.6119666e-12
   3.3864293e+04   7.5955908e-12
   3.3864119e+04   7.5798812e-12
   3.3863944e+04   7.5643380e-12
   3.3863770e+04   7.5458528e-12
   3.3863596e+04   7.5320861e-12
   3.3863421e+04   7.5155437e-12
   3.3863247e+04   7.4995565e-12
   3.3863073e+04   7.4855677e-12
   3.3862898e+04   7.4684148e-12
   3.3862724e+04   7.4528717e-12
   3.3862550e+04   7.4376061e-12
   3.3862375e+04   7.4238393e-12
   3.3862201e+04   7.4083240e-12
   3.3862027e+04   7.3924200e-12
   3.3861852e+04   7.3782369e-12
   3.3861678e+04   7.3634432e-12
   3.3861504e+04   7.3480111e-12
   3.3861329e+04   7.3345774e-12
   3.3861155e+04   7.3213657e-12
   3.3860981e+04   7.3068218e-12
   3.3860807e+04   7.2912787e-12
   3.3860632e+04   7.2785111e-12
   3.3860458e+04   7.2639672e-12
   3.3860284e+04   7.2523099e-12
   3.3860109e+04   7.2372108e-12
   3.3859935e+04   7.2233330e-12
   3.3859761e+04   7.2087336e-12
   3.3859586e+04   7.1956052e-12
   3.3859412e+04   7.1823450e-12
   3.3859238e+04   7.1707501e-12
   3.3859063e+04   7.1557157e-12
   3.3858889e+04   7.1427138e-12
   3.3858715e+04   7.1288286e-12
   3.3858540e+04   7.1158927e-12
   3.3858366e+04   7.1024993e-12
   3.3858192e+04   7.0896575e-12
   3.3858017e+04   7.0766260e-12
   3.3857843e+04   7.0633180e-12
   3.3857669e+04   7.0498030e-12
   3.3857495e+04   7.0369492e-12
   3.3857320e+04   7.0235027e-12
   3.3857146e+04   7.0096550e-12
   3.3856972e+04   6.9982978e-12
   3.3856797e+04   6.9857939e-12
   3.3856623e+04   6.9730888e-12
   3.3856449e+04   6.9601824e-12
   3.3856274e+04   6.9482475e-12
   3.3856100e+04   6.9352302e-12
   3.3855926e+04   6.9219075e-12
   3.3855751e+04   6.9112494e-12
   3.3855577e+04   6.8970385e-12
   3.3855403e+04   6.8866024e-12
   3.3855228e+04   6.8741679e-12
   3.3855054e+04   6.8628436e-12
   3.3854880e+04   6.8506867e-12
   3.3854705e+04   6.8385297e-12
   3.3854531e+04   6.8273165e-12
   3.3854357e+04   6.8145489e-12
   3.3854183e+04   6.8046124e-12
   3.3854008e+04   6.7921224e-12
   3.3853834e+04   6.7791883e-12
   3.3853660e+04   6.7698624e-12
   3.3853485e+04   6.7579276e-12
   3.3853311e+04   6.7461592e-12
   3.3853137e+04   6.7357231e-12
   3.3852962e+04   6.7232886e-12
   3.3852788e+04   6.7110761e-12
   3.3852614e+04   6.7020833e-12
   3.3852439e+04   6.6897599e-12
   3.3852265e+04   6.6804340e-12
   3.3852091e+04   6.6674166e-12
   3.3851916e+04   6.6572026e-12
   3.3851742e+04   6.6459477e-12
   3.3851568e+04   6.6350467e-12
   3.3851393e+04   6.6250685e-12
   3.3851219e+04   6.6143183e-12
   3.3851045e+04   6.6054241e-12
   3.3850870e+04   6.5940974e-12
   3.3850696e+04   6.5828444e-12
   3.3850522e+04   6.5727484e-12
   3.3850348e+04   6.5613891e-12
   3.3850173e+04   6.5509553e-12
   3.3849999e+04   6.5413560e-12
   3.3849825e+04   6.5293242e-12
   3.3849650e+04   6.5217207e-12
   3.3849476e+04   6.5098152e-12
   3.3849302e+04   6.4995997e-12
   3.3849127e+04   6.4891614e-12
   3.3848953e+04   6.4795435e-12
   3.3848779e+04   6.4684385e-12
   3.3848604e+04   6.4579699e-12
   3.3848430e+04   6.4485358e-12
   3.3848256e+04   6.4389071e-12
   3.3848081e+04   6.4287591e-12
   3.3847907e+04   6.4200054e-12
   3.3847733e+04   6.4093068e-12
   3.3847558e+04   6.4005911e-12
   3.3847384e+04   6.3917637e-12
   3.3847210e+04   6.3817531e-12
   3.3847036e+04   6.3720635e-12
   3.3846861e+04   6.3629118e-12
   3.3846687e+04   6.3547528e-12
   3.3846513e+04   6.3447532e-12
   3.3846338e+04   6.3359349e-12
   3.3846164e+04   6.3271695e-12
   3.3845990e+04   6.3174659e-12
   3.3845815e+04   6.3093240e-12
   3.3845641e+04   6.3005469e-12
   3.3845467e+04   6.2919406e-12
   3.3845292e+04   6.2819888e-12
   3.3845118e+04   6.2748677e-12
   3.3844944e+04   6.2649885e-12
   3.3844769e+04   6.2562178e-12
   3.3844595e+04   6.2480021e-12
   3.3844421e+04   6.2402306e-12
   3.3844246e+04   6.2310712e-12
   3.3844072e+04   6.2233552e-12
   3.3843898e+04   6.2140293e-12
   3.3843724e+04   6.2060183e-12
   3.3843549e+04   6.1983439e-12
   3.3843375e+04   6.1898546e-12
   3.3843201e+04   6.1809850e-12
   3.3843026e+04   6.1723626e-12
   3.3842852e+04   6.1633794e-12
   3.3842678e+04   6.1568472e-12
   3.3842503e+04   6.1492755e-12
   3.3842329e+04   6.1396443e-12
   3.3842155e+04   6.1320810e-12
   3.3841980e+04   6.1245037e-12
   3.3841806e+04   6.1159550e-12
   3.3841632e+04   6.1083916e-12
   3.3841457e+04   6.1005645e-12
   3.3841283e+04   6.0933203e-12
   3.3841109e+04   6.0840777e-12
   3.3840934e+04   6.0776384e-12
   3.3840760e+04   6.0695060e-12
   3.3840586e+04   6.0609295e-12
   3.3840412e+04   6.0542543e-12
   3.3840237e+04   6.0452060e-12
   3.3840063e+04   6.0381838e-12
   3.3839889e+04   6.0303568e-12
   3.3839714e+04   6.0241395e-12
   3.3839540e+04   6.0167288e-12
   3.3839366e+04   6.0087352e-12
   3.3839191e+04   6.0023167e-12
   3.3839017e+04   5.9940525e-12
   3.3838843e+04   5.9875646e-12
   3.3838668e+04   5.9813196e-12
   3.3838494e+04   5.9718966e-12
   3.3838320e+04   5.9645830e-12
   3.3838145e+04   5.9588515e-12
   3.3837971e+04   5.9509619e-12
   3.3837797e+04   5.9444949e-12
   3.3837622e+04   5.9383054e-12
   3.3837448e+04   5.9298538e-12
   3.3837274e+04   5.9226235e-12
   3.3837100e+04   5.9161356e-12
   3.3836925e+04   5.9099114e-12
   3.3836751e+04   5.9028722e-12
   3.3836577e+04   5.8968627e-12
   3.3836402e+04   5.8904459e-12
   3.3836228e+04   5.8833692e-12
   3.3836054e+04   5.8768963e-12
   3.3835879e+04   5.8696220e-12
   3.3835705e+04   5.8642287e-12
   3.3835531e+04   5.8581442e-12
   3.3835356e+04   5.8507273e-12
   3.3835182e+04   5.8446141e-12
   3.3835008e+04   5.8385005e-12
   3.3834833e+04   5.8321074e-12
   3.3834659e+04   5.8250210e-12
   3.3834485e+04   5.8183319e-12
   3.3834310e+04   5.8139604e-12
   3.3834136e+04   5.8074656e-12
   3.3833962e+04   5.8004157e-12
   3.3833788e+04   5.7954293e-12
   3.3833613e+04   5.7894250e-12
   3.3833439e+04   5.7821627e-12
   3.3833265e+04   5.7766307e-12
   3.3833090e+04   5.7694272e-12
   3.3832916e+04   5.7640392e-12
   3.3832742e+04   5.7588468e-12
   3.3832567e+04   5.7530782e-12
   3.3832393e+04   5.7476138e-12
   3.3832219e+04   5.7426827e-12
   3.3832044e+04   5.7351161e-12
   3.3831870e+04   5.7293140e-12
   3.3831696e+04   5.7240527e-12
   3.3831521e+04   5.7184785e-12
   3.3831347e+04   5.7120084e-12
   3.3831173e+04   5.7062226e-12
   3.3830998e+04   5.7020451e-12
   3.3830824e+04   5.6948736e-12
   3.3830650e+04   5.6899859e-12
   3.3830476e+04   5.6845112e-12
   3.3830301e+04   5.6793819e-12
   3.3830127e+04   5.6731981e-12
   3.3829953e+04   5.6686868e-12
   3.3829778e+04   5.6638370e-12
   3.3829604e+04   5.6593304e-12
   3.3829430e+04   5.6548046e-12
   3.3829255e+04   5.6495688e-12
   3.3829081e+04   5.6430991e-12
   3.3828907e+04   5.6384370e-12
   3.3828732e+04   5.6339111e-12
   3.3828558e+04   5.6292147e-12
   3.3828384e+04   5.6243397e-12
   3.3828209e+04   5.6205609e-12
   3.3828035e+04   5.6150514e-12
   3.3827861e+04   5.6091509e-12
   3.3827686e+04   5.6046977e-12
   3.3827512e+04   5.6007377e-12
   3.3827338e+04   5.5947403e-12
   3.3827164e+04   5.5903945e-12
   3.3826989e+04   5.5864167e-12
   3.3826815e+04   5.5811050e-12
   3.3826641e+04   5.5759286e-12
   3.3826466e+04   5.5711546e-12
   3.3826292e+04   5.5652150e-12
   3.3826118e+04   5.5614402e-12
   3.3825943e+04   5.5553340e-12
   3.3825769e+04   5.5517813e-12
   3.3825595e+04   5.5475624e-12
   3.3825420e+04   5.5435656e-12
   3.3825246e+04   5.5391247e-12
   3.3825072e+04   5.5351279e-12
   3.3824897e+04   5.5262461e-12
   3.3824723e+04   5.5244698e-12
   3.3824549e+04   5.5186966e-12
   3.3824374e+04   5.5142557e-12
   3.3824200e+04   5.5093707e-12
   3.3824026e+04   5.5049298e-12
   3.3823852e+04   5.5009330e-12
   3.3823677e+04   5.4969362e-12
   3.3823503e+04   5.4942717e-12
   3.3823329e+04   5.4898308e-12
   3.3823154e+04   5.4867222e-12
   3.3822980e+04   5.4809490e-12
   3.3822806e+04   5.4791727e-12
   3.3822631e+04   5.4745097e-12
   3.3822457e+04   5.4698468e-12
   3.3822283e+04   5.4679594e-12
   3.3822108e+04   5.4630744e-12
   3.3821934e+04   5.4596327e-12
   3.3821760e+04   5.4560800e-12
   3.3821585e+04   5.4539706e-12
   3.3821411e+04   5.4490995e-12
   3.3821237e+04   5.4455225e-12
   3.3821062e+04   5.4421628e-12
   3.3820888e+04   5.4394518e-12
   3.3820714e+04   5.4344805e-12
   3.3820540e+04   5.4312038e-12
   3.3820365e+04   5.4288887e-12
   3.3820191e+04   5.4253581e-12
   3.3820017e+04   5.4208166e-12
   3.3819842e+04   5.4177357e-12
   3.3819668e+04   5.4149879e-12
   3.3819494e+04   5.4109495e-12
   3.3819319e+04   5.4084792e-12
   3.3819145e+04   5.4045241e-12
   3.3818971e+04   5.4011656e-12
   3.3818796e+04   5.3985705e-12
   3.3818622e+04   5.3938243e-12
   3.3818448e+04   5.3910071e-12
   3.3818273e+04   5.3891752e-12
   3.3818099e+04   5.3842070e-12
   3.3817925e+04   5.3817228e-12
   3.3817750e+04   5.3781424e-12
   3.3817576e+04   5.3759913e-12
   3.3817402e+04   5.3723276e-12
   3.3817228e+04   5.3679977e-12
   3.3817053e+04   5.3658605e-12
   3.3816879e+04   5.3620164e-12
   3.3816705e+04   5.3603511e-12
   3.3816530e+04   5.3553828e-12
   3.3816356e+04   5.3538007e-12
   3.3816182e+04   5.3497762e-12
   3.3816007e+04   5.3465010e-12
   3.3815833e+04   5.3439475e-12
   3.3815659e+04   5.3412275e-12
   3.3815484e+04   5.3385074e-12
   3.3815310e+04   5.3348159e-12
   3.3815136e+04   5.3326926e-12
   3.3814961e+04   5.3297505e-12
   3.3814787e+04   5.3281476e-12
   3.3814613e+04   5.3247007e-12
   3.3814438e+04   5.3207762e-12
   3.3814264e+04   5.3194286e-12
   3.3814090e+04   5.3172156e-12
   3.3813916e+04   5.3136647e-12
   3.3813741e+04   5.3122643e-12
   3.3813567e+04   5.3102015e-12
   3.3813393e+04   5.3074400e-12
   3.3813218e+04   5.3047330e-12
   3.3813044e+04   5.3031768e-12
   3.3812870e+04   5.2997519e-12
   3.3812695e+04   5.2982523e-12
   3.3812521e+04   5.2955591e-12
   3.3812347e+04   5.2929744e-12
   3.3812172e+04   5.2910731e-12
   3.3811998e+04   5.2869931e-12
   3.3811824e+04   5.2860494e-12
   3.3811649e+04   5.2838844e-12
   3.3811475e+04   5.2826632e-12
   3.3811301e+04   5.2795546e-12
   3.3811126e+04   5.2784443e-12
   3.3810952e+04   5.2753357e-12
   3.3810778e+04   5.2726712e-12
   3.3810604e+04   5.2726712e-12
   3.3810429e+04   5.2731153e-12
   3.3810255e+04   5.2682303e-12
   3.3810081e+04   5.2642335e-12
   3.3809906e+04   5.2642335e-12
   3.3809732e+04   5.2615690e-12
   3.3809558e+04   5.2597926e-12
   3.3809383e+04   5.2575722e-12
   3.3809209e+04   5.2544635e-12
   3.3809035e+04   5.2553517e-12
   3.3808860e+04   5.2535754e-12
   3.3808686e+04   5.2486904e-12
   3.3808512e+04   5.2504667e-12
   3.3808337e+04   5.2469140e-12
   3.3808163e+04   5.2446936e-12
   3.3807989e+04   5.2424731e-12
   3.3807814e+04   5.2409188e-12
   3.3807640e+04   5.2400306e-12
   3.3807466e+04   5.2379212e-12
   3.3807291e+04   5.2370885e-12
   3.3807117e+04   5.2352844e-12
   3.3806943e+04   5.2351595e-12
   3.3806769e+04   5.2337093e-12
   3.3806594e+04   5.2315448e-12
   3.3806420e+04   5.2313824e-12
   3.3806246e+04   5.2303199e-12
   3.3806071e+04   5.2297034e-12
   3.3805897e+04   5.2276104e-12
   3.3805723e+04   5.2268318e-12
   3.3805548e+04   5.2253593e-12
   3.3805374e+04   5.2234133e-12
   3.3805200e+04   5.2228711e-12
   3.3805025e+04   5.2218977e-12
   3.3804851e+04   5.2202729e-12
   3.3804677e+04   5.2192958e-12
   3.3804502e+04   5.2185379e-12
   3.3804328e+04   5.2171850e-12
   3.3804154e+04   5.2146628e-12
   3.3803979e+04   5.2146375e-12
   3.3803805e+04   5.2130929e-12
   3.3803631e+04   5.2126093e-12
   3.3803457e+04   5.2106198e-12
   3.3803282e+04   5.2089072e-12
   3.3803108e+04   5.2104898e-12
   3.3802934e+04   5.2087001e-12
   3.3802759e+04   5.2091802e-12
   3.3802585e+04   5.2054461e-12
   3.3802411e+04   5.2046031e-12
   3.3802236e+04   5.2040983e-12
   3.3802062e+04   5.2023768e-12
   3.3801888e+04   5.2013142e-12
   3.3801713e+04   5.2020841e-12
   3.3801539e+04   5.2007538e-12
   3.3801365e+04   5.1997765e-12
   3.3801190e+04   5.1995001e-12
   3.3801016e+04   5.1977284e-12
   3.3800842e+04   5.1971168e-12
   3.3800667e+04   5.1968339e-12
   3.3800493e+04   5.1967820e-12
   3.3800319e+04   5.1979601e-12
   3.3800145e+04   5.1970650e-12
   3.3799970e+04   5.1948966e-12
   3.3799796e+04   5.1964856e-12
   3.3799622e+04   5.1956599e-12
   3.3799447e+04   5.1948550e-12
   3.3799273e+04   5.1954656e-12
   3.3799099e+04   5.1944282e-12
   3.3798924e+04   5.1953580e-12
   3.3798750e+04   5.1942474e-12
   3.3798576e+04   5.1937148e-12
   3.3798401e+04   5.1944373e-12
   3.3798227e+04   5.1939108e-12
   3.3798053e+04   5.1944751e-12
   3.3797878e+04   5.1943866e-12
   3.3797704e+04   5.1938731e-12
   3.3797530e+04   5.1938454e-12
   3.3797355e+04   5.1942339e-12
   3.3797181e+04   5.1940674e-12
   3.3797007e+04   5.1931792e-12
   3.3796833e+04   5.1929572e-12
   3.3796658e+04   5.1940674e-12
   3.3796484e+04   5.1922910e-12
   3.3796310e+04   5.1922910e-12
   3.3796135e+04   5.1918470e-12
   3.3795961e+04   5.1922910e-12
   3.3795787e+04   5.1949556e-12
   3.3795612e+04   5.1953997e-12
   3.3795438e+04   5.1945115e-12
   3.3795264e+04   5.1949556e-12
   3.3795089e+04   5.1931792e-12
   3.3794915e+04   5.1922910e-12
   3.3794741e+04   5.1918470e-12
   3.3794566e+04   5.1936233e-12
   3.3794392e+04   5.1945115e-12
   3.3794218e+04   5.1922910e-12
   3.3794043e+04   5.1940674e-12
   3.3793869e+04   5.1940674e-12
   3.3793695e+04   5.1931792e-12
   3.3793521e+04   5.1938454e-12
   3.3793346e+04   5.1942894e-12
   3.3793172e+04   5.1957327e-12
   3.3792998e+04   5.1966209e-12
   3.3792823e+04   5.1970650e-12
   3.3792649e+04   5.1987026e-12
   3.3792475e+04   5.1982446e-12
   3.3792300e+04   5.2002014e-12
   3.3792126e+04   5.2002734e-12
   3.3791952e+04   5.2010377e-12
   3.3791777e+04   5.2035687e-12
   3.3791603e+04   5.2035955e-12
   3.3791429e+04   5.2037956e-12
   3.3791254e+04   5.2042421e-12
   3.3791080e+04   5.2052222e-12
   3.3790906e+04   5.2056723e-12
   3.3790731e+04   5.2076492e-12
   3.3790557e+04   5.2075589e-12
   3.3790383e+04   5.2086905e-12
   3.3790209e+04   5.2092549e-12
   3.3790034e+04   5.2109567e-12
   3.3789860e+04   5.2116853e-12
   3.3789686e+04   5.2111510e-12
   3.3789511e+04   5.2121224e-12
   3.3789337e+04   5.2133992e-12
   3.3789163e+04   5.2142735e-12
   3.3788988e+04   5.2139959e-12
   3.3788814e+04   5.2161053e-12
   3.3788640e+04   5.2183258e-12
   3.3788465e+04   5.2185201e-12
   3.3788291e+04   5.2204907e-12
   3.3788117e+04   5.2213789e-12
   3.3787942e+04   5.2226834e-12
   3.3787768e+04   5.2254867e-12
   3.3787594e+04   5.2255700e-12
   3.3787419e+04   5.2267080e-12
   3.3787245e+04   5.2281582e-12
   3.3787071e+04   5.2291227e-12
   3.3786897e+04   5.2318427e-12
   3.3786722e+04   5.2321203e-12
   3.3786548e+04   5.2329252e-12
   3.3786374e+04   5.2356453e-12
   3.3786199e+04   5.2363114e-12
   3.3786025e+04   5.2379767e-12
   3.3785851e+04   5.2395865e-12
   3.3785676e+04   5.2416405e-12
   3.3785502e+04   5.2436389e-12
   3.3785328e+04   5.2449711e-12
   3.3785153e+04   5.2467475e-12
   3.3784979e+04   5.2487736e-12
   3.3784805e+04   5.2506888e-12
   3.3784630e+04   5.2515492e-12
   3.3784456e+04   5.2536031e-12
   3.3784282e+04   5.2568921e-12
   3.3784107e+04   5.2574334e-12
   3.3783933e+04   5.2604310e-12
   3.3783759e+04   5.2626792e-12
   3.3783585e+04   5.2642751e-12
   3.3783410e+04   5.2655103e-12
   3.3783236e+04   5.2676752e-12
   3.3783062e+04   5.2692850e-12
   3.3782887e+04   5.2718940e-12
   3.3782713e+04   5.2729487e-12
   3.3782539e+04   5.2749749e-12
   3.3782364e+04   5.2770288e-12
   3.3782190e+04   5.2786109e-12
   3.3782016e+04   5.2810256e-12
   3.3781841e+04   5.2828852e-12
   3.3781667e+04   5.2843285e-12
   3.3781493e+04   5.2865490e-12
   3.3781318e+04   5.2886584e-12
   3.3781144e+04   5.2913229e-12
   3.3780970e+04   5.2928217e-12
   3.3780795e+04   5.2958748e-12
   3.3780621e+04   5.2966243e-12
   3.3780447e+04   5.3003713e-12
   3.3780273e+04   5.3033133e-12
   3.3780098e+04   5.3050342e-12
   3.3779924e+04   5.3070881e-12
   3.3779750e+04   5.3096971e-12
   3.3779575e+04   5.3119176e-12
   3.3779401e+04   5.3164417e-12
   3.3779227e+04   5.3169968e-12
   3.3779052e+04   5.3197446e-12
   3.3778878e+04   5.3216875e-12
   3.3778704e+04   5.3248517e-12
   3.3778529e+04   5.3259619e-12
   3.3778355e+04   5.3307914e-12
   3.3778181e+04   5.3338722e-12
   3.3778006e+04   5.3361135e-12
   3.3777832e+04   5.3392846e-12
   3.3777658e+04   5.3418416e-12
   3.3777483e+04   5.3440273e-12
   3.3777309e+04   5.3477951e-12
   3.3777135e+04   5.3502099e-12
   3.3776961e+04   5.3527495e-12
   3.3776786e+04   5.3564653e-12
   3.3776612e+04   5.3590726e-12
   3.3776438e+04   5.3612371e-12
   3.3776263e+04   5.3642048e-12
   3.3776089e+04   5.3677223e-12
   3.3775915e+04   5.3708362e-12
   3.3775740e+04   5.3737639e-12
   3.3775566e+04   5.3778787e-12
   3.3775392e+04   5.3811955e-12
   3.3775217e+04   5.3839155e-12
   3.3775043e+04   5.3874682e-12
   3.3774869e+04   5.3890226e-12
   3.3774694e+04   5.3925753e-12
   3.3774520e+04   5.3947957e-12
   3.3774346e+04   5.3983484e-12
   3.3774171e+04   5.4036775e-12
   3.3773997e+04   5.4054539e-12
   3.3773823e+04   5.4098948e-12
   3.3773649e+04   5.4116711e-12
   3.3773474e+04   5.4161120e-12
   3.3773300e+04   5.4214411e-12
   3.3773126e+04   5.4205529e-12
   3.3772951e+04   5.4285465e-12
   3.3772777e+04   5.4285465e-12
   3.3772603e+04   5.4320992e-12
   3.3772428e+04   5.4356519e-12
   3.3772254e+04   5.4392046e-12
   3.3772080e+04   5.4445337e-12
   3.3771905e+04   5.4480864e-12
   3.3771731e+04   5.4516391e-12
   3.3771557e+04   5.4551919e-12
   3.3771382e+04   5.4587446e-12
   3.3771208e+04   5.4622973e-12
   3.3771034e+04   5.4676264e-12
   3.3770859e+04   5.4727334e-12
   3.3770685e+04   5.4751759e-12
   3.3770511e+04   5.4808380e-12
   3.3770337e+04   5.4838356e-12
   3.3770162e+04   5.4886096e-12
   3.3769988e+04   5.4921206e-12
   3.3769814e+04   5.4972658e-12
   3.3769639e+04   5.5011935e-12
   3.3769465e+04   5.5057936e-12
   3.3769291e+04   5.5097608e-12
   3.3769116e+04   5.5142420e-12
   3.3768942e+04   5.5182755e-12
   3.3768768e+04   5.5220917e-12
   3.3768593e+04   5.5269359e-12
   3.3768419e+04   5.5317118e-12
   3.3768245e+04   5.5349007e-12
   3.3768070e+04   5.5402447e-12
   3.3767896e+04   5.5426896e-12
   3.3767722e+04   5.5480412e-12
   3.3767547e+04   5.5517743e-12
   3.3767373e+04   5.5558752e-12
   3.3767199e+04   5.5601218e-12
   3.3767025e+04   5.5652566e-12
   3.3766850e+04   5.5702110e-12
   3.3766676e+04   5.5746519e-12
   3.3766502e+04   5.5782046e-12
   3.3766327e+04   5.5813132e-12
   3.3766153e+04   5.5884186e-12
   3.3765979e+04   5.5928595e-12
   3.3765804e+04   5.5981886e-12
   3.3765630e+04   5.6017413e-12
   3.3765456e+04   5.6061822e-12
   3.3765281e+04   5.6123994e-12
   3.3765107e+04   5.6186167e-12
   3.3764933e+04   5.6221694e-12
   3.3764758e+04   5.6257221e-12
   3.3764584e+04   5.6328275e-12
   3.3764410e+04   5.6354921e-12
   3.3764235e+04   5.6408211e-12
   3.3764061e+04   5.6488147e-12
   3.3763887e+04   5.6541438e-12
   3.3763712e+04   5.6568084e-12
   3.3763538e+04   5.6621374e-12
   3.3763364e+04   5.6692429e-12
   3.3763190e+04   5.6745719e-12
   3.3763015e+04   5.6794569e-12
   3.3762841e+04   5.6842309e-12
   3.3762667e+04   5.6895599e-12
   3.3762492e+04   5.6945004e-12
   3.3762318e+04   5.7006899e-12
   3.3762144e+04   5.7059565e-12
   3.3761969e+04   5.7119335e-12
   3.3761795e+04   5.7174408e-12
   3.3761621e+04   5.7233552e-12
   3.3761446e+04   5.7300286e-12
   3.3761272e+04   5.7351008e-12
   3.3761098e+04   5.7413531e-12
   3.3760923e+04   5.7462080e-12
   3.3760749e+04   5.7526432e-12
   3.3760575e+04   5.7571809e-12
   3.3760400e+04   5.7650342e-12
   3.3760226e+04   5.7692514e-12
   3.3760052e+04   5.7759420e-12
   3.3759878e+04   5.7829386e-12
   3.3759703e+04   5.7873384e-12
   3.3759529e+04   5.7935169e-12
   3.3759355e+04   5.7995307e-12
   3.3759180e+04   5.8063557e-12
   3.3759006e+04   5.8115436e-12
   3.3758832e+04   5.8188050e-12
   3.3758657e+04   5.8250884e-12
   3.3758483e+04   5.8293061e-12
   3.3758309e+04   5.8349825e-12
   3.3758134e+04   5.8419781e-12
   3.3757960e+04   5.8479087e-12
   3.3757786e+04   5.8538720e-12
   3.3757611e+04   5.8599845e-12
   3.3757437e+04   5.8673247e-12
   3.3757263e+04   5.8743892e-12
   3.3757088e+04   5.8796825e-12
   3.3756914e+04   5.8860748e-12
   3.3756740e+04   5.8931694e-12
   3.3756566e+04   5.9007978e-12
   3.3756391e+04   5.9083814e-12
   3.3756217e+04   5.9132129e-12
   3.3756043e+04   5.9212358e-12
   3.3755868e+04   5.9275172e-12
   3.3755694e+04   5.9343641e-12
   3.3755520e+04   5.9419136e-12
   3.3755345e+04   5.9481309e-12
   3.3755171e+04   5.9565686e-12
   3.3754997e+04   5.9638960e-12
   3.3754822e+04   5.9705574e-12
   3.3754648e+04   5.9778849e-12
   3.3754474e+04   5.9853095e-12
   3.3754299e+04   5.9927861e-12
   3.3754125e+04   5.9998955e-12
   3.3753951e+04   6.0076097e-12
   3.3753776e+04   6.0150440e-12
   3.3753602e+04   6.0218259e-12
   3.3753428e+04   6.0279780e-12
   3.3753254e+04   6.0352556e-12
   3.3753079e+04   6.0430827e-12
   3.3752905e+04   6.0498412e-12
   3.3752731e+04   6.0573907e-12
   3.3752556e+04   6.0644822e-12
   3.3752382e+04   6.0738914e-12
   3.3752208e+04   6.0817323e-12
   3.3752033e+04   6.0895317e-12
   3.3751859e+04   6.0960126e-12
   3.3751685e+04   6.1042005e-12
   3.3751510e+04   6.1121247e-12
   3.3751336e+04   6.1208399e-12
   3.3751162e+04   6.1274735e-12
   3.3750987e+04   6.1364525e-12
   3.3750813e+04   6.1440297e-12
   3.3750639e+04   6.1516209e-12
   3.3750464e+04   6.1600586e-12
   3.3750290e+04   6.1676636e-12
   3.3750116e+04   6.1775168e-12
   3.3749942e+04   6.1853023e-12
   3.3749767e+04   6.1909644e-12
   3.3749593e+04   6.2021499e-12
   3.3749419e+04   6.2101713e-12
   3.3749244e+04   6.2198580e-12
   3.3749070e+04   6.2267969e-12
   3.3748896e+04   6.2364558e-12
   3.3748721e+04   6.2450600e-12
   3.3748547e+04   6.2526651e-12
   3.3748373e+04   6.2612415e-12
   3.3748198e+04   6.2699984e-12
   3.3748024e+04   6.2794214e-12
   3.3747850e+04   6.2883657e-12
   3.3747675e+04   6.2975736e-12
   3.3747501e+04   6.3064937e-12
   3.3747327e+04   6.3159164e-12
   3.3747152e+04   6.3248207e-12
   3.3746978e+04   6.3342030e-12
   3.3746804e+04   6.3435230e-12
   3.3746630e+04   6.3537070e-12
   3.3746455e+04   6.3623858e-12
   3.3746281e+04   6.3710118e-12
   3.3746107e+04   6.3811363e-12
   3.3745932e+04   6.3915100e-12
   3.3745758e+04   6.3996352e-12
   3.3745584e+04   6.4089775e-12
   3.3745409e+04   6.4190597e-12
   3.3745235e+04   6.4282468e-12
   3.3745061e+04   6.4372951e-12
   3.3744886e+04   6.4472871e-12
   3.3744712e+04   6.4579453e-12
   3.3744538e+04   6.4667175e-12
   3.3744363e+04   6.4767572e-12
   3.3744189e+04   6.4852134e-12
   3.3744015e+04   6.4951898e-12
   3.3743840e+04   6.5064350e-12
   3.3743666e+04   6.5153021e-12
   3.3743492e+04   6.5260970e-12
   3.3743318e+04   6.5360962e-12
   3.3743143e+04   6.5455446e-12
   3.3742969e+04   6.5553892e-12
   3.3742795e+04   6.5659611e-12
   3.3742620e+04   6.5793293e-12
   3.3742446e+04   6.5897269e-12
   3.3742272e+04   6.6000375e-12
   3.3742097e+04   6.6108038e-12
   3.3741923e+04   6.6215764e-12
   3.3741749e+04   6.6329407e-12
   3.3741574e+04   6.6432304e-12
   3.3741400e+04   6.6547779e-12
   3.3741226e+04   6.6661213e-12
   3.3741051e+04   6.6757078e-12
   3.3740877e+04   6.6874671e-12
   3.3740703e+04   6.6974680e-12
   3.3740528e+04   6.7092996e-12
   3.3740354e+04   6.7208382e-12
   3.3740180e+04   6.7323189e-12
   3.3740006e+04   6.7444603e-12
   3.3739831e+04   6.7548697e-12
   3.3739657e+04   6.7680266e-12
   3.3739483e+04   6.7792390e-12
   3.3739308e+04   6.7892973e-12
   3.3739134e+04   6.8014626e-12
   3.3738960e+04   6.8131208e-12
   3.3738785e+04   6.8248314e-12
   3.3738611e+04   6.8364187e-12
   3.3738437e+04   6.8486071e-12
   3.3738262e+04   6.8597884e-12
   3.3738088e+04   6.8726906e-12
   3.3737914e+04   6.8843369e-12
   3.3737739e+04   6.8961434e-12
   3.3737565e+04   6.9084183e-12
   3.3737391e+04   6.9194650e-12
   3.3737216e+04   6.9318995e-12
   3.3737042e+04   6.9451112e-12
   3.3736868e+04   6.9571016e-12
   3.3736694e+04   6.9695361e-12
   3.3736519e+04   6.9810824e-12
   3.3736345e+04   6.9944051e-12
   3.3736171e+04   7.0077277e-12
   3.3735996e+04   7.0174977e-12
   3.3735822e+04   7.0317085e-12
   3.3735648e+04   7.0450312e-12
   3.3735473e+04   7.0556894e-12
   3.3735299e+04   7.0699002e-12
   3.3735125e+04   7.0823347e-12
   3.3734950e+04   7.0974338e-12
   3.3734776e+04   7.1089801e-12
   3.3734602e+04   7.1240791e-12
   3.3734427e+04   7.1374018e-12
   3.3734253e+04   7.1533890e-12
   3.3734079e+04   7.1640471e-12
   3.3733904e+04   7.1764816e-12
   3.3733730e+04   7.1924688e-12
   3.3733556e+04   7.2066797e-12
   3.3733382e+04   7.2208906e-12
   3.3733207e+04   7.2336581e-12
   3.3733033e+04   7.2480910e-12
   3.3732859e+04   7.2621908e-12
   3.3732684e+04   7.2775119e-12
   3.3732510e+04   7.2920003e-12
   3.3732336e+04   7.3067108e-12
   3.3732161e+04   7.3226043e-12
   3.3731987e+04   7.3350683e-12
   3.3731813e+04   7.3507472e-12
   3.3731638e+04   7.3657304e-12
   3.3731464e+04   7.3804795e-12
   3.3731290e+04   7.3942446e-12
   3.3731115e+04   7.4096098e-12
   3.3730941e+04   7.4245367e-12
   3.3730767e+04   7.4392575e-12
   3.3730592e+04   7.4538570e-12
   3.3730418e+04   7.4691503e-12
   3.3730244e+04   7.4838052e-12
   3.3730070e+04   7.4990014e-12
   3.3729895e+04   7.5149886e-12
   3.3729721e+04   7.5302820e-12
   3.3729547e+04   7.5450202e-12
   3.3729372e+04   7.5602857e-12
   3.3729198e+04   7.5754125e-12
   3.3729024e+04   7.5914275e-12
   3.3728849e+04   7.6071510e-12
   3.3728675e+04   7.6236656e-12
   3.3728501e+04   7.6407630e-12
   3.3728326e+04   7.6566947e-12
   3.3728152e+04   7.6732370e-12
   3.3727978e+04   7.6904733e-12
   3.3727803e+04   7.7062939e-12
   3.3727629e+04   7.7234261e-12
   3.3727455e+04   7.7395729e-12
   3.3727280e+04   7.7564413e-12
   3.3727106e+04   7.7743437e-12
   3.3726932e+04   7.7891513e-12
   3.3726758e+04   7.8069010e-12
   3.3726583e+04   7.8245674e-12
   3.3726409e+04   7.8416718e-12
   3.3726235e+04   7.8591300e-12
   3.3726060e+04   7.8764217e-12
   3.3725886e+04   7.8928392e-12
   3.3725712e+04   7.9124346e-12
   3.3725537e+04   7.9289283e-12
   3.3725363e+04   7.9460206e-12
   3.3725189e+04   7.9653829e-12
   3.3725014e+04   7.9829092e-12
   3.3724840e+04   8.0016793e-12
   3.3724666e+04   8.0189174e-12
   3.3724491e+04   8.0384170e-12
   3.3724317e+04   8.0572540e-12
   3.3724143e+04   8.0761142e-12
   3.3723968e+04   8.0948900e-12
   3.3723794e+04   8.1138729e-12
   3.3723620e+04   8.1319308e-12
   3.3723446e+04   8.1508869e-12
   3.3723271e+04   8.1709240e-12
   3.3723097e+04   8.1894908e-12
   3.3722923e+04   8.2090584e-12
   3.3722748e+04   8.2293616e-12
   3.3722574e+04   8.2480134e-12
   3.3722400e+04   8.2661100e-12
   3.3722225e+04   8.2861495e-12
   3.3722051e+04   8.3061336e-12
   3.3721877e+04   8.3252294e-12
   3.3721702e+04   8.3449914e-12
   3.3721528e+04   8.3656415e-12
   3.3721354e+04   8.3856255e-12
   3.3721179e+04   8.4060536e-12
   3.3721005e+04   8.4257601e-12
   3.3720831e+04   8.4490193e-12
   3.3720656e+04   8.4678931e-12
   3.3720482e+04   8.4894314e-12
   3.3720308e+04   8.5115803e-12
   3.3720133e+04   8.5322860e-12
   3.3719959e+04   8.5542129e-12
   3.3719785e+04   8.5741969e-12
   3.3719611e+04   8.5957907e-12
   3.3719436e+04   8.6175511e-12
   3.3719262e+04   8.6386454e-12
   3.3719088e+04   8.6608498e-12
   3.3718913e+04   8.6819441e-12
   3.3718739e+04   8.7029273e-12
   3.3718565e+04   8.7263530e-12
   3.3718390e+04   8.7484464e-12
   3.3718216e+04   8.7712893e-12
   3.3718042e+04   8.7948815e-12
   3.3717867e+04   8.8168223e-12
   3.3717693e+04   8.8393112e-12
   3.3717519e+04   8.8623449e-12
   3.3717344e+04   8.8848852e-12
   3.3717170e+04   8.9082516e-12
   3.3716996e+04   8.9309356e-12
   3.3716821e+04   8.9545614e-12
   3.3716647e+04   8.9782760e-12
   3.3716473e+04   9.0017587e-12
   3.3716299e+04   9.0260185e-12
   3.3716124e+04   9.0497804e-12
   3.3715950e+04   9.0733043e-12
   3.3715776e+04   9.0983417e-12
   3.3715601e+04   9.1233089e-12
   3.3715427e+04   9.1474064e-12
   3.3715253e+04   9.1724227e-12
   3.3715078e+04   9.1967018e-12
   3.3714904e+04   9.2213590e-12
   3.3714730e+04   9.2465170e-12
   3.3714555e+04   9.2716261e-12
   3.3714381e+04   9.2959517e-12
   3.3714207e+04   9.3219498e-12
   3.3714032e+04   9.3490587e-12
   3.3713858e+04   9.3737746e-12
   3.3713684e+04   9.4018072e-12
   3.3713509e+04   9.4273341e-12
   3.3713335e+04   9.4529951e-12
   3.3713161e+04   9.4797826e-12
   3.3712987e+04   9.5060029e-12
   3.3712812e+04   9.5322186e-12
   3.3712638e+04   9.5614601e-12
   3.3712464e+04   9.5878629e-12
   3.3712289e+04   9.6151031e-12
   3.3712115e+04   9.6433086e-12
   3.3711941e+04   9.6707438e-12
   3.3711766e+04   9.6998270e-12
   3.3711592e+04   9.7266399e-12
   3.3711418e+04   9.7539983e-12
   3.3711243e+04   9.7818683e-12
   3.3711069e+04   9.8117486e-12
   3.3710895e+04   9.8410446e-12
   3.3710720e+04   9.8697578e-12
   3.3710546e+04   9.8991787e-12
   3.3710372e+04   9.9283845e-12
   3.3710197e+04   9.9583501e-12
   3.3710023e+04   9.9880746e-12
   3.3709849e+04   1.0018004e-11
   3.3709675e+04   1.0047980e-11
   3.3709500e+04   1.0080686e-11
   3.3709326e+04   1.0109297e-11
   3.3709152e+04   1.0140790e-11
   3.3708977e+04   1.0170444e-11
   3.3708803e+04   1.0201595e-11
   3.3708629e+04   1.0233120e-11
   3.3708454e+04   1.0265094e-11
   3.3708280e+04   1.0296763e-11
   3.3708106e+04   1.0327239e-11
   3.3707931e+04   1.0359547e-11
   3.3707757e+04   1.0392187e-11
   3.3707583e+04   1.0422885e-11
   3.3707408e+04   1.0456636e-11
   3.3707234e+04   1.0489165e-11
   3.3707060e+04   1.0520695e-11
   3.3706885e+04   1.0552670e-11
   3.3706711e+04   1.0587142e-11
   3.3706537e+04   1.0620671e-11
   3.3706363e+04   1.0653811e-11
   3.3706188e+04   1.0687340e-11
   3.3706014e+04   1.0720730e-11
   3.3705840e+04   1.0756285e-11
   3.3705665e+04   1.0790396e-11
   3.3705491e+04   1.0824897e-11
   3.3705317e+04   1.0859202e-11
   3.3705142e+04   1.0895729e-11
   3.3704968e+04   1.0930035e-11
   3.3704794e+04   1.0965673e-11
   3.3704619e+04   1.1000756e-11
   3.3704445e+04   1.1035284e-11
   3.3704271e+04   1.1072254e-11
   3.3704096e+04   1.1108781e-11
   3.3703922e+04   1.1146528e-11
   3.3703748e+04   1.1184054e-11
   3.3703573e+04   1.1220469e-11
   3.3703399e+04   1.1258411e-11
   3.3703225e+04   1.1297012e-11
   3.3703051e+04   1.1333212e-11
   3.3702876e+04   1.1373225e-11
   3.3702702e+04   1.1410904e-11
   3.3702528e+04   1.1449739e-11
   3.3702353e+04   1.1489151e-11
   3.3702179e+04   1.1527487e-11
   3.3702005e+04   1.1566070e-11
   3.3701830e+04   1.1606990e-11
   3.3701656e+04   1.1647963e-11
   3.3701482e+04   1.1687383e-11
   3.3701307e+04   1.1727649e-11
   3.3701133e+04   1.1768277e-11
   3.3700959e+04   1.1809614e-11
   3.3700784e+04   1.1851783e-11
   3.3700610e+04   1.1892619e-11
   3.3700436e+04   1.1934870e-11
   3.3700261e+04   1.1977863e-11
   3.3700087e+04   1.2021523e-11
   3.3699913e+04   1.2062962e-11
   3.3699739e+04   1.2105927e-11
   3.3699564e+04   1.2151946e-11
   3.3699390e+04   1.2194412e-11
   3.3699216e+04   1.2238877e-11
   3.3699041e+04   1.2284285e-11
   3.3698867e+04   1.2329360e-11
   3.3698693e+04   1.2374879e-11
   3.3698518e+04   1.2419565e-11
   3.3698344e+04   1.2464890e-11
   3.3698170e+04   1.2509882e-11
   3.3697995e+04   1.2556796e-11
   3.3697821e+04   1.2601892e-11
   3.3697647e+04   1.2648577e-11
   3.3697472e+04   1.2696177e-11
   3.3697298e+04   1.2742085e-11
   3.3697124e+04   1.2789159e-11
   3.3696949e+04   1.2838508e-11
   3.3696775e+04   1.2886470e-11
   3.3696601e+04   1.2935542e-11
   3.3696427e+04   1.2985946e-11
   3.3696252e+04   1.3034407e-11
   3.3696078e+04   1.3084644e-11
   3.3695904e+04   1.3135937e-11
   3.3695729e+04   1.3186924e-11
   3.3695555e+04   1.3237744e-11
   3.3695381e+04   1.3290508e-11
   3.3695206e+04   1.3343354e-11
   3.3695032e+04   1.3395271e-11
   3.3694858e+04   1.3447715e-11
   3.3694683e+04   1.3501505e-11
   3.3694509e+04   1.3553714e-11
   3.3694335e+04   1.3608489e-11
   3.3694160e+04   1.3661794e-11
   3.3693986e+04   1.3715029e-11
   3.3693812e+04   1.3771040e-11
   3.3693637e+04   1.3825774e-11
   3.3693463e+04   1.3882728e-11
   3.3693289e+04   1.3938212e-11
   3.3693115e+04   1.3994056e-11
   3.3692940e+04   1.4051926e-11
   3.3692766e+04   1.4108298e-11
   3.3692592e+04   1.4166335e-11
   3.3692417e+04   1.4223511e-11
   3.3692243e+04   1.4281132e-11
   3.3692069e+04   1.4341084e-11
   3.3691894e+04   1.4399260e-11
   3.3691720e+04   1.4459045e-11
   3.3691546e+04   1.4518609e-11
   3.3691371e+04   1.4581114e-11
   3.3691197e+04   1.4642065e-11
   3.3691023e+04   1.4703072e-11
   3.3690848e+04   1.4766521e-11
   3.3690674e+04   1.4828250e-11
   3.3690500e+04   1.4890367e-11
   3.3690325e+04   1.4953871e-11
   3.3690151e+04   1.5016294e-11
   3.3689977e+04   1.5080687e-11
   3.3689803e+04   1.5146218e-11
   3.3689628e+04   1.5210444e-11
   3.3689454e+04   1.5275781e-11
   3.3689280e+04   1.5342005e-11
   3.3689105e+04   1.5408674e-11
   3.3688931e+04   1.5476620e-11
   3.3688757e+04   1.5545940e-11
   3.3688582e+04   1.5612983e-11
   3.3688408e+04   1.5682497e-11
   3.3688234e+04   1.5751275e-11
   3.3688059e+04   1.5822614e-11
   3.3687885e+04   1.5892881e-11
   3.3687711e+04   1.5965113e-11
   3.3687536e+04   1.6037321e-11
   3.3687362e+04   1.6110219e-11
   3.3687188e+04   1.6183233e-11
   3.3687013e+04   1.6257144e-11
   3.3686839e+04   1.6330838e-11
   3.3686665e+04   1.6407438e-11
   3.3686491e+04   1.6482973e-11
   3.3686316e+04   1.6560392e-11
   3.3686142e+04   1.6637886e-11
   3.3685968e+04   1.6715795e-11
   3.3685793e+04   1.6794233e-11
   3.3685619e+04   1.6873780e-11
   3.3685445e+04   1.6951718e-11
   3.3685270e+04   1.7032709e-11
   3.3685096e+04   1.7112867e-11
   3.3684922e+04   1.7193136e-11
   3.3684747e+04   1.7276180e-11
   3.3684573e+04   1.7359003e-11
   3.3684399e+04   1.7442325e-11
   3.3684224e+04   1.7526258e-11
   3.3684050e+04   1.7609914e-11
   3.3683876e+04   1.7697399e-11
   3.3683701e+04   1.7782636e-11
   3.3683527e+04   1.7869151e-11
   3.3683353e+04   1.7956608e-11
   3.3683179e+04   1.8044233e-11
   3.3683004e+04   1.8133828e-11
   3.3682830e+04   1.8223201e-11
   3.3682656e+04   1.8313240e-11
   3.3682481e+04   1.8405055e-11
   3.3682307e+04   1.8496538e-11
   3.3682133e+04   1.8589463e-11
   3.3681958e+04   1.8682833e-11
   3.3681784e+04   1.8776425e-11
   3.3681610e+04   1.8872792e-11
   3.3681435e+04   1.8969937e-11
   3.3681261e+04   1.9066804e-11
   3.3681087e+04   1.9164254e-11
   3.3680912e+04   1.9263348e-11
   3.3680738e+04   1.9362331e-11
   3.3680564e+04   1.9462982e-11
   3.3680389e+04   1.9565665e-11
   3.3680215e+04   1.9666799e-11
   3.3680041e+04   1.9769993e-11
   3.3679867e+04   1.9875171e-11
   3.3679692e+04   1.9979680e-11
   3.3679518e+04   2.0086108e-11
   3.3679344e+04   2.0194481e-11
   3.3679169e+04   2.0303090e-11
   3.3678995e+04   2.0413138e-11
   3.3678821e+04   2.0523037e-11
   3.3678646e+04   2.0634201e-11
   3.3678472e+04   2.0747966e-11
   3.3678298e+04   2.0861361e-11
   3.3678123e+04   2.0977109e-11
   3.3677949e+04   2.1092433e-11
   3.3677775e+04   2.1208507e-11
   3.3677600e+04   2.1326829e-11
   3.3677426e+04   2.1446733e-11
   3.3677252e+04   2.1566193e-11
   3.3677077e+04   2.1688984e-11
   3.3676903e+04   2.1810886e-11
   3.3676729e+04   2.1933899e-11
   3.3676554e+04   2.2058022e-11
   3.3676380e+04   2.2182534e-11
   3.3676206e+04   2.2310598e-11
   3.3676032e+04   2.2439939e-11
   3.3675857e+04   2.2568614e-11
   3.3675683e+04   2.2699786e-11
   3.3675509e+04   2.2829516e-11
   3.3675334e+04   2.2962798e-11
   3.3675160e+04   2.3098690e-11
   3.3674986e+04   2.3234970e-11
   3.3674811e+04   2.3371527e-11
   3.3674637e+04   2.3510305e-11
   3.3674463e+04   2.3650637e-11
   3.3674288e+04   2.3791635e-11
   3.3674114e+04   2.3934965e-11
   3.3673940e+04   2.4079405e-11
   3.3673765e+04   2.4225066e-11
   3.3673591e+04   2.4373920e-11
   3.3673417e+04   2.4520913e-11
   3.3673242e+04   2.4671973e-11
   3.3673068e+04   2.4823164e-11
   3.3672894e+04   2.4978387e-11
   3.3672720e+04   2.5131617e-11
   3.3672545e+04   2.5290256e-11
   3.3672371e+04   2.5449237e-11
   3.3672197e+04   2.5610402e-11
   3.3672022e+04   2.5772057e-11
   3.3671848e+04   2.5937667e-11
   3.3671674e+04   2.6103870e-11
   3.3671499e+04   2.6271795e-11
   3.3671325e+04   2.6442118e-11
   3.3671151e+04   2.6614926e-11
   3.3670976e+04   2.6787706e-11
   3.3670802e+04   2.6963564e-11
   3.3670628e+04   2.7139920e-11
   3.3670453e+04   2.7321483e-11
   3.3670279e+04   2.7502502e-11
   3.3670105e+04   2.7685018e-11
   3.3669930e+04   2.7871677e-11
   3.3669756e+04   2.8058863e-11
   3.3669582e+04   2.8248250e-11
   3.3669408e+04   2.8440224e-11
   3.3669233e+04   2.8634862e-11
   3.3669059e+04   2.8829983e-11
   3.3668885e+04   2.9028073e-11
   3.3668710e+04   2.9229643e-11
   3.3668536e+04   2.9432770e-11
   3.3668362e+04   2.9637308e-11
   3.3668187e+04   2.9844505e-11
   3.3668013e+04   3.0054176e-11
   3.3667839e+04   3.0266015e-11
   3.3667664e+04   3.0483236e-11
   3.3667490e+04   3.0702377e-11
   3.3667316e+04   3.0922052e-11
   3.3667141e+04   3.1145118e-11
   3.3666967e+04   3.1370769e-11
   3.3666793e+04   3.1600764e-11
   3.3666618e+04   3.1832160e-11
   3.3666444e+04   3.2067016e-11
   3.3666270e+04   3.2303826e-11
   3.3666096e+04   3.2543856e-11
   3.3665921e+04   3.2787439e-11
   3.3665747e+04   3.3034075e-11
   3.3665573e+04   3.3284375e-11
   3.3665398e+04   3.3537062e-11
   3.3665224e+04   3.3792396e-11
   3.3665050e+04   3.4053729e-11
   3.3664875e+04   3.4316800e-11
   3.3664701e+04   3.4584820e-11
   3.3664527e+04   3.4857306e-11
   3.3664352e+04   3.5133594e-11
   3.3664178e+04   3.5413611e-11
   3.3664004e+04   3.5696973e-11
   3.3663829e+04   3.5985964e-11
   3.3663655e+04   3.6278355e-11
   3.3663481e+04   3.6576839e-11
   3.3663306e+04   3.6879652e-11
   3.3663132e+04   3.7184922e-11
   3.3662958e+04   3.7496783e-11
   3.3662784e+04   3.7814446e-11
   3.3662609e+04   3.8137105e-11
   3.3662435e+04   3.8462733e-11
   3.3662261e+04   3.8794495e-11
   3.3662086e+04   3.9133530e-11
   3.3661912e+04   3.9475437e-11
   3.3661738e+04   3.9823825e-11
   3.3661563e+04   4.0178846e-11
   3.3661389e+04   4.0539447e-11
   3.3661215e+04   4.0904988e-11
   3.3661040e+04   4.1278328e-11
   3.3660866e+04   4.1658080e-11
   3.3660692e+04   4.2043806e-11
   3.3660517e+04   4.2438428e-11
   3.3660343e+04   4.2839600e-11
   3.3660169e+04   4.3247302e-11
   3.3659994e+04   4.3665731e-11
   3.3659820e+04   4.4089600e-11
   3.3659646e+04   4.4525654e-11
   3.3659472e+04   4.4967086e-11
   3.3659297e+04   4.5422083e-11
   3.3659123e+04   4.5886461e-11
   3.3658949e+04   4.6362289e-11
   3.3658774e+04   4.6846554e-11
   3.3658600e+04   4.7349992e-11
   3.3658426e+04   4.7861076e-11
   3.3658251e+04   4.8390330e-11
   3.3658077e+04   4.8931550e-11
   3.3657903e+04   4.9495510e-11
   3.3657728e+04   5.0068691e-11
   3.3657554e+04   5.0670399e-11
   3.3657380e+04   5.1281963e-11
   3.3657205e+04   5.1929936e-11
   3.3657031e+04   5.2581880e-11
   3.3656857e+04   5.3282230e-11
   3.3656682e+04   5.3986660e-11
   3.3656508e+04   5.4752262e-11
   3.3656334e+04   5.5514588e-11
   3.3656160e+04   5.6361041e-11
   3.3655985e+04   5.7196123e-11
   3.3655811e+04   5.8142324e-11
   3.3655637e+04   5.9060867e-11
   3.3655462e+04   6.0141392e-11
   3.3655288e+04   6.1164897e-11
   3.3655114e+04   6.2417793e-11
   3.3654939e+04   6.3568474e-11
   3.3654765e+04   6.5057042e-11
   3.3654591e+04   6.6366204e-11
   3.3654416e+04   6.8186362e-11
   3.3654242e+04   6.9682806e-11
   3.3654068e+04   7.1983739e-11
   3.3653893e+04   7.3699724e-11
   3.3653719e+04   7.6721852e-11
   3.3653545e+04   7.8670700e-11
   3.3653370e+04   8.2823837e-11
   3.3653196e+04   8.4952802e-11
   3.3653022e+04   9.0974342e-11
   3.3652848e+04   9.3041886e-11
   3.3652673e+04   1.0234745e-10
   3.3652499e+04   1.0357776e-10
   3.3652325e+04   1.1908742e-10
   3.3652150e+04   1.1718861e-10
   3.3651976e+04   1.4551310e-10
   3.3651802e+04   1.3367615e-10
   3.3651627e+04   1.9142181e-10
   3.3651453e+04   1.4843193e-10
   3.3651279e+04   2.8280996e-10
   3.3651104e+04   1.3663990e-10
   3.3650930e+04   5.0311678e-10
   3.3650756e+04   2.3173718e-11
   3.3650581e+04   1.1874957e-09
   3.3650407e+04   9.8351824e-10
   3.3650233e+04   4.0916009e-09
   3.3650058e+04   7.0653002e-09
   3.3649884e+04   2.2059942e-08
   3.3649710e+04   5.8636059e-08
   3.3649536e+04   2.0591434e-07
   3.3649361e+04   8.2898784e-07
   3.3649187e+04   4.5690414e-06
   3.3649013e+04   4.1222706e-05
   3.3648838e+04   1.6557990e-03
   3.3648664e+04   2.1021579e-02
   3.3648490e+04   1.0823452e-01
   3.3648315e+04   3.3813656e-01
   3.3648141e+04   7.5525250e-01
   3.3647967e+04   1.3540207e+00
   3.3647792e+04   2.1515381e+00
   3.3647618e+04   3.2267817e+00
   3.3647444e+04   4.6029748e+00
   3.3647269e+04   6.1344633e+00
   3.3647095e+04   7.6244738e+00
   3.3646921e+04   9.0286535e+00
   3.3646746e+04   1.0403351e+01
   3.3646572e+04   1.1663642e+01
   3.3646398e+04   1.2585539e+01
   3.3646224e+04   1.3110920e+01
   3.3646049e+04   1.3456187e+01
   3.3645875e+04   1.3795574e+01
   3.3645701e+04   1.4011745e+01
   3.3645526e+04   1.3925750e+01
   3.3645352e+04   1.3615215e+01
   3.3645178e+04   1.3277118e+01
   3.3645003e+04   1.2869853e+01
   3.3644829e+04   1.2144699e+01
   3.3644655e+04   1.1015952e+01
   3.3644480e+04   9.6702804e+00
   3.3644306e+04   8.2831115e+00
   3.3644132e+04   6.8387669e+00
   3.3643957e+04   5.3082787e+00
   3.3643783e+04   3.8332228e+00
   3.3643609e+04   2.6113828e+00
   3.3643434e+04   1.6955664e+00
   3.3643260e+04   1.0112592e+00
   3.3643086e+04   5.0815871e-01
   3.3642912e+04   1.9312145e-01
   3.3642737e+04   4.8602687e-02
   3.3642563e+04   6.3601965e-03
   3.3642389e+04   1.3929086e-04
   3.3642214e+04   1.1028719e-05
   3.3642040e+04   1.8332895e-06
   3.3641866e+04   4.3211928e-07
   3.3641691e+04   1.3231964e-07
   3.3641517e+04   4.4120911e-08
   3.3641343e+04   1.9186025e-08
   3.3641168e+04   6.9382503e-09
   3.3640994e+04   4.3633037e-09
   3.3640820e+04   1.2308440e-09
   3.3640645e+04   1.4482851e-09
   3.3640471e+04   8.3976978e-11
   3.3640297e+04   6.8539296e-10
   3.3640122e+04   1.8416521e-10
   3.3639948e+04   4.3873406e-10
   3.3639774e+04   2.5185144e-10
   3.3639600e+04   3.4721563e-10
   3.3639425e+04   2.7100280e-10
   3.3639251e+04   3.1264180e-10
   3.3639077e+04   2.8025114e-10
   3.3638902e+04   3.0364859e-10
   3.3638728e+04   2.9021401e-10
   3.3638554e+04   3.0922089e-10
   3.3638379e+04   3.0392980e-10
   3.3638205e+04   3.2595318e-10
   3.3638031e+04   3.2219727e-10
   3.3637856e+04   3.5460138e-10
   3.3637682e+04   3.4452324e-10
   3.3637508e+04   4.0048642e-10
   3.3637333e+04   3.6748959e-10
   3.3637159e+04   4.7833709e-10
   3.3636985e+04   3.7733439e-10
   3.3636810e+04   6.2964192e-10
   3.3636636e+04   3.2084636e-10
   3.3636462e+04   9.8853854e-10
   3.3636288e+04   2.1369552e-11
   3.3636113e+04   2.0765971e-09
   3.3635939e+04   1.6864186e-09
   3.3635765e+04   6.4430412e-09
   3.3635590e+04   1.0758173e-08
   3.3635416e+04   3.0889155e-08
   3.3635242e+04   7.6858630e-08
   3.3635067e+04   2.4616341e-07
   3.3634893e+04   8.9357367e-07
   3.3634719e+04   4.3008046e-06
   3.3634544e+04   3.1505174e-05
   3.3634370e+04   6.2669573e-04
   3.3634196e+04   1.2281244e-02
   3.3634021e+04   7.5176802e-02
   3.3633847e+04   2.6192673e-01
   3.3633673e+04   6.3025142e-01
   3.3633498e+04   1.1835536e+00
   3.3633324e+04   1.9244026e+00
   3.3633150e+04   2.9211079e+00
   3.3632975e+04   4.2276450e+00
   3.3632801e+04   5.7409977e+00
   3.3632627e+04   7.2547654e+00
   3.3632453e+04   8.6762781e+00
   3.3632278e+04   1.0058418e+01
   3.3632104e+04   1.1368885e+01
   3.3631930e+04   1.2396159e+01
   3.3631755e+04   1.3011254e+01
   3.3631581e+04   1.3377240e+01
   3.3631407e+04   1.3718134e+01
   3.3631232e+04   1.3988377e+01
   3.3631058e+04   1.3984952e+01
   3.3630884e+04   1.3710987e+01
   3.3630709e+04   1.3370230e+01
   3.3630535e+04   1.3001844e+01
   3.3630361e+04   1.2378819e+01
   3.3630186e+04   1.1343341e+01
   3.3630012e+04   1.0029545e+01
   3.3629838e+04   8.6469690e+00
   3.3629663e+04   7.2238600e+00
   3.3629489e+04   5.7084474e+00
   3.3629315e+04   4.1973159e+00
   3.3629141e+04   2.8969010e+00
   3.3628966e+04   1.9064923e+00
   3.3628792e+04   1.1700793e+00
   3.3628618e+04   6.2052833e-01
   3.3628443e+04   2.5623271e-01
   3.3628269e+04   7.2853147e-02
   3.3628095e+04   1.1720262e-02
   3.3627920e+04   5.7189517e-04
   3.3627746e+04   2.9941675e-05
   3.3627572e+04   4.1491908e-06
   3.3627397e+04   8.6972755e-07
   3.3627223e+04   2.4189694e-07
   3.3627049e+04   7.5352672e-08
   3.3626874e+04   3.1076546e-08
   3.3626700e+04   1.0224237e-08
   3.3626526e+04   6.9260554e-09
   3.3626351e+04   1.1738853e-09
   3.3626177e+04   2.6192803e-09
   3.3626003e+04   5.3803300e-10
   3.3625829e+04   1.5810179e-09
   3.3625654e+04   9.3700539e-10
   3.3625480e+04   1.2793734e-09
   3.3625306e+04   1.0572552e-09
   3.3625131e+04   1.1944167e-09
   3.3624957e+04   1.1195617e-09
   3.3624783e+04   1.1929360e-09
   3.3624608e+04   1.1788762e-09
   3.3624434e+04   1.2348729e-09
   3.3624260e+04   1.2509666e-09
   3.3624085e+04   1.3075501e-09
   3.3623911e+04   1.3417341e-09
   3.3623737e+04   1.4084049e-09
   3.3623562e+04   1.4548385e-09
   3.3623388e+04   1.5403644e-09
   3.3623214e+04   1.5935964e-09
   3.3623039e+04   1.7118136e-09
   3.3622865e+04   1.7603075e-09
   3.3622691e+04   1.9406959e-09
   3.3622517e+04   1.9511758e-09
   3.3622342e+04   2.2686404e-09
   3.3622168e+04   2.1354658e-09
   3.3621994e+04   2.8112271e-09
   3.3621819e+04   2.1660984e-09
   3.3621645e+04   3.9682863e-09
   3.3621471e+04   1.3399093e-09
   3.3621296e+04   7.5106703e-09
   3.3621122e+04   4.2667125e-09
   3.3620948e+04   2.3982333e-08
   3.3620773e+04   4.3787904e-08
   3.3620599e+04   1.4765976e-07
   3.3620425e+04   4.6839084e-07
   3.3620250e+04   2.0337905e-06
   3.3620076e+04   1.2398270e-05
   3.3619902e+04   1.6159706e-04
   3.3619727e+04   6.7128577e-03
   3.3619553e+04   5.0364501e-02
   3.3619379e+04   1.9803537e-01
   3.3619205e+04   5.1740427e-01
   3.3619030e+04   1.0248564e+00
   3.3618856e+04   1.7139780e+00
   3.3618682e+04   2.6366231e+00
   3.3618507e+04   3.8663138e+00
   3.3618333e+04   5.3463876e+00
   3.3618159e+04   6.8775426e+00
   3.3617984e+04   8.3214700e+00
   3.3617810e+04   9.7096275e+00
   3.3617636e+04   1.1054584e+01
   3.3617461e+04   1.2177341e+01
   3.3617287e+04   1.2894552e+01
   3.3617113e+04   1.3298343e+01
   3.3616938e+04   1.3636973e+01
   3.3616764e+04   1.3945432e+01
   3.3616590e+04   1.4024908e+01
   3.3616415e+04   1.3803525e+01
   3.3616241e+04   1.3463383e+01
   3.3616067e+04   1.3116625e+01
   3.3615893e+04   1.2583935e+01
   3.3615718e+04   1.1652218e+01
   3.3615544e+04   1.0385904e+01
   3.3615370e+04   9.0090422e+00
   3.3615195e+04   7.6022193e+00
   3.3615021e+04   6.1085977e+00
   3.3614847e+04   4.5764759e+00
   3.3614672e+04   3.2042352e+00
   3.3614498e+04   2.1344503e+00
   3.3614324e+04   1.3409770e+00
   3.3614149e+04   7.4533565e-01
   3.3613975e+04   3.3176599e-01
   3.3613801e+04   1.0529468e-01
   3.3613626e+04   2.0181930e-02
   3.3613452e+04   1.5432811e-03
   3.3613278e+04   4.1624494e-05
   3.3613103e+04   4.7147507e-06
   3.3612929e+04   8.6025892e-07
   3.3612755e+04   2.2277502e-07
   3.3612581e+04   5.7928479e-08
   3.3612406e+04   2.7968116e-08
   3.3612232e+04   3.8631908e-09
   3.3612058e+04   7.9506460e-09
   3.3611883e+04   2.0907291e-09
   3.3611709e+04   4.2321257e-09
   3.3611535e+04   2.6596495e-09
   3.3611360e+04   3.0463662e-09
   3.3611186e+04   2.4552705e-09
   3.3611012e+04   2.4592239e-09
   3.3610837e+04   2.1625989e-09
   3.3610663e+04   2.0808814e-09
   3.3610489e+04   1.8970573e-09
   3.3610314e+04   1.8031962e-09
   3.3610140e+04   1.6730735e-09
   3.3609966e+04   1.5858550e-09
   3.3609791e+04   1.4862334e-09
   3.3609617e+04   1.4095891e-09
   3.3609443e+04   1.3296824e-09
   3.3609269e+04   1.2633858e-09
   3.3609094e+04   1.1973837e-09
   3.3608920e+04   1.1401633e-09
   3.3608746e+04   1.0845558e-09
   3.3608571e+04   1.0350163e-09
   3.3608397e+04   9.8748834e-10
   3.3608223e+04   9.4438782e-10
   3.3608048e+04   9.0331354e-10
   3.3607874e+04   8.6560653e-10
   3.3607700e+04   8.2978885e-10
   3.3607525e+04   7.9661971e-10
   3.3607351e+04   7.6515083e-10
   3.3607177e+04   7.3581580e-10
   3.3607002e+04   7.0798595e-10
   3.3606828e+04   6.8191269e-10
   3.3606654e+04   6.5716538e-10
   3.3606479e+04   6.3387981e-10
   3.3606305e+04   6.1175931e-10
   3.3606131e+04   5.9087632e-10
   3.3605957e+04   5.7101304e-10
   3.3605782e+04   5.5220760e-10
   3.3605608e+04   5.3429947e-10
   3.3605434e+04   5.1730106e-10
   3.3605259e+04   5.0109294e-10
   3.3605085e+04   4.8567399e-10
   3.3604911e+04   4.7095544e-10
   3.3604736e+04   4.5692394e-10
   3.3604562e+04   4.4351095e-10
   3.3604388e+04   4.3070503e-10
   3.3604213e+04   4.1844911e-10
   3.3604039e+04   4.0672563e-10
   3.3603865e+04   3.9549244e-10
   3.3603690e+04   3.8473530e-10
   3.3603516e+04   3.7441331e-10
   3.3603342e+04   3.6451397e-10
   3.3603167e+04   3.5500702e-10
   3.3602993e+04   3.4587677e-10
   3.3602819e+04   3.3710057e-10
   3.3602645e+04   3.2866043e-10
   3.3602470e+04   3.2053743e-10
   3.3602296e+04   3.1272041e-10
   3.3602122e+04   3.0518790e-10
   3.3601947e+04   2.9793129e-10
   3.3601773e+04   2.9093372e-10
   3.3601599e+04   2.8418518e-10
   3.3601424e+04   2.7767144e-10
   3.3601250e+04   2.7138486e-10
   3.3601076e+04   2.6531238e-10
   3.3600901e+04   2.5944472e-10
   3.3600727e+04   2.5377514e-10
   3.3600553e+04   2.4829161e-10
   3.3600378e+04   2.4298646e-10
   3.3600204e+04   2.3785285e-10
   3.3600030e+04   2.3288527e-10
   3.3599855e+04   2.2807273e-10
   3.3599681e+04   2.2341226e-10
   3.3599507e+04   2.1889508e-10
   3.3599333e+04   2.1451663e-10
   3.3599158e+04   2.1027063e-10
   3.3598984e+04   2.0615318e-10
   3.3598810e+04   2.0215644e-10
   3.3598635e+04   1.9827813e-10
   3.3598461e+04   1.9451229e-10
   3.3598287e+04   1.9085494e-10
   3.3598112e+04   1.8730233e-10
   3.3597938e+04   1.8384988e-10
   3.3597764e+04   1.8049464e-10
   3.3597589e+04   1.7723188e-10
   3.3597415e+04   1.7405832e-10
   3.3597241e+04   1.7097016e-10
   3.3597066e+04   1.6796585e-10
   3.3596892e+04   1.6504062e-10
   3.3596718e+04   1.6219426e-10
   3.3596543e+04   1.5942153e-10
   3.3596369e+04   1.5672086e-10
   3.3596195e+04   1.5409030e-10
   3.3596021e+04   1.5152657e-10
   3.3595846e+04   1.4902746e-10
   3.3595672e+04   1.4659030e-10
   3.3595498e+04   1.4421264e-10
   3.3595323e+04   1.4189494e-10
   3.3595149e+04   1.3963408e-10
   3.3594975e+04   1.3742785e-10
   3.3594800e+04   1.3527535e-10
   3.3594626e+04   1.3317125e-10
   3.3594452e+04   1.3111823e-10
   3.3594277e+04   1.2911450e-10
   3.3594103e+04   1.2715518e-10
   3.3593929e+04   1.2524248e-10
   3.3593754e+04   1.2337464e-10
   3.3593580e+04   1.2154944e-10
   3.3593406e+04   1.1976375e-10
   3.3593231e+04   1.1801760e-10
   3.3593057e+04   1.1631052e-10
   3.3592883e+04   1.1464207e-10
   3.3592709e+04   1.1300982e-10
   3.3592534e+04   1.1141288e-10
   3.3592360e+04   1.0985157e-10
   3.3592186e+04   1.0832146e-10
   3.3592011e+04   1.0682533e-10
   3.3591837e+04   1.0536047e-10
   3.3591663e+04   1.0392594e-10
   3.3591488e+04   1.0252112e-10
   3.3591314e+04   1.0114509e-10
   3.3591140e+04   9.9797431e-11
   3.3590965e+04   9.8478201e-11
   3.3590791e+04   9.7185594e-11
   3.3590617e+04   9.5917760e-11
   3.3590442e+04   9.4676012e-11
   3.3590268e+04   9.3458528e-11
   3.3590094e+04   9.2264886e-11
   3.3589919e+04   9.1094546e-11
   3.3589745e+04   8.9947211e-11
   3.3589571e+04   8.8823736e-11
   3.3589396e+04   8.7720898e-11
   3.3589222e+04   8.6639119e-11
   3.3589048e+04   8.5576761e-11
   3.3588874e+04   8.4535282e-11
   3.3588699e+04   8.3513904e-11
   3.3588525e+04   8.2510235e-11
   3.3588351e+04   8.1525231e-11
   3.3588176e+04   8.0558449e-11
   3.3588002e+04   7.9610096e-11
   3.3587828e+04   7.8676177e-11
   3.3587653e+04   7.7762241e-11
   3.3587479e+04   7.6862516e-11
   3.3587305e+04   7.5980999e-11
   3.3587130e+04   7.5113693e-11
   3.3586956e+04   7.4262374e-11
   3.3586782e+04   7.3424822e-11
   3.3586607e+04   7.2601480e-11
   3.3586433e+04   7.1791462e-11
   3.3586259e+04   7.0996986e-11
   3.3586084e+04   7.0214057e-11
   3.3585910e+04   6.9445782e-11
   3.3585736e+04   6.8689054e-11
   3.3585562e+04   6.7946981e-11
   3.3585387e+04   6.7217787e-11
   3.3585213e+04   6.6501027e-11
   3.3585039e+04   6.5793593e-11
   3.3584864e+04   6.5097705e-11
   3.3584690e+04   6.4416250e-11
   3.3584516e+04   6.3742789e-11
   3.3584341e+04   6.3081429e-11
   3.3584167e+04   6.2430228e-11
   3.3583993e+04   6.1790989e-11
   3.3583818e+04   6.1160119e-11
   3.3583644e+04   6.0540649e-11
   3.3583470e+04   5.9930729e-11
   3.3583295e+04   5.9328778e-11
   3.3583121e+04   5.8736893e-11
   3.3582947e+04   5.8153650e-11
   3.3582772e+04   5.7580407e-11
   3.3582598e+04   5.7015505e-11
   3.3582424e+04   5.6459641e-11
   3.3582250e+04   5.5911742e-11
   3.3582075e+04   5.5372770e-11
   3.3581901e+04   5.4840223e-11
   3.3581727e+04   5.4317972e-11
   3.3581552e+04   5.3801470e-11
   3.3581378e+04   5.3294045e-11
   3.3581204e+04   5.2793515e-11
   3.3581029e+04   5.2300010e-11
   3.3580855e+04   5.1815083e-11
   3.3580681e+04   5.1335936e-11
   3.3580506e+04   5.0863311e-11
   3.3580332e+04   5.0398145e-11
   3.3580158e+04   4.9939745e-11
   3.3579983e+04   4.9484913e-11
   3.3579809e+04   4.9040588e-11
   3.3579635e+04   4.8601413e-11
   3.3579460e+04   4.8168112e-11
   3.3579286e+04   4.7740894e-11
   3.3579112e+04   4.7318460e-11
   3.3578938e+04   4.6902139e-11
   3.3578763e+04   4.6493009e-11
   3.3578589e+04   4.6087742e-11
   3.3578415e+04   4.5688930e-11
   3.3578240e+04   4.5294874e-11
   3.3578066e+04   4.4906069e-11
   3.3577892e+04   4.4522105e-11
   3.3577717e+04   4.4143021e-11
   3.3577543e+04   4.3770182e-11
   3.3577369e+04   4.3402846e-11
   3.3577194e+04   4.3038684e-11
   3.3577020e+04   4.2680082e-11
   3.3576846e+04   4.2326476e-11
   3.3576671e+04   4.1977199e-11
   3.3576497e+04   4.1633363e-11
   3.3576323e+04   4.1291637e-11
   3.3576148e+04   4.0956905e-11
   3.3575974e+04   4.0624490e-11
   3.3575800e+04   4.0299122e-11
   3.3575626e+04   3.9975551e-11
   3.3575451e+04   3.9657304e-11
   3.3575277e+04   3.9340053e-11
   3.3575103e+04   3.9030366e-11
   3.3574928e+04   3.8723824e-11
   3.3574754e+04   3.8420128e-11
   3.3574580e+04   3.8120784e-11
   3.3574405e+04   3.7824535e-11
   3.3574231e+04   3.7533462e-11
   3.3574057e+04   3.7243986e-11
   3.3573882e+04   3.6959408e-11
   3.3573708e+04   3.6678063e-11
   3.3573534e+04   3.6398481e-11
   3.3573359e+04   3.6126102e-11
   3.3573185e+04   3.5854236e-11
   3.3573011e+04   3.5584855e-11
   3.3572836e+04   3.5320288e-11
   3.3572662e+04   3.5057915e-11
   3.3572488e+04   3.4799746e-11
   3.3572314e+04   3.4544534e-11
   3.3572139e+04   3.4291195e-11
   3.3571965e+04   3.4042449e-11
   3.3571791e+04   3.3794148e-11
   3.3571616e+04   3.3549760e-11
   3.3571442e+04   3.3308772e-11
   3.3571268e+04   3.3070408e-11
   3.3571093e+04   3.2834624e-11
   3.3570919e+04   3.2601005e-11
   3.3570745e+04   3.2369274e-11
   3.3570570e+04   3.2142955e-11
   3.3570396e+04   3.1916580e-11
   3.3570222e+04   3.1693592e-11
   3.3570047e+04   3.1473713e-11
   3.3569873e+04   3.1256303e-11
   3.3569699e+04   3.1041461e-11
   3.3569524e+04   3.0827174e-11
   3.3569350e+04   3.0615295e-11
   3.3569176e+04   3.0406400e-11
   3.3569002e+04   3.0200936e-11
   3.3568827e+04   2.9996640e-11
   3.3568653e+04   2.9794547e-11
   3.3568479e+04   2.9593653e-11
   3.3568304e+04   2.9396638e-11
   3.3568130e+04   2.9200709e-11
   3.3567956e+04   2.9007161e-11
   3.3567781e+04   2.8816502e-11
   3.3567607e+04   2.8625898e-11
   3.3567433e+04   2.8438430e-11
   3.3567258e+04   2.8252655e-11
   3.3567084e+04   2.8070098e-11
   3.3566910e+04   2.7887539e-11
   3.3566735e+04   2.7706809e-11
   3.3566561e+04   2.7531200e-11
   3.3566387e+04   2.7354508e-11
   3.3566212e+04   2.7180147e-11
   3.3566038e+04   2.7008394e-11
   3.3565864e+04   2.6838815e-11
   3.3565690e+04   2.6671264e-11
   3.3565515e+04   2.6503192e-11
   3.3565341e+04   2.6337959e-11
   3.3565167e+04   2.6175215e-11
   3.3564992e+04   2.6012986e-11
   3.3564818e+04   2.5852551e-11
   3.3564644e+04   2.5694000e-11
   3.3564469e+04   2.5536551e-11
   3.3564295e+04   2.5380929e-11
   3.3564121e+04   2.5228102e-11
   3.3563946e+04   2.5074111e-11
   3.3563772e+04   2.4923802e-11
   3.3563598e+04   2.4773869e-11
   3.3563423e+04   2.4625984e-11
   3.3563249e+04   2.4478062e-11
   3.3563075e+04   2.4332991e-11
   3.3562900e+04   2.4188550e-11
   3.3562726e+04   2.4045867e-11
   3.3562552e+04   2.3905274e-11
   3.3562378e+04   2.3765284e-11
   3.3562203e+04   2.3625498e-11
   3.3562029e+04   2.3488878e-11
   3.3561855e+04   2.3352828e-11
   3.3561680e+04   2.3219389e-11
   3.3561506e+04   2.3085512e-11
   3.3561332e+04   2.2953200e-11
   3.3561157e+04   2.2823164e-11
   3.3560983e+04   2.2694795e-11
   3.3560809e+04   2.2567942e-11
   3.3560634e+04   2.2440369e-11
   3.3560460e+04   2.2314330e-11
   3.3560286e+04   2.2190070e-11
   3.3560111e+04   2.2067572e-11
   3.3559937e+04   2.1945360e-11
   3.3559763e+04   2.1823712e-11
   3.3559588e+04   2.1703784e-11
   3.3559414e+04   2.1586056e-11
   3.3559240e+04   2.1467227e-11
   3.3559066e+04   2.1350130e-11
   3.3558891e+04   2.1234348e-11
   3.3558717e+04   2.1118940e-11
   3.3558543e+04   2.1005531e-11
   3.3558368e+04   2.0892288e-11
   3.3558194e+04   2.0780044e-11
   3.3558020e+04   2.0669466e-11
   3.3557845e+04   2.0559998e-11
   3.3557671e+04   2.0450752e-11
   3.3557497e+04   2.0343283e-11
   3.3557322e+04   2.0238033e-11
   3.3557148e+04   2.0130564e-11
   3.3556974e+04   2.0027535e-11
   3.3556799e+04   1.9922286e-11
   3.3556625e+04   1.9819257e-11
   3.3556451e+04   1.9718449e-11
   3.3556276e+04   1.9617197e-11
   3.3556102e+04   1.9517277e-11
   3.3555928e+04   1.9416468e-11
   3.3555754e+04   1.9316992e-11
   3.3555579e+04   1.9221069e-11
   3.3555405e+04   1.9122037e-11
   3.3555231e+04   1.9026558e-11
   3.3555056e+04   1.8928858e-11
   3.3554882e+04   1.8836044e-11
   3.3554708e+04   1.8743562e-11
   3.3554533e+04   1.8650081e-11
   3.3554359e+04   1.8556712e-11
   3.3554185e+04   1.8465451e-11
   3.3554010e+04   1.8375135e-11
   3.3553836e+04   1.8284152e-11
   3.3553662e+04   1.8194352e-11
   3.3553487e+04   1.8106341e-11
   3.3553313e+04   1.8018769e-11
   3.3553139e+04   1.7930058e-11
   3.3552964e+04   1.7843554e-11
   3.3552790e+04   1.7756678e-11
   3.3552616e+04   1.7672012e-11
   3.3552442e+04   1.7587074e-11
   3.3552267e+04   1.7503624e-11
   3.3552093e+04   1.7419385e-11
   3.3551919e+04   1.7336618e-11
   3.3551744e+04   1.7256072e-11
   3.3551570e+04   1.7175983e-11
   3.3551396e+04   1.7095547e-11
   3.3551221e+04   1.7014529e-11
   3.3551047e+04   1.6936175e-11
   3.3550873e+04   1.6858848e-11
   3.3550698e+04   1.6781659e-11
   3.3550524e+04   1.6704527e-11
   3.3550350e+04   1.6628907e-11
   3.3550175e+04   1.6554938e-11
   3.3550001e+04   1.6478943e-11
   3.3549827e+04   1.6404003e-11
   3.3549652e+04   1.6332338e-11
   3.3549478e+04   1.6258148e-11
   3.3549304e+04   1.6185539e-11
   3.3549130e+04   1.6113395e-11
   3.3548955e+04   1.6041959e-11
   3.3548781e+04   1.5968137e-11
   3.3548607e+04   1.5897832e-11
   3.3548432e+04   1.5828845e-11
   3.3548258e+04   1.5756250e-11
   3.3548084e+04   1.5686626e-11
   3.3547909e+04   1.5619450e-11
   3.3547735e+04   1.5550478e-11
   3.3547561e+04   1.5481560e-11
   3.3547386e+04   1.5414489e-11
   3.3547212e+04   1.5348708e-11
   3.3547038e+04   1.5282269e-11
   3.3546863e+04   1.5216150e-11
   3.3546689e+04   1.5153078e-11
   3.3546515e+04   1.5089003e-11
   3.3546340e+04   1.5024340e-11
   3.3546166e+04   1.4960032e-11
   3.3545992e+04   1.4898041e-11
   3.3545817e+04   1.4835610e-11
   3.3545643e+04   1.4773535e-11
   3.3545469e+04   1.4711597e-11
   3.3545295e+04   1.4652087e-11
   3.3545120e+04   1.4591097e-11
   3.3544946e+04   1.4530672e-11
   3.3544772e+04   1.4470774e-11
   3.3544597e+04   1.4413401e-11
   3.3544423e+04   1.4353699e-11
   3.3544249e+04   1.4293400e-11
   3.3544074e+04   1.4236112e-11
   3.3543900e+04   1.4178270e-11
   3.3543726e+04   1.4121038e-11
   3.3543551e+04   1.4063750e-11
   3.3543377e+04   1.4007795e-11
   3.3543203e+04   1.3952728e-11
   3.3543028e+04   1.3896995e-11
   3.3542854e+04   1.3841039e-11
   3.3542680e+04   1.3786861e-11
   3.3542505e+04   1.3732959e-11
   3.3542331e+04   1.3677282e-11
   3.3542157e+04   1.3623769e-11
   3.3541983e+04   1.3570700e-11
   3.3541808e+04   1.3517021e-11
   3.3541634e+04   1.3464341e-11
   3.3541460e+04   1.3411772e-11
   3.3541285e+04   1.3358481e-11
   3.3541111e+04   1.3308465e-11
   3.3540937e+04   1.3256951e-11
   3.3540762e+04   1.3206103e-11
   3.3540588e+04   1.3156365e-11
   3.3540414e+04   1.3104184e-11
   3.3540239e+04   1.3056334e-11
   3.3540065e+04   1.3006485e-11
   3.3539891e+04   1.2957080e-11
   3.3539716e+04   1.2909979e-11
   3.3539542e+04   1.2860740e-11
   3.3539368e+04   1.2812293e-11
   3.3539193e+04   1.2765504e-11
   3.3539019e+04   1.2717039e-11
   3.3538845e+04   1.2671301e-11
   3.3538671e+04   1.2623280e-11
   3.3538496e+04   1.2577796e-11
   3.3538322e+04   1.2530923e-11
   3.3538148e+04   1.2486137e-11
   3.3537973e+04   1.2438787e-11
   3.3537799e+04   1.2393436e-11
   3.3537625e+04   1.2348697e-11
   3.3537450e+04   1.2303665e-11
   3.3537276e+04   1.2259313e-11
   3.3537102e+04   1.2216279e-11
   3.3536927e+04   1.2171099e-11
   3.3536753e+04   1.2127781e-11
   3.3536579e+04   1.2083892e-11
   3.3536404e+04   1.2042436e-11
   3.3536230e+04   1.1999898e-11
   3.3536056e+04   1.1956423e-11
   3.3535881e+04   1.1915329e-11
   3.3535707e+04   1.1873964e-11
   3.3535533e+04   1.1833571e-11
   3.3535359e+04   1.1792729e-11
   3.3535184e+04   1.1751705e-11
   3.3535010e+04   1.1710258e-11
   3.3534836e+04   1.1671609e-11
   3.3534661e+04   1.1631214e-11
   3.3534487e+04   1.1592237e-11
   3.3534313e+04   1.1553366e-11
   3.3534138e+04   1.1512955e-11
   3.3533964e+04   1.1475020e-11
   3.3533790e+04   1.1436146e-11
   3.3533615e+04   1.1396101e-11
   3.3533441e+04   1.1358033e-11
   3.3533267e+04   1.1321086e-11
   3.3533092e+04   1.1283950e-11
   3.3532918e+04   1.1246443e-11
   3.3532744e+04   1.1209213e-11
   3.3532569e+04   1.1171578e-11
   3.3532395e+04   1.1135731e-11
   3.3532221e+04   1.1097637e-11
   3.3532047e+04   1.1061554e-11
   3.3531872e+04   1.1026520e-11
   3.3531698e+04   1.0989560e-11
   3.3531524e+04   1.0954895e-11
   3.3531349e+04   1.0918783e-11
   3.3531175e+04   1.0883284e-11
   3.3531001e+04   1.0847683e-11
   3.3530826e+04   1.0812678e-11
   3.3530652e+04   1.0779223e-11
   3.3530478e+04   1.0746428e-11
   3.3530303e+04   1.0710410e-11
   3.3530129e+04   1.0676432e-11
   3.3529955e+04   1.0643347e-11
   3.3529780e+04   1.0608958e-11
   3.3529606e+04   1.0574375e-11
   3.3529432e+04   1.0540735e-11
   3.3529257e+04   1.0509205e-11
   3.3529083e+04   1.0475953e-11
   3.3528909e+04   1.0444201e-11
   3.3528735e+04   1.0411005e-11
   3.3528560e+04   1.0379031e-11
   3.3528386e+04   1.0345724e-11
   3.3528212e+04   1.0316137e-11
   3.3528037e+04   1.0285273e-11
   3.3527863e+04   1.0252132e-11
   3.3527689e+04   1.0222156e-11
   3.3527514e+04   1.0189211e-11
   3.3527340e+04   1.0158541e-11
   3.3527166e+04   1.0128426e-11
   3.3526991e+04   1.0099255e-11
   3.3526817e+04   1.0068057e-11
   3.3526643e+04   1.0037304e-11
   3.3526468e+04   1.0007883e-11
   3.3526294e+04   9.9784625e-12
   3.3526120e+04   9.9509290e-12
   3.3525945e+04   9.9215081e-12
   3.3525771e+04   9.8923092e-12
   3.3525597e+04   9.8635544e-12
   3.3525423e+04   9.8342445e-12
   3.3525248e+04   9.8060449e-12
   3.3525074e+04   9.7780672e-12
   3.3524900e+04   9.7507280e-12
   3.3524725e+04   9.7231598e-12
   3.3524551e+04   9.6940789e-12
   3.3524377e+04   9.6659239e-12
   3.3524202e+04   9.6398759e-12
   3.3524028e+04   9.6120978e-12
   3.3523854e+04   9.5846743e-12
   3.3523679e+04   9.5577295e-12
   3.3523505e+04   9.5306979e-12
   3.3523331e+04   9.5045608e-12
   3.3523156e+04   9.4771444e-12
   3.3522982e+04   9.4508383e-12
   3.3522808e+04   9.4239362e-12
   3.3522633e+04   9.3987277e-12
   3.3522459e+04   9.3718974e-12
   3.3522285e+04   9.3455660e-12
   3.3522111e+04   9.3204541e-12
   3.3521936e+04   9.2939823e-12
   3.3521762e+04   9.2684749e-12
   3.3521588e+04   9.2442998e-12
