   3.3878412e+04   2.1138646e-13
   3.3878238e+04   2.2382096e-13
   3.3878064e+04   2.4158453e-13
   3.3877889e+04   2.2026825e-13
   3.3877715e+04   2.4336089e-13
   3.3877541e+04   2.4158453e-13
   3.3877367e+04   2.3447910e-13
   3.3877192e+04   2.3803182e-13
   3.3877018e+04   2.2737368e-13
   3.3876844e+04   2.3447910e-13
   3.3876669e+04   2.3092639e-13
   3.3876495e+04   2.4158453e-13
   3.3876321e+04   2.4868996e-13
   3.3876146e+04   2.2737368e-13
   3.3875972e+04   2.4158453e-13
   3.3875798e+04   2.4513724e-13
   3.3875623e+04   2.4158453e-13
   3.3875449e+04   2.3092639e-13
   3.3875275e+04   2.4691360e-13
   3.3875100e+04   2.3980817e-13
   3.3874926e+04   2.6112446e-13
   3.3874752e+04   2.5934810e-13
   3.3874577e+04   2.5934810e-13
   3.3874403e+04   2.5046631e-13
   3.3874229e+04   2.2737368e-13
   3.3874055e+04   2.5757174e-13
   3.3873880e+04   2.5224267e-13
   3.3873706e+04   2.6290081e-13
   3.3873532e+04   2.6645353e-13
   3.3873357e+04   2.4691360e-13
   3.3873183e+04   2.6290081e-13
   3.3873009e+04   2.6112446e-13
   3.3872834e+04   2.4513724e-13
   3.3872660e+04   2.3092639e-13
   3.3872486e+04   2.6645353e-13
   3.3872311e+04   2.6645353e-13
   3.3872137e+04   2.5224267e-13
   3.3871963e+04   2.5401903e-13
   3.3871788e+04   2.4513724e-13
   3.3871614e+04   2.4691360e-13
   3.3871440e+04   2.5046631e-13
   3.3871265e+04   2.5579538e-13
   3.3871091e+04   2.5046631e-13
   3.3870917e+04   2.4868996e-13
   3.3870743e+04   2.5579538e-13
   3.3870568e+04   2.2737368e-13
   3.3870394e+04   2.7000624e-13
   3.3870220e+04   2.4691360e-13
   3.3870045e+04   2.3803182e-13
   3.3869871e+04   2.3803182e-13
   3.3869697e+04   2.3980817e-13
   3.3869522e+04   2.4513724e-13
   3.3869348e+04   2.4513724e-13
   3.3869174e+04   2.4513724e-13
   3.3868999e+04   2.5224267e-13
   3.3868825e+04   2.3980817e-13
   3.3868651e+04   2.4158453e-13
   3.3868476e+04   2.4336089e-13
   3.3868302e+04   2.3092639e-13
   3.3868128e+04   2.4336089e-13
   3.3867953e+04   2.3803182e-13
   3.3867779e+04   2.3092639e-13
   3.3867605e+04   2.3447910e-13
   3.3867431e+04   2.2737368e-13
   3.3867256e+04   2.3803182e-13
   3.3867082e+04   2.2026825e-13
   3.3866908e+04   2.4158453e-13
   3.3866733e+04   2.2826185e-13
   3.3866559e+04   2.3447910e-13
   3.3866385e+04   2.5401903e-13
   3.3866210e+04   2.3536728e-13
   3.3866036e+04   2.4780178e-13
   3.3865862e+04   2.3270275e-13
   3.3865687e+04   2.3891999e-13
   3.3865513e+04   2.3714364e-13
   3.3865339e+04   2.3536728e-13
   3.3865164e+04   2.4069635e-13
   3.3864990e+04   2.3092639e-13
   3.3864816e+04   2.4247271e-13
   3.3864641e+04   2.3270275e-13
   3.3864467e+04   2.2293278e-13
   3.3864293e+04   2.4780178e-13
   3.3864119e+04   2.6023628e-13
   3.3863944e+04   2.4424907e-13
   3.3863770e+04   2.4069635e-13
   3.3863596e+04   2.5313085e-13
   3.3863421e+04   2.5845992e-13
   3.3863247e+04   2.4158453e-13
   3.3863073e+04   2.3625546e-13
   3.3862898e+04   2.5401903e-13
   3.3862724e+04   2.5224267e-13
   3.3862550e+04   2.5490721e-13
   3.3862375e+04   2.5579538e-13
   3.3862201e+04   2.4247271e-13
   3.3862027e+04   2.5845992e-13
   3.3861852e+04   2.4868996e-13
   3.3861678e+04   2.4780178e-13
   3.3861504e+04   2.4158453e-13
   3.3861329e+04   2.6556535e-13
   3.3861155e+04   2.4780178e-13
   3.3860981e+04   2.5934810e-13
   3.3860807e+04   2.6112446e-13
   3.3860632e+04   2.2915003e-13
   3.3860458e+04   2.6734170e-13
   3.3860284e+04   2.8155256e-13
   3.3860109e+04   2.7622349e-13
   3.3859935e+04   2.6112446e-13
   3.3859761e+04   2.6645353e-13
   3.3859586e+04   2.6467717e-13
   3.3859412e+04   2.3891999e-13
   3.3859238e+04   2.7000624e-13
   3.3859063e+04   2.6911806e-13
   3.3858889e+04   2.8954616e-13
   3.3858715e+04   2.7267077e-13
   3.3858540e+04   2.7355895e-13
   3.3858366e+04   2.6645353e-13
   3.3858192e+04   2.9665159e-13
   3.3858017e+04   2.7355895e-13
   3.3857843e+04   2.8066438e-13
   3.3857669e+04   2.7711167e-13
   3.3857495e+04   2.5579538e-13
   3.3857320e+04   2.7089442e-13
   3.3857146e+04   2.8066438e-13
   3.3856972e+04   2.8066438e-13
   3.3856797e+04   2.7178260e-13
   3.3856623e+04   2.4780178e-13
   3.3856449e+04   2.5934810e-13
   3.3856274e+04   2.5934810e-13
   3.3856100e+04   2.5934810e-13
   3.3855926e+04   2.5401903e-13
   3.3855751e+04   2.6822988e-13
   3.3855577e+04   2.7888802e-13
   3.3855403e+04   2.6645353e-13
   3.3855228e+04   2.9487524e-13
   3.3855054e+04   2.5934810e-13
   3.3854880e+04   2.6645353e-13
   3.3854705e+04   2.7533531e-13
   3.3854531e+04   2.6822988e-13
   3.3854357e+04   2.5579538e-13
   3.3854183e+04   2.7355895e-13
   3.3854008e+04   2.7355895e-13
   3.3853834e+04   2.6112446e-13
   3.3853660e+04   2.7355895e-13
   3.3853485e+04   2.7000624e-13
   3.3853311e+04   2.5934810e-13
   3.3853137e+04   2.6822988e-13
   3.3852962e+04   2.8776981e-13
   3.3852788e+04   2.7533531e-13
   3.3852614e+04   2.5934810e-13
   3.3852439e+04   2.8421709e-13
   3.3852265e+04   2.8954616e-13
   3.3852091e+04   2.7178260e-13
   3.3851916e+04   2.6112446e-13
   3.3851742e+04   2.8244074e-13
   3.3851568e+04   2.7355895e-13
   3.3851393e+04   2.7888802e-13
   3.3851219e+04   2.8421709e-13
   3.3851045e+04   2.5224267e-13
   3.3850870e+04   2.7533531e-13
   3.3850696e+04   2.6467717e-13
   3.3850522e+04   2.5579538e-13
   3.3850348e+04   2.4691360e-13
   3.3850173e+04   2.7355895e-13
   3.3849999e+04   2.5401903e-13
   3.3849825e+04   2.6822988e-13
   3.3849650e+04   2.7178260e-13
   3.3849476e+04   2.4691360e-13
   3.3849302e+04   2.7178260e-13
   3.3849127e+04   2.9132252e-13
   3.3848953e+04   2.5401903e-13
   3.3848779e+04   2.7000624e-13
   3.3848604e+04   2.7711167e-13
   3.3848430e+04   2.5224267e-13
   3.3848256e+04   2.4336089e-13
   3.3848081e+04   2.7888802e-13
   3.3847907e+04   2.6467717e-13
   3.3847733e+04   2.6645353e-13
   3.3847558e+04   2.7178260e-13
   3.3847384e+04   2.7178260e-13
   3.3847210e+04   2.6290081e-13
   3.3847036e+04   2.6822988e-13
   3.3846861e+04   2.6822988e-13
   3.3846687e+04   2.6467717e-13
   3.3846513e+04   2.5934810e-13
   3.3846338e+04   2.5934810e-13
   3.3846164e+04   2.6645353e-13
   3.3845990e+04   2.5579538e-13
   3.3845815e+04   2.7355895e-13
   3.3845641e+04   2.6112446e-13
   3.3845467e+04   2.4868996e-13
   3.3845292e+04   2.5579538e-13
   3.3845118e+04   2.5579538e-13
   3.3844944e+04   2.5224267e-13
   3.3844769e+04   2.4513724e-13
   3.3844595e+04   2.5224267e-13
   3.3844421e+04   2.7000624e-13
   3.3844246e+04   2.4513724e-13
   3.3844072e+04   2.7000624e-13
   3.3843898e+04   2.4868996e-13
   3.3843724e+04   2.5224267e-13
   3.3843549e+04   2.4158453e-13
   3.3843375e+04   2.5224267e-13
   3.3843201e+04   2.3447910e-13
   3.3843026e+04   2.5224267e-13
   3.3842852e+04   2.3803182e-13
   3.3842678e+04   2.3447910e-13
   3.3842503e+04   2.7355895e-13
   3.3842329e+04   2.4158453e-13
   3.3842155e+04   2.3803182e-13
   3.3841980e+04   2.4868996e-13
   3.3841806e+04   2.6290081e-13
   3.3841632e+04   2.5934810e-13
   3.3841457e+04   2.2026825e-13
   3.3841283e+04   2.4513724e-13
   3.3841109e+04   2.7711167e-13
   3.3840934e+04   2.3092639e-13
   3.3840760e+04   2.4158453e-13
   3.3840586e+04   2.6645353e-13
   3.3840412e+04   2.6290081e-13
   3.3840237e+04   2.5224267e-13
   3.3840063e+04   2.4513724e-13
   3.3839889e+04   2.4868996e-13
   3.3839714e+04   2.8066438e-13
   3.3839540e+04   2.3092639e-13
   3.3839366e+04   2.4158453e-13
   3.3839191e+04   2.3803182e-13
   3.3839017e+04   2.4868996e-13
   3.3838843e+04   2.3447910e-13
   3.3838668e+04   2.3447910e-13
   3.3838494e+04   2.3092639e-13
   3.3838320e+04   2.1671553e-13
   3.3838145e+04   2.4868996e-13
   3.3837971e+04   2.5224267e-13
   3.3837797e+04   2.2382096e-13
   3.3837622e+04   2.3092639e-13
   3.3837448e+04   2.2737368e-13
   3.3837274e+04   2.2737368e-13
   3.3837100e+04   2.0961011e-13
   3.3836925e+04   2.4158453e-13
   3.3836751e+04   2.3092639e-13
   3.3836577e+04   2.3803182e-13
   3.3836402e+04   2.3092639e-13
   3.3836228e+04   2.2382096e-13
   3.3836054e+04   2.1316282e-13
   3.3835879e+04   2.4513724e-13
   3.3835705e+04   2.1671553e-13
   3.3835531e+04   2.2026825e-13
   3.3835356e+04   1.9539925e-13
   3.3835182e+04   1.9895197e-13
   3.3835008e+04   2.2382096e-13
   3.3834833e+04   2.0605739e-13
   3.3834659e+04   2.4158453e-13
   3.3834485e+04   2.0250468e-13
   3.3834310e+04   1.9895197e-13
   3.3834136e+04   1.8829382e-13
   3.3833962e+04   1.7763568e-13
   3.3833788e+04   1.8829382e-13
   3.3833613e+04   1.7408297e-13
   3.3833439e+04   1.6342483e-13
   3.3833265e+04   2.0961011e-13
   3.3833090e+04   1.7408297e-13
   3.3832916e+04   1.8829382e-13
   3.3832742e+04   1.7408297e-13
   3.3832567e+04   1.5987212e-13
   3.3832393e+04   1.8474111e-13
   3.3832219e+04   1.6342483e-13
   3.3832044e+04   1.7763568e-13
   3.3831870e+04   2.1316282e-13
   3.3831696e+04   1.7763568e-13
   3.3831521e+04   1.5987212e-13
   3.3831347e+04   1.7763568e-13
   3.3831173e+04   1.7053026e-13
   3.3830998e+04   1.7053026e-13
   3.3830824e+04   1.5631940e-13
   3.3830650e+04   1.6342483e-13
   3.3830476e+04   1.6342483e-13
   3.3830301e+04   1.4921397e-13
   3.3830127e+04   1.9895197e-13
   3.3829953e+04   1.5631940e-13
   3.3829778e+04   1.3855583e-13
   3.3829604e+04   1.7053026e-13
   3.3829430e+04   1.8474111e-13
   3.3829255e+04   1.7053026e-13
   3.3829081e+04   1.8474111e-13
   3.3828907e+04   1.7763568e-13
   3.3828732e+04   1.6342483e-13
   3.3828558e+04   1.8118840e-13
   3.3828384e+04   1.7053026e-13
   3.3828209e+04   1.5631940e-13
   3.3828035e+04   1.3855583e-13
   3.3827861e+04   1.5631940e-13
   3.3827686e+04   1.8118840e-13
   3.3827512e+04   1.6342483e-13
   3.3827338e+04   1.5987212e-13
   3.3827164e+04   1.3145041e-13
   3.3826989e+04   1.5987212e-13
   3.3826815e+04   1.6697754e-13
   3.3826641e+04   1.4566126e-13
   3.3826466e+04   1.5987212e-13
   3.3826292e+04   1.6342483e-13
   3.3826118e+04   1.5276669e-13
   3.3825943e+04   1.4210855e-13
   3.3825769e+04   1.6342483e-13
   3.3825595e+04   1.6342483e-13
   3.3825420e+04   1.5987212e-13
   3.3825246e+04   1.5987212e-13
   3.3825072e+04   1.7408297e-13
   3.3824897e+04   1.4921397e-13
   3.3824723e+04   1.5276669e-13
   3.3824549e+04   1.6342483e-13
   3.3824374e+04   1.7053026e-13
   3.3824200e+04   1.5276669e-13
   3.3824026e+04   1.6697754e-13
   3.3823852e+04   1.5631940e-13
   3.3823677e+04   1.5631940e-13
   3.3823503e+04   1.7408297e-13
   3.3823329e+04   1.4921397e-13
   3.3823154e+04   1.5631940e-13
   3.3822980e+04   1.5987212e-13
   3.3822806e+04   1.5987212e-13
   3.3822631e+04   1.8474111e-13
   3.3822457e+04   1.6342483e-13
   3.3822283e+04   1.5631940e-13
   3.3822108e+04   1.8118840e-13
   3.3821934e+04   1.7053026e-13
   3.3821760e+04   1.8829382e-13
   3.3821585e+04   1.8118840e-13
   3.3821411e+04   1.6697754e-13
   3.3821237e+04   1.8118840e-13
   3.3821062e+04   1.7763568e-13
   3.3820888e+04   1.5276669e-13
   3.3820714e+04   1.8118840e-13
   3.3820540e+04   1.5987212e-13
   3.3820365e+04   1.6342483e-13
   3.3820191e+04   1.6342483e-13
   3.3820017e+04   1.7763568e-13
   3.3819842e+04   1.5276669e-13
   3.3819668e+04   1.4566126e-13
   3.3819494e+04   1.7763568e-13
   3.3819319e+04   1.6697754e-13
   3.3819145e+04   1.3145041e-13
   3.3818971e+04   1.5987212e-13
   3.3818796e+04   1.8474111e-13
   3.3818622e+04   1.3500312e-13
   3.3818448e+04   1.5276669e-13
   3.3818273e+04   1.7053026e-13
   3.3818099e+04   1.4921397e-13
   3.3817925e+04   1.4921397e-13
   3.3817750e+04   1.7053026e-13
   3.3817576e+04   1.3855583e-13
   3.3817402e+04   1.4921397e-13
   3.3817228e+04   1.3500312e-13
   3.3817053e+04   1.5987212e-13
   3.3816879e+04   1.4566126e-13
   3.3816705e+04   1.6697754e-13
   3.3816530e+04   1.5631940e-13
   3.3816356e+04   1.6342483e-13
   3.3816182e+04   1.4921397e-13
   3.3816007e+04   1.4566126e-13
   3.3815833e+04   1.8474111e-13
   3.3815659e+04   1.6697754e-13
   3.3815484e+04   1.5276669e-13
   3.3815310e+04   1.3500312e-13
   3.3815136e+04   1.7408297e-13
   3.3814961e+04   1.7053026e-13
   3.3814787e+04   1.4921397e-13
   3.3814613e+04   1.7053026e-13
   3.3814438e+04   1.5987212e-13
   3.3814264e+04   1.7408297e-13
   3.3814090e+04   1.6697754e-13
   3.3813916e+04   1.6697754e-13
   3.3813741e+04   1.5276669e-13
   3.3813567e+04   1.7053026e-13
   3.3813393e+04   1.6697754e-13
   3.3813218e+04   1.7408297e-13
   3.3813044e+04   1.4921397e-13
   3.3812870e+04   1.7408297e-13
   3.3812695e+04   1.8118840e-13
   3.3812521e+04   1.7763568e-13
   3.3812347e+04   1.5631940e-13
   3.3812172e+04   1.6697754e-13
   3.3811998e+04   1.7053026e-13
   3.3811824e+04   1.5631940e-13
   3.3811649e+04   1.5631940e-13
   3.3811475e+04   1.5631940e-13
   3.3811301e+04   1.5631940e-13
   3.3811126e+04   1.5276669e-13
   3.3810952e+04   1.6697754e-13
   3.3810778e+04   1.6697754e-13
   3.3810604e+04   1.7408297e-13
   3.3810429e+04   1.5631940e-13
   3.3810255e+04   1.6342483e-13
   3.3810081e+04   1.4566126e-13
   3.3809906e+04   1.5276669e-13
   3.3809732e+04   1.5454305e-13
   3.3809558e+04   1.8118840e-13
   3.3809383e+04   1.6342483e-13
   3.3809209e+04   1.6520119e-13
   3.3809035e+04   1.7763568e-13
   3.3808860e+04   1.6697754e-13
   3.3808686e+04   1.4210855e-13
   3.3808512e+04   1.5276669e-13
   3.3808337e+04   1.6520119e-13
   3.3808163e+04   1.7053026e-13
   3.3807989e+04   1.5987212e-13
   3.3807814e+04   1.6342483e-13
   3.3807640e+04   1.6697754e-13
   3.3807466e+04   1.4033219e-13
   3.3807291e+04   1.5631940e-13
   3.3807117e+04   1.5987212e-13
   3.3806943e+04   1.5276669e-13
   3.3806769e+04   1.6520119e-13
   3.3806594e+04   1.7053026e-13
   3.3806420e+04   1.6342483e-13
   3.3806246e+04   1.7053026e-13
   3.3806071e+04   1.5276669e-13
   3.3805897e+04   1.4210855e-13
   3.3805723e+04   1.3855583e-13
   3.3805548e+04   1.6520119e-13
   3.3805374e+04   1.5809576e-13
   3.3805200e+04   1.4210855e-13
   3.3805025e+04   1.4210855e-13
   3.3804851e+04   1.3677948e-13
   3.3804677e+04   1.4033219e-13
   3.3804502e+04   1.6164847e-13
   3.3804328e+04   1.3500312e-13
   3.3804154e+04   1.2967405e-13
   3.3803979e+04   1.5099033e-13
   3.3803805e+04   1.4388490e-13
   3.3803631e+04   1.2789769e-13
   3.3803457e+04   1.4921397e-13
   3.3803282e+04   1.5809576e-13
   3.3803108e+04   1.4743762e-13
   3.3802934e+04   1.3855583e-13
   3.3802759e+04   1.5809576e-13
   3.3802585e+04   1.2612134e-13
   3.3802411e+04   1.3677948e-13
   3.3802236e+04   1.3145041e-13
   3.3802062e+04   1.3145041e-13
   3.3801888e+04   1.1368684e-13
   3.3801713e+04   1.3233858e-13
   3.3801539e+04   1.3322676e-13
   3.3801365e+04   1.2700951e-13
   3.3801190e+04   1.2434498e-13
   3.3801016e+04   1.2434498e-13
   3.3800842e+04   1.2345680e-13
   3.3800667e+04   1.1723955e-13
   3.3800493e+04   1.2523316e-13
   3.3800319e+04   1.2612134e-13
   3.3800145e+04   1.1191048e-13
   3.3799970e+04   1.1102230e-13
   3.3799796e+04   1.2700951e-13
   3.3799622e+04   1.0924595e-13
   3.3799447e+04   1.2434498e-13
   3.3799273e+04   1.1812773e-13
   3.3799099e+04   1.1990409e-13
   3.3798924e+04   1.0302870e-13
   3.3798750e+04   1.0569323e-13
   3.3798576e+04   8.7041485e-14
   3.3798401e+04   1.2612134e-13
   3.3798227e+04   1.1279866e-13
   3.3798053e+04   9.8587805e-14
   3.3797878e+04   1.0835777e-13
   3.3797704e+04   1.0835777e-13
   3.3797530e+04   8.5265128e-14
   3.3797355e+04   1.1635137e-13
   3.3797181e+04   1.0746959e-13
   3.3797007e+04   1.0125234e-13
   3.3796833e+04   1.0746959e-13
   3.3796658e+04   1.1457502e-13
   3.3796484e+04   1.1368684e-13
   3.3796310e+04   9.6811448e-14
   3.3796135e+04   1.0480505e-13
   3.3795961e+04   1.1279866e-13
   3.3795787e+04   9.6811448e-14
   3.3795612e+04   1.0480505e-13
   3.3795438e+04   1.0391688e-13
   3.3795264e+04   1.0214052e-13
   3.3795089e+04   1.0480505e-13
   3.3794915e+04   9.2370556e-14
   3.3794741e+04   7.2830630e-14
   3.3794566e+04   8.4376950e-14
   3.3794392e+04   9.7255537e-14
   3.3794218e+04   1.0569323e-13
   3.3794043e+04   8.9261931e-14
   3.3793869e+04   9.3702823e-14
   3.3793695e+04   8.4376950e-14
   3.3793521e+04   8.5265128e-14
   3.3793346e+04   9.3258734e-14
   3.3793172e+04   8.9261931e-14
   3.3792998e+04   7.7049478e-14
   3.3792823e+04   9.9031894e-14
   3.3792649e+04   1.0458301e-13
   3.3792475e+04   7.9269924e-14
   3.3792300e+04   1.0302870e-13
   3.3792126e+04   9.9920072e-14
   3.3791952e+04   9.8587805e-14
   3.3791777e+04   8.8151708e-14
   3.3791603e+04   1.1024515e-13
   3.3791429e+04   8.2489571e-14
   3.3791254e+04   9.8920871e-14
   3.3791080e+04   8.5820240e-14
   3.3790906e+04   1.0180745e-13
   3.3790731e+04   8.4932061e-14
   3.3790557e+04   9.4591002e-14
   3.3790383e+04   7.8825835e-14
   3.3790209e+04   9.0483177e-14
   3.3790034e+04   7.9380946e-14
   3.3789860e+04   8.8706820e-14
   3.3789686e+04   8.9594998e-14
   3.3789511e+04   8.0713214e-14
   3.3789337e+04   8.7818641e-14
   3.3789163e+04   7.1054274e-14
   3.3788988e+04   8.1712415e-14
   3.3788814e+04   7.9047879e-14
   3.3788640e+04   9.0594199e-14
   3.3788465e+04   9.7699626e-14
   3.3788291e+04   9.5035091e-14
   3.3788117e+04   8.1712415e-14
   3.3787942e+04   1.0036416e-13
   3.3787768e+04   7.4606987e-14
   3.3787594e+04   8.3488771e-14
   3.3787419e+04   8.0824236e-14
   3.3787245e+04   9.6811448e-14
   3.3787071e+04   9.4146912e-14
   3.3786897e+04   9.2370556e-14
   3.3786722e+04   1.0569323e-13
   3.3786548e+04   1.0302870e-13
   3.3786374e+04   9.2370556e-14
   3.3786199e+04   9.5035091e-14
   3.3786025e+04   1.1013412e-13
   3.3785851e+04   9.7699626e-14
   3.3785676e+04   1.0835777e-13
   3.3785502e+04   1.0391688e-13
   3.3785328e+04   1.1102230e-13
   3.3785153e+04   9.0594199e-14
   3.3784979e+04   8.8817842e-14
   3.3784805e+04   9.4146912e-14
   3.3784630e+04   1.0480505e-13
   3.3784456e+04   1.1191048e-13
   3.3784282e+04   1.1279866e-13
   3.3784107e+04   1.0658141e-13
   3.3783933e+04   1.1191048e-13
   3.3783759e+04   1.0125234e-13
   3.3783585e+04   7.4606987e-14
   3.3783410e+04   8.0824236e-14
   3.3783236e+04   1.1102230e-13
   3.3783062e+04   1.0125234e-13
   3.3782887e+04   8.7929664e-14
   3.3782713e+04   8.8817842e-14
   3.3782539e+04   7.6383344e-14
   3.3782364e+04   8.6153307e-14
   3.3782190e+04   6.9277917e-14
   3.3782016e+04   7.4606987e-14
   3.3781841e+04   8.3488771e-14
   3.3781667e+04   7.9936058e-14
   3.3781493e+04   8.1712415e-14
   3.3781318e+04   6.4837025e-14
   3.3781144e+04   9.5923269e-14
   3.3780970e+04   9.5923269e-14
   3.3780795e+04   8.7041485e-14
   3.3780621e+04   7.8159701e-14
   3.3780447e+04   7.6383344e-14
   3.3780273e+04   7.0166095e-14
   3.3780098e+04   6.9277917e-14
   3.3779924e+04   7.3718809e-14
   3.3779750e+04   8.3488771e-14
   3.3779575e+04   7.1054274e-14
   3.3779401e+04   7.5495166e-14
   3.3779227e+04   8.7041485e-14
   3.3779052e+04   8.5265128e-14
   3.3778878e+04   7.5495166e-14
   3.3778704e+04   8.7041485e-14
   3.3778529e+04   7.6383344e-14
   3.3778355e+04   8.1712415e-14
   3.3778181e+04   8.1712415e-14
   3.3778006e+04   8.3488771e-14
   3.3777832e+04   7.6383344e-14
   3.3777658e+04   7.2830630e-14
   3.3777483e+04   7.6383344e-14
   3.3777309e+04   8.8817842e-14
   3.3777135e+04   8.1712415e-14
   3.3776961e+04   7.4606987e-14
   3.3776786e+04   9.0594199e-14
   3.3776612e+04   6.7501560e-14
   3.3776438e+04   7.1054274e-14
   3.3776263e+04   7.1054274e-14
   3.3776089e+04   8.1712415e-14
   3.3775915e+04   7.1054274e-14
   3.3775740e+04   8.5265128e-14
   3.3775566e+04   8.1712415e-14
   3.3775392e+04   8.1712415e-14
   3.3775217e+04   6.3948846e-14
   3.3775043e+04   7.8159701e-14
   3.3774869e+04   7.9936058e-14
   3.3774694e+04   6.7501560e-14
   3.3774520e+04   9.5923269e-14
   3.3774346e+04   8.1712415e-14
   3.3774171e+04   8.5265128e-14
   3.3773997e+04   8.1712415e-14
   3.3773823e+04   7.2830630e-14
   3.3773649e+04   9.0594199e-14
   3.3773474e+04   1.0480505e-13
   3.3773300e+04   8.8817842e-14
   3.3773126e+04   9.2370556e-14
   3.3772951e+04   9.7699626e-14
   3.3772777e+04   9.5923269e-14
   3.3772603e+04   8.1712415e-14
   3.3772428e+04   6.5725203e-14
   3.3772254e+04   8.3488771e-14
   3.3772080e+04   1.0036416e-13
   3.3771905e+04   9.1482377e-14
   3.3771731e+04   8.5265128e-14
   3.3771557e+04   8.4376950e-14
   3.3771382e+04   9.1482377e-14
   3.3771208e+04   8.7041485e-14
   3.3771034e+04   7.0166095e-14
   3.3770859e+04   7.2386541e-14
   3.3770685e+04   7.5717210e-14
   3.3770511e+04   9.2814645e-14
   3.3770337e+04   9.0816243e-14
   3.3770162e+04   8.2378548e-14
   3.3769988e+04   9.0594199e-14
   3.3769814e+04   9.5479180e-14
   3.3769639e+04   6.8389738e-14
   3.3769465e+04   8.2378548e-14
   3.3769291e+04   9.9364961e-14
   3.3769116e+04   9.1593400e-14
   3.3768942e+04   7.6938456e-14
   3.3768768e+04   8.4710017e-14
   3.3768593e+04   8.2933660e-14
   3.3768419e+04   7.8492768e-14
   3.3768245e+04   7.2386541e-14
   3.3768070e+04   8.1046281e-14
   3.3767896e+04   9.4257935e-14
   3.3767722e+04   7.6938456e-14
   3.3767547e+04   7.1165296e-14
   3.3767373e+04   8.0935258e-14
   3.3767199e+04   6.4948047e-14
   3.3767025e+04   7.5606188e-14
   3.3766850e+04   6.3948846e-14
   3.3766676e+04   8.5265128e-14
   3.3766502e+04   7.8159701e-14
   3.3766327e+04   4.2632564e-14
   3.3766153e+04   6.3948846e-14
   3.3765979e+04   4.9737992e-14
   3.3765804e+04   7.1054274e-14
   3.3765630e+04   8.5265128e-14
   3.3765456e+04   4.2632564e-14
   3.3765281e+04   5.6843419e-14
   3.3765107e+04   6.7501560e-14
   3.3764933e+04   5.6843419e-14
   3.3764758e+04   3.5527137e-14
   3.3764584e+04   6.0396133e-14
   3.3764410e+04   6.0396133e-14
   3.3764235e+04   4.9737992e-14
   3.3764061e+04   4.2632564e-14
   3.3763887e+04   4.6185278e-14
   3.3763712e+04   5.3290705e-14
   3.3763538e+04   3.5527137e-14
   3.3763364e+04   6.0396133e-14
   3.3763190e+04   4.9737992e-14
   3.3763015e+04   4.9737992e-14
   3.3762841e+04   4.6185278e-14
   3.3762667e+04   2.1316282e-14
   3.3762492e+04   5.6843419e-14
   3.3762318e+04   6.3948846e-14
   3.3762144e+04   4.9737992e-14
   3.3761969e+04   4.9737992e-14
   3.3761795e+04   5.6843419e-14
   3.3761621e+04   5.6843419e-14
   3.3761446e+04   4.6185278e-14
   3.3761272e+04   2.8421709e-14
   3.3761098e+04   5.3290705e-14
   3.3760923e+04   7.8159701e-14
   3.3760749e+04   4.9737992e-14
   3.3760575e+04   3.5527137e-14
   3.3760400e+04   6.0396133e-14
   3.3760226e+04   7.8159701e-14
   3.3760052e+04   5.6843419e-14
   3.3759878e+04   3.9079850e-14
   3.3759703e+04   4.6185278e-14
   3.3759529e+04   6.0396133e-14
   3.3759355e+04   4.9737992e-14
   3.3759180e+04   4.2632564e-14
   3.3759006e+04   6.3948846e-14
   3.3758832e+04   4.6185278e-14
   3.3758657e+04   5.6843419e-14
   3.3758483e+04   5.6843419e-14
   3.3758309e+04   5.6843419e-14
   3.3758134e+04   5.6843419e-14
   3.3757960e+04   5.3290705e-14
   3.3757786e+04   4.9737992e-14
   3.3757611e+04   6.3948846e-14
   3.3757437e+04   6.0396133e-14
   3.3757263e+04   4.2632564e-14
   3.3757088e+04   4.6185278e-14
   3.3756914e+04   6.3948846e-14
   3.3756740e+04   7.8159701e-14
   3.3756566e+04   5.3290705e-14
   3.3756391e+04   5.6843419e-14
   3.3756217e+04   5.6843419e-14
   3.3756043e+04   5.5067062e-14
   3.3755868e+04   5.5067062e-14
   3.3755694e+04   4.2632564e-14
   3.3755520e+04   5.6843419e-14
   3.3755345e+04   5.6843419e-14
   3.3755171e+04   7.1054274e-14
   3.3754997e+04   5.6843419e-14
   3.3754822e+04   4.2632564e-14
   3.3754648e+04   4.9737992e-14
   3.3754474e+04   5.6843419e-14
   3.3754299e+04   2.8421709e-14
   3.3754125e+04   2.8421709e-14
   3.3753951e+04   5.6843419e-14
   3.3753776e+04   4.2632564e-14
   3.3753602e+04   3.5527137e-14
   3.3753428e+04   5.6843419e-14
   3.3753254e+04   3.5527137e-14
   3.3753079e+04   5.6843419e-14
   3.3752905e+04   4.9737992e-14
   3.3752731e+04   4.9737992e-14
   3.3752556e+04   5.6843419e-14
   3.3752382e+04   4.9737992e-14
   3.3752208e+04   4.2632564e-14
   3.3752033e+04   3.5527137e-14
   3.3751859e+04   4.2632564e-14
   3.3751685e+04   4.2632564e-14
   3.3751510e+04   4.2632564e-14
   3.3751336e+04   5.6843419e-14
   3.3751162e+04   6.3948846e-14
   3.3750987e+04   5.6843419e-14
   3.3750813e+04   4.2632564e-14
   3.3750639e+04   6.3948846e-14
   3.3750464e+04   4.9737992e-14
   3.3750290e+04   4.9737992e-14
   3.3750116e+04   2.8421709e-14
   3.3749942e+04   6.3948846e-14
   3.3749767e+04   6.3948846e-14
   3.3749593e+04   4.2632564e-14
   3.3749419e+04   3.5527137e-14
   3.3749244e+04   4.2632564e-14
   3.3749070e+04   6.3948846e-14
   3.3748896e+04   4.2632564e-14
   3.3748721e+04   3.5527137e-14
   3.3748547e+04   2.8421709e-14
   3.3748373e+04   4.9737992e-14
   3.3748198e+04   3.5527137e-14
   3.3748024e+04   4.2632564e-14
   3.3747850e+04   5.6843419e-14
   3.3747675e+04   5.6843419e-14
   3.3747501e+04   6.3948846e-14
   3.3747327e+04   4.9737992e-14
   3.3747152e+04   4.9737992e-14
   3.3746978e+04   4.2632564e-14
   3.3746804e+04   4.2632564e-14
   3.3746630e+04   4.2632564e-14
   3.3746455e+04   6.3948846e-14
   3.3746281e+04   4.2632564e-14
   3.3746107e+04   4.2632564e-14
   3.3745932e+04   2.8421709e-14
   3.3745758e+04   6.3948846e-14
   3.3745584e+04   9.2370556e-14
   3.3745409e+04   5.6843419e-14
   3.3745235e+04   5.6843419e-14
   3.3745061e+04   7.1054274e-14
   3.3744886e+04   8.5265128e-14
   3.3744712e+04   5.6843419e-14
   3.3744538e+04   4.9737992e-14
   3.3744363e+04   7.8159701e-14
   3.3744189e+04   7.1054274e-14
   3.3744015e+04   4.2632564e-14
   3.3743840e+04   7.8159701e-14
   3.3743666e+04   6.3948846e-14
   3.3743492e+04   7.1054274e-14
   3.3743318e+04   7.1054274e-14
   3.3743143e+04   5.6843419e-14
   3.3742969e+04   7.8159701e-14
   3.3742795e+04   9.2370556e-14
   3.3742620e+04   7.1054274e-14
   3.3742446e+04   4.9737992e-14
   3.3742272e+04   6.3948846e-14
   3.3742097e+04   7.1054274e-14
   3.3741923e+04   5.6843419e-14
   3.3741749e+04   7.1054274e-14
   3.3741574e+04   8.5265128e-14
   3.3741400e+04   8.5265128e-14
   3.3741226e+04   9.9475983e-14
   3.3741051e+04   7.1054274e-14
   3.3740877e+04   4.2632564e-14
   3.3740703e+04   8.5265128e-14
   3.3740528e+04   5.6843419e-14
   3.3740354e+04   6.3948846e-14
   3.3740180e+04   9.9475983e-14
   3.3740006e+04   9.9475983e-14
   3.3739831e+04   8.5265128e-14
   3.3739657e+04   7.1054274e-14
   3.3739483e+04   1.0658141e-13
   3.3739308e+04   9.9475983e-14
   3.3739134e+04   8.5265128e-14
   3.3738960e+04   8.5265128e-14
   3.3738785e+04   7.8159701e-14
   3.3738611e+04   1.0658141e-13
   3.3738437e+04   8.5265128e-14
   3.3738262e+04   6.3948846e-14
   3.3738088e+04   9.9475983e-14
   3.3737914e+04   9.9475983e-14
   3.3737739e+04   7.1054274e-14
   3.3737565e+04   7.1054274e-14
   3.3737391e+04   6.3948846e-14
   3.3737216e+04   9.2370556e-14
   3.3737042e+04   7.8159701e-14
   3.3736868e+04   6.3948846e-14
   3.3736694e+04   9.9475983e-14
   3.3736519e+04   4.9737992e-14
   3.3736345e+04   7.1054274e-14
   3.3736171e+04   5.6843419e-14
   3.3735996e+04   5.6843419e-14
   3.3735822e+04   7.8159701e-14
   3.3735648e+04   7.1054274e-14
   3.3735473e+04   4.2632564e-14
   3.3735299e+04   7.1054274e-14
   3.3735125e+04   8.5265128e-14
   3.3734950e+04   6.3948846e-14
   3.3734776e+04   7.8159701e-14
   3.3734602e+04   8.5265128e-14
   3.3734427e+04   8.5265128e-14
   3.3734253e+04   7.1054274e-14
   3.3734079e+04   7.1054274e-14
   3.3733904e+04   9.9475983e-14
   3.3733730e+04   8.5265128e-14
   3.3733556e+04   7.8159701e-14
   3.3733382e+04   8.5265128e-14
   3.3733207e+04   9.2370556e-14
   3.3733033e+04   9.2370556e-14
   3.3732859e+04   9.2370556e-14
   3.3732684e+04   7.8159701e-14
   3.3732510e+04   7.1054274e-14
   3.3732336e+04   8.5265128e-14
   3.3732161e+04   8.5265128e-14
   3.3731987e+04   8.5265128e-14
   3.3731813e+04   9.9475983e-14
   3.3731638e+04   9.9475983e-14
   3.3731464e+04   7.1054274e-14
   3.3731290e+04   7.1054274e-14
   3.3731115e+04   9.9475983e-14
   3.3730941e+04   8.5265128e-14
   3.3730767e+04   1.0658141e-13
   3.3730592e+04   8.5265128e-14
   3.3730418e+04   1.0658141e-13
   3.3730244e+04   8.5265128e-14
   3.3730070e+04   1.2079227e-13
   3.3729895e+04   7.1054274e-14
   3.3729721e+04   8.5265128e-14
   3.3729547e+04   8.5265128e-14
   3.3729372e+04   1.2079227e-13
   3.3729198e+04   9.9475983e-14
   3.3729024e+04   9.2370556e-14
   3.3728849e+04   9.9475983e-14
   3.3728675e+04   9.2370556e-14
   3.3728501e+04   9.9475983e-14
   3.3728326e+04   1.2789769e-13
   3.3728152e+04   8.5265128e-14
   3.3727978e+04   1.3500312e-13
   3.3727803e+04   5.6843419e-14
   3.3727629e+04   1.2789769e-13
   3.3727455e+04   9.9475983e-14
   3.3727280e+04   1.4210855e-13
   3.3727106e+04   4.9737992e-14
   3.3726932e+04   1.4921397e-13
   3.3726758e+04   4.9737992e-14
   3.3726583e+04   1.7053026e-13
   3.3726409e+04   7.1054274e-15
   3.3726235e+04   2.0605739e-13
   3.3726060e+04   2.1316282e-14
   3.3725886e+04   2.7711167e-13
   3.3725712e+04   1.2789769e-13
   3.3725537e+04   3.8369308e-13
   3.3725363e+04   2.5579538e-13
   3.3725189e+04   5.6843419e-13
   3.3725014e+04   4.6895821e-13
   3.3724840e+04   8.1001872e-13
   3.3724666e+04   8.1712415e-13
   3.3724491e+04   1.3145041e-12
   3.3724317e+04   1.4637180e-12
   3.3724143e+04   2.1600499e-12
   3.3723968e+04   2.6290081e-12
   3.3723794e+04   3.7587711e-12
   3.3723620e+04   4.8530069e-12
   3.3723446e+04   6.8496320e-12
   3.3723271e+04   9.1944230e-12
   3.3723097e+04   1.3116619e-11
   3.3722923e+04   1.8324897e-11
   3.3722748e+04   2.6474822e-11
   3.3722574e+04   3.8156145e-11
   3.3722400e+04   5.6402882e-11
   3.3722225e+04   8.3964835e-11
   3.3722051e+04   1.2745716e-10
   3.3721877e+04   1.9570834e-10
   3.3721702e+04   3.0536995e-10
   3.3721528e+04   4.8128967e-10
   3.3721354e+04   7.6314066e-10
   3.3721179e+04   1.1984262e-09
   3.3721005e+04   1.7967636e-09
   3.3720831e+04   2.2667273e-09
   3.3720656e+04   7.6845907e-10
   3.3720482e+04   1.2238246e-08
   3.3720308e+04   8.6729990e-08
   3.3720133e+04   4.9726748e-07
   3.3719959e+04   1.5009300e-06
   3.3719785e+04   2.1206363e-03
   3.3719611e+04   1.8246709e-02
   3.3719436e+04   7.4137535e-02
   3.3719262e+04   2.0195532e-01
   3.3719088e+04   4.4858230e-01
   3.3718913e+04   8.8055481e-01
   3.3718739e+04   1.4996206e+00
   3.3718565e+04   2.2066389e+00
   3.3718390e+04   3.0026143e+00
   3.3718216e+04   4.0363437e+00
   3.3718042e+04   5.2582034e+00
   3.3717867e+04   6.4073539e+00
   3.3717693e+04   7.4479036e+00
   3.3717519e+04   8.5365111e+00
   3.3717344e+04   9.7197797e+00
   3.3717170e+04   1.1032321e+01
   3.3716996e+04   1.2416562e+01
   3.3716821e+04   1.3479100e+01
   3.3716647e+04   1.3934634e+01
   3.3716473e+04   1.4042363e+01
   3.3716299e+04   1.4187490e+01
   3.3716124e+04   1.4476727e+01
   3.3715950e+04   1.4849510e+01
   3.3715776e+04   1.5148576e+01
   3.3715601e+04   1.5169994e+01
   3.3715427e+04   1.4932986e+01
   3.3715253e+04   1.4745393e+01
   3.3715078e+04   1.4857404e+01
   3.3714904e+04   1.5248090e+01
   3.3714730e+04   1.5758528e+01
   3.3714555e+04   1.6124952e+01
   3.3714381e+04   1.5993836e+01
   3.3714207e+04   1.5320920e+01
   3.3714032e+04   1.4640006e+01
   3.3713858e+04   1.4558562e+01
   3.3713684e+04   1.5052650e+01
   3.3713509e+04   1.5574098e+01
   3.3713335e+04   1.5787778e+01
   3.3713161e+04   1.5781046e+01
   3.3712987e+04   1.5576655e+01
   3.3712812e+04   1.5040786e+01
   3.3712638e+04   1.4406746e+01
   3.3712464e+04   1.4296038e+01
   3.3712289e+04   1.4947626e+01
   3.3712115e+04   1.5897785e+01
   3.3711941e+04   1.6640995e+01
   3.3711766e+04   1.7044389e+01
   3.3711592e+04   1.6990162e+01
   3.3711418e+04   1.6365430e+01
   3.3711243e+04   1.5466919e+01
   3.3711069e+04   1.4766754e+01
   3.3710895e+04   1.4455841e+01
   3.3710720e+04   1.4628897e+01
   3.3710546e+04   1.5419147e+01
   3.3710372e+04   1.6537960e+01
   3.3710197e+04   1.7197760e+01
   3.3710023e+04   1.6901054e+01
   3.3709849e+04   1.5964845e+01
   3.3709675e+04   1.5078571e+01
   3.3709500e+04   1.4648455e+01
   3.3709326e+04   1.4669129e+01
   3.3709152e+04   1.5031250e+01
   3.3708977e+04   1.5722920e+01
   3.3708803e+04   1.6612337e+01
   3.3708629e+04   1.7283111e+01
   3.3708454e+04   1.7380205e+01
   3.3708280e+04   1.6982160e+01
   3.3708106e+04   1.6482072e+01
   3.3707931e+04   1.6214186e+01
   3.3707757e+04   1.6193176e+01
   3.3707583e+04   1.6157168e+01
   3.3707408e+04   1.5896824e+01
   3.3707234e+04   1.5487933e+01
   3.3707060e+04   1.5232868e+01
   3.3706885e+04   1.5440036e+01
   3.3706711e+04   1.6075197e+01
   3.3706537e+04   1.6672066e+01
   3.3706363e+04   1.6885649e+01
   3.3706188e+04   1.6900356e+01
   3.3706014e+04   1.7005094e+01
   3.3705840e+04   1.7155382e+01
   3.3705665e+04   1.7113573e+01
   3.3705491e+04   1.6715289e+01
   3.3705317e+04   1.6114174e+01
   3.3705142e+04   1.5834651e+01
   3.3704968e+04   1.6218257e+01
   3.3704794e+04   1.6898750e+01
   3.3704619e+04   1.7209810e+01
   3.3704445e+04   1.6996533e+01
   3.3704271e+04   1.6687894e+01
   3.3704096e+04   1.6623147e+01
   3.3703922e+04   1.6689859e+01
   3.3703748e+04   1.6688368e+01
   3.3703573e+04   1.6625781e+01
   3.3703399e+04   1.6520148e+01
   3.3703225e+04   1.6298862e+01
   3.3703051e+04   1.6049641e+01
   3.3702876e+04   1.6150912e+01
   3.3702702e+04   1.6914724e+01
   3.3702528e+04   1.7993231e+01
   3.3702353e+04   1.8487353e+01
   3.3702179e+04   1.8054730e+01
   3.3702005e+04   1.7399713e+01
   3.3701830e+04   1.7250851e+01
   3.3701656e+04   1.7564399e+01
   3.3701482e+04   1.7895597e+01
   3.3701307e+04   1.7894469e+01
   3.3701133e+04   1.7562949e+01
   3.3700959e+04   1.7271205e+01
   3.3700784e+04   1.7264026e+01
   3.3700610e+04   1.7333843e+01
   3.3700436e+04   1.7204885e+01
   3.3700261e+04   1.6958231e+01
   3.3700087e+04   1.6900874e+01
   3.3699913e+04   1.7095610e+01
   3.3699739e+04   1.7222244e+01
   3.3699564e+04   1.7073998e+01
   3.3699390e+04   1.6951889e+01
   3.3699216e+04   1.7232524e+01
   3.3699041e+04   1.7726751e+01
   3.3698867e+04   1.7887812e+01
   3.3698693e+04   1.7604947e+01
   3.3698518e+04   1.7362256e+01
   3.3698344e+04   1.7576964e+01
   3.3698170e+04   1.8091243e+01
   3.3697995e+04   1.8430643e+01
   3.3697821e+04   1.8520958e+01
   3.3697647e+04   1.8813081e+01
   3.3697472e+04   1.9406590e+01
   3.3697298e+04   1.9661563e+01
   3.3697124e+04   1.9172522e+01
   3.3696949e+04   1.8424500e+01
   3.3696775e+04   1.8031594e+01
   3.3696601e+04   1.7967978e+01
   3.3696427e+04   1.7935882e+01
   3.3696252e+04   1.7971099e+01
   3.3696078e+04   1.8234488e+01
   3.3695904e+04   1.8539197e+01
   3.3695729e+04   1.8565890e+01
   3.3695555e+04   1.8341300e+01
   3.3695381e+04   1.8120946e+01
   3.3695206e+04   1.7981745e+01
   3.3695032e+04   1.7792321e+01
   3.3694858e+04   1.7521381e+01
   3.3694683e+04   1.7447297e+01
   3.3694509e+04   1.7901756e+01
   3.3694335e+04   1.8773673e+01
   3.3694160e+04   1.9509918e+01
   3.3693986e+04   1.9701280e+01
   3.3693812e+04   1.9440716e+01
   3.3693637e+04   1.9056357e+01
   3.3693463e+04   1.8846655e+01
   3.3693289e+04   1.9088657e+01
   3.3693115e+04   1.9754973e+01
   3.3692940e+04   2.0255382e+01
   3.3692766e+04   2.0058672e+01
   3.3692592e+04   1.9440970e+01
   3.3692417e+04   1.9111525e+01
   3.3692243e+04   1.9316202e+01
   3.3692069e+04   1.9696392e+01
   3.3691894e+04   1.9781177e+01
   3.3691720e+04   1.9398739e+01
   3.3691546e+04   1.8862794e+01
   3.3691371e+04   1.8727410e+01
   3.3691197e+04   1.9122419e+01
   3.3691023e+04   1.9599528e+01
   3.3690848e+04   1.9803688e+01
   3.3690674e+04   1.9973588e+01
   3.3690500e+04   2.0689228e+01
   3.3690325e+04   2.2214200e+01
   3.3690151e+04   2.4048035e+01
   3.3689977e+04   2.5370733e+01
   3.3689803e+04   2.6146051e+01
   3.3689628e+04   2.7268558e+01
   3.3689454e+04   2.9195031e+01
   3.3689280e+04   3.1226344e+01
   3.3689105e+04   3.2734861e+01
   3.3688931e+04   3.3976591e+01
   3.3688757e+04   3.5185131e+01
   3.3688582e+04   3.6261106e+01
   3.3688408e+04   3.7417557e+01
   3.3688234e+04   3.8705248e+01
   3.3688059e+04   3.9473023e+01
   3.3687885e+04   3.9486547e+01
   3.3687711e+04   3.9511164e+01
   3.3687536e+04   3.9975319e+01
   3.3687362e+04   4.0320755e+01
   3.3687188e+04   4.0174844e+01
   3.3687013e+04   4.0010600e+01
   3.3686839e+04   4.0313475e+01
   3.3686665e+04   4.0987968e+01
   3.3686491e+04   4.1802880e+01
   3.3686316e+04   4.2629839e+01
   3.3686142e+04   4.3116056e+01
   3.3685968e+04   4.3051359e+01
   3.3685793e+04   4.3062799e+01
   3.3685619e+04   4.3816705e+01
   3.3685445e+04   4.4777293e+01
   3.3685270e+04   4.4979463e+01
   3.3685096e+04   4.4463433e+01
   3.3684922e+04   4.3881238e+01
   3.3684747e+04   4.3571500e+01
   3.3684573e+04   4.3638633e+01
   3.3684399e+04   4.3888397e+01
   3.3684224e+04   4.3697831e+01
   3.3684050e+04   4.2901911e+01
   3.3683876e+04   4.2197294e+01
   3.3683701e+04   4.1948845e+01
   3.3683527e+04   4.1627032e+01
   3.3683353e+04   4.1056807e+01
   3.3683179e+04   4.0953657e+01
   3.3683004e+04   4.1600045e+01
   3.3682830e+04   4.2276470e+01
   3.3682656e+04   4.2426634e+01
   3.3682481e+04   4.2375456e+01
   3.3682307e+04   4.2717817e+01
   3.3682133e+04   4.3545880e+01
   3.3681958e+04   4.4495475e+01
   3.3681784e+04   4.5370040e+01
   3.3681610e+04   4.6257770e+01
   3.3681435e+04   4.7078531e+01
   3.3681261e+04   4.7557812e+01
   3.3681087e+04   4.7582395e+01
   3.3680912e+04   4.7269020e+01
   3.3680738e+04   4.6944105e+01
   3.3680564e+04   4.7102589e+01
   3.3680389e+04   4.7944871e+01
   3.3680215e+04   4.8937655e+01
   3.3680041e+04   4.9106849e+01
   3.3679867e+04   4.7992305e+01
   3.3679692e+04   4.6386283e+01
   3.3679518e+04   4.5561718e+01
   3.3679344e+04   4.5654502e+01
   3.3679169e+04   4.5755570e+01
   3.3678995e+04   4.5569573e+01
   3.3678821e+04   4.5861236e+01
   3.3678646e+04   4.7137349e+01
   3.3678472e+04   4.8622323e+01
   3.3678298e+04   4.8947281e+01
   3.3678123e+04   4.7743246e+01
   3.3677949e+04   4.6108839e+01
   3.3677775e+04   4.5355177e+01
   3.3677600e+04   4.5667775e+01
   3.3677426e+04   4.6238604e+01
   3.3677252e+04   4.6463841e+01
   3.3677077e+04   4.6622499e+01
   3.3676903e+04   4.7328799e+01
   3.3676729e+04   4.8587824e+01
   3.3676554e+04   4.9674228e+01
   3.3676380e+04   5.0058968e+01
   3.3676206e+04   5.0118484e+01
   3.3676032e+04   5.0540432e+01
   3.3675857e+04   5.1386742e+01
   3.3675683e+04   5.2206187e+01
   3.3675509e+04   5.2759810e+01
   3.3675334e+04   5.3263246e+01
   3.3675160e+04   5.4018780e+01
   3.3674986e+04   5.4880141e+01
   3.3674811e+04   5.5174531e+01
   3.3674637e+04   5.4441130e+01
   3.3674463e+04   5.3195874e+01
   3.3674288e+04   5.2553023e+01
   3.3674114e+04   5.2971624e+01
   3.3673940e+04   5.3626609e+01
   3.3673765e+04   5.3234250e+01
   3.3673591e+04   5.1571161e+01
   3.3673417e+04   4.9865995e+01
   3.3673242e+04   4.9369615e+01
   3.3673068e+04   5.0097416e+01
   3.3672894e+04   5.1306002e+01
   3.3672720e+04   5.2437613e+01
   3.3672545e+04   5.3278535e+01
   3.3672371e+04   5.3663171e+01
   3.3672197e+04   5.3482949e+01
   3.3672022e+04   5.3151103e+01
   3.3671848e+04   5.3479755e+01
   3.3671674e+04   5.4677550e+01
   3.3671499e+04   5.6022878e+01
   3.3671325e+04   5.6788688e+01
   3.3671151e+04   5.7165699e+01
   3.3670976e+04   5.7990708e+01
   3.3670802e+04   5.9417243e+01
   3.3670628e+04   6.0502835e+01
   3.3670453e+04   6.0718809e+01
   3.3670279e+04   6.0786287e+01
   3.3670105e+04   6.1218739e+01
   3.3669930e+04   6.1399174e+01
   3.3669756e+04   6.0919602e+01
   3.3669582e+04   6.0476684e+01
   3.3669408e+04   6.0674283e+01
   3.3669233e+04   6.1097798e+01
   3.3669059e+04   6.1212131e+01
   3.3668885e+04   6.1224892e+01
   3.3668710e+04   6.1568441e+01
   3.3668536e+04   6.2242435e+01
   3.3668362e+04   6.2912357e+01
   3.3668187e+04   6.3145871e+01
   3.3668013e+04   6.2688983e+01
   3.3667839e+04   6.1965598e+01
   3.3667664e+04   6.1935514e+01
   3.3667490e+04   6.3093116e+01
   3.3667316e+04   6.4844118e+01
   3.3667141e+04   6.5993763e+01
   3.3666967e+04   6.6007727e+01
   3.3666793e+04   6.5794642e+01
   3.3666618e+04   6.6656133e+01
   3.3666444e+04   6.8631341e+01
   3.3666270e+04   7.0660400e+01
   3.3666096e+04   7.1964621e+01
   3.3665921e+04   7.2687297e+01
   3.3665747e+04   7.3609642e+01
   3.3665573e+04   7.5365984e+01
   3.3665398e+04   7.7785557e+01
   3.3665224e+04   8.0282344e+01
   3.3665050e+04   8.2640364e+01
   3.3664875e+04   8.4840642e+01
   3.3664701e+04   8.6551182e+01
   3.3664527e+04   8.7330781e+01
   3.3664352e+04   8.7042226e+01
   3.3664178e+04   8.6183064e+01
   3.3664004e+04   8.5861004e+01
   3.3663829e+04   8.6543389e+01
   3.3663655e+04   8.7162905e+01
   3.3663481e+04   8.6665634e+01
   3.3663306e+04   8.5705461e+01
   3.3663132e+04   8.5550556e+01
   3.3662958e+04   8.6015585e+01
   3.3662784e+04   8.5894039e+01
   3.3662609e+04   8.5121852e+01
   3.3662435e+04   8.4911889e+01
   3.3662261e+04   8.5879199e+01
   3.3662086e+04   8.7669276e+01
   3.3661912e+04   9.0110776e+01
   3.3661738e+04   9.3074363e+01
   3.3661563e+04   9.5736326e+01
   3.3661389e+04   9.7488038e+01
   3.3661215e+04   9.8794225e+01
   3.3661040e+04   1.0014558e+02
   3.3660866e+04   1.0138581e+02
   3.3660692e+04   1.0257584e+02
   3.3660517e+04   1.0400794e+02
   3.3660343e+04   1.0530677e+02
   3.3660169e+04   1.0590079e+02
   3.3659994e+04   1.0583365e+02
   3.3659820e+04   1.0518315e+02
   3.3659646e+04   1.0394451e+02
   3.3659472e+04   1.0281499e+02
   3.3659297e+04   1.0251169e+02
   3.3659123e+04   1.0266643e+02
   3.3658949e+04   1.0253319e+02
   3.3658774e+04   1.0179235e+02
   3.3658600e+04   1.0041920e+02
   3.3658426e+04   9.9047860e+01
   3.3658251e+04   9.9001199e+01
   3.3658077e+04   1.0081114e+02
   3.3657903e+04   1.0312605e+02
   3.3657728e+04   1.0385826e+02
   3.3657554e+04   1.0259476e+02
   3.3657380e+04   1.0132778e+02
   3.3657205e+04   1.0213369e+02
   3.3657031e+04   1.0483447e+02
   3.3656857e+04   1.0768554e+02
   3.3656682e+04   1.0933489e+02
   3.3656508e+04   1.0957143e+02
   3.3656334e+04   1.0909894e+02
   3.3656160e+04   1.0875450e+02
   3.3655985e+04   1.0866736e+02
   3.3655811e+04   1.0846235e+02
   3.3655637e+04   1.0795646e+02
   3.3655462e+04   1.0728235e+02
   3.3655288e+04   1.0687131e+02
   3.3655114e+04   1.0723766e+02
   3.3654939e+04   1.0827562e+02
   3.3654765e+04   1.0936272e+02
   3.3654591e+04   1.1029402e+02
   3.3654416e+04   1.1121180e+02
   3.3654242e+04   1.1204050e+02
   3.3654068e+04   1.1285188e+02
   3.3653893e+04   1.1392194e+02
   3.3653719e+04   1.1517125e+02
   3.3653545e+04   1.1669376e+02
   3.3653370e+04   1.1917261e+02
   3.3653196e+04   1.2255390e+02
   3.3653022e+04   1.2555878e+02
   3.3652848e+04   1.2734359e+02
   3.3652673e+04   1.2834780e+02
   3.3652499e+04   1.2927854e+02
   3.3652325e+04   1.3023577e+02
   3.3652150e+04   1.3075154e+02
   3.3651976e+04   1.3038113e+02
   3.3651802e+04   1.2944564e+02
   3.3651627e+04   1.2881890e+02
   3.3651453e+04   1.2863129e+02
   3.3651279e+04   1.2771683e+02
   3.3651104e+04   1.2491440e+02
   3.3650930e+04   1.2088046e+02
   3.3650756e+04   1.1789732e+02
   3.3650581e+04   1.1735513e+02
   3.3650407e+04   1.1824627e+02
   3.3650233e+04   1.1864249e+02
   3.3650058e+04   1.1759872e+02
   3.3649884e+04   1.1547720e+02
   3.3649710e+04   1.1344232e+02
   3.3649536e+04   1.1262532e+02
   3.3649361e+04   1.1319048e+02
   3.3649187e+04   1.1406544e+02
   3.3649013e+04   1.1393652e+02
   3.3648838e+04   1.1290841e+02
   3.3648664e+04   1.1253305e+02
   3.3648490e+04   1.1355886e+02
   3.3648315e+04   1.1456850e+02
   3.3648141e+04   1.1367182e+02
   3.3647967e+04   1.1083208e+02
   3.3647792e+04   1.0778519e+02
   3.3647618e+04   1.0622277e+02
   3.3647444e+04   1.0661190e+02
   3.3647269e+04   1.0813898e+02
   3.3647095e+04   1.0924754e+02
   3.3646921e+04   1.0883327e+02
   3.3646746e+04   1.0739565e+02
   3.3646572e+04   1.0659686e+02
   3.3646398e+04   1.0738586e+02
   3.3646224e+04   1.0887544e+02
   3.3646049e+04   1.0938003e+02
   3.3645875e+04   1.0837017e+02
   3.3645701e+04   1.0694149e+02
   3.3645526e+04   1.0641530e+02
   3.3645352e+04   1.0697461e+02
   3.3645178e+04   1.0767861e+02
   3.3645003e+04   1.0754786e+02
   3.3644829e+04   1.0648114e+02
   3.3644655e+04   1.0499502e+02
   3.3644480e+04   1.0349779e+02
   3.3644306e+04   1.0219246e+02
   3.3644132e+04   1.0122363e+02
   3.3643957e+04   1.0055463e+02
   3.3643783e+04   9.9858652e+01
   3.3643609e+04   9.8783133e+01
   3.3643434e+04   9.7383892e+01
   3.3643260e+04   9.6017613e+01
   3.3643086e+04   9.4796397e+01
   3.3642912e+04   9.3657877e+01
   3.3642737e+04   9.2976910e+01
   3.3642563e+04   9.3294198e+01
   3.3642389e+04   9.4264660e+01
   3.3642214e+04   9.4884929e+01
   3.3642040e+04   9.4954065e+01
   3.3641866e+04   9.5208940e+01
   3.3641691e+04   9.6063817e+01
   3.3641517e+04   9.7389070e+01
   3.3641343e+04   9.9274336e+01
   3.3641168e+04   1.0182034e+02
   3.3640994e+04   1.0451751e+02
   3.3640820e+04   1.0678961e+02
   3.3640645e+04   1.0851127e+02
   3.3640471e+04   1.0944035e+02
   3.3640297e+04   1.0935842e+02
   3.3640122e+04   1.0904111e+02
   3.3639948e+04   1.0957588e+02
   3.3639774e+04   1.1047716e+02
   3.3639600e+04   1.0978931e+02
   3.3639425e+04   1.0658716e+02
   3.3639251e+04   1.0249268e+02
   3.3639077e+04   9.9914089e+01
   3.3638902e+04   9.9423732e+01
   3.3638728e+04   9.9637376e+01
   3.3638554e+04   9.8984894e+01
   3.3638379e+04   9.6836196e+01
   3.3638205e+04   9.3548304e+01
   3.3638031e+04   9.0250766e+01
   3.3637856e+04   8.8106534e+01
   3.3637682e+04   8.7224665e+01
   3.3637508e+04   8.6771755e+01
   3.3637333e+04   8.6132117e+01
   3.3637159e+04   8.5236775e+01
   3.3636985e+04   8.4021842e+01
   3.3636810e+04   8.2451483e+01
   3.3636636e+04   8.0952524e+01
   3.3636462e+04   8.0090559e+01
   3.3636288e+04   7.9861414e+01
   3.3636113e+04   7.9705900e+01
   3.3635939e+04   7.9081332e+01
   3.3635765e+04   7.7925855e+01
   3.3635590e+04   7.6767958e+01
   3.3635416e+04   7.6249025e+01
   3.3635242e+04   7.6375552e+01
   3.3635067e+04   7.6486136e+01
   3.3634893e+04   7.5976680e+01
   3.3634719e+04   7.4865727e+01
   3.3634544e+04   7.3780270e+01
   3.3634370e+04   7.3336029e+01
   3.3634196e+04   7.3424356e+01
   3.3634021e+04   7.3410863e+01
   3.3633847e+04   7.2838587e+01
   3.3633673e+04   7.1650163e+01
   3.3633498e+04   7.0264479e+01
   3.3633324e+04   6.9447438e+01
   3.3633150e+04   6.9544908e+01
   3.3632975e+04   7.0093874e+01
   3.3632801e+04   7.0419099e+01
   3.3632627e+04   7.0201094e+01
   3.3632453e+04   6.9456617e+01
   3.3632278e+04   6.8405708e+01
   3.3632104e+04   6.7392570e+01
   3.3631930e+04   6.6621802e+01
   3.3631755e+04   6.5926097e+01
   3.3631581e+04   6.4891981e+01
   3.3631407e+04   6.3188655e+01
   3.3631232e+04   6.0961758e+01
   3.3631058e+04   5.8906625e+01
   3.3630884e+04   5.7526803e+01
   3.3630709e+04   5.6630081e+01
   3.3630535e+04   5.5916625e+01
   3.3630361e+04   5.5158830e+01
   3.3630186e+04   5.3719788e+01
   3.3630012e+04   5.1137842e+01
   3.3629838e+04   4.8102530e+01
   3.3629663e+04   4.5881700e+01
   3.3629489e+04   4.4769612e+01
   3.3629315e+04   4.3751155e+01
   3.3629141e+04   4.2075093e+01
   3.3628966e+04   4.0342467e+01
   3.3628792e+04   3.9202693e+01
   3.3628618e+04   3.8160681e+01
   3.3628443e+04   3.6763610e+01
   3.3628269e+04   3.5693969e+01
   3.3628095e+04   3.5741614e+01
   3.3627920e+04   3.6649221e+01
   3.3627746e+04   3.7427867e+01
   3.3627572e+04   3.7292995e+01
   3.3627397e+04   3.6224638e+01
   3.3627223e+04   3.4785711e+01
   3.3627049e+04   3.3608813e+01
   3.3626874e+04   3.3273829e+01
   3.3626700e+04   3.4100643e+01
   3.3626526e+04   3.5503314e+01
   3.3626351e+04   3.6173037e+01
   3.3626177e+04   3.5439834e+01
   3.3626003e+04   3.4058910e+01
   3.3625829e+04   3.3303360e+01
   3.3625654e+04   3.3499684e+01
   3.3625480e+04   3.3918338e+01
   3.3625306e+04   3.4010652e+01
   3.3625131e+04   3.3921566e+01
   3.3624957e+04   3.3739062e+01
   3.3624783e+04   3.3260468e+01
   3.3624608e+04   3.2606865e+01
   3.3624434e+04   3.2242426e+01
   3.3624260e+04   3.2387626e+01
   3.3624085e+04   3.2878917e+01
   3.3623911e+04   3.3416411e+01
   3.3623737e+04   3.3642663e+01
   3.3623562e+04   3.3206409e+01
   3.3623388e+04   3.2137440e+01
   3.3623214e+04   3.1100495e+01
   3.3623039e+04   3.0899984e+01
   3.3622865e+04   3.1656624e+01
   3.3622691e+04   3.2563760e+01
   3.3622517e+04   3.2554441e+01
   3.3622342e+04   3.1517337e+01
   3.3622168e+04   3.0642356e+01
   3.3621994e+04   3.0941413e+01
   3.3621819e+04   3.1819455e+01
   3.3621645e+04   3.1948066e+01
   3.3621471e+04   3.1164499e+01
   3.3621296e+04   3.0515786e+01
   3.3621122e+04   3.0614271e+01
   3.3620948e+04   3.0939597e+01
   3.3620773e+04   3.0779193e+01
   3.3620599e+04   3.0169553e+01
   3.3620425e+04   2.9782230e+01
   3.3620250e+04   3.0019683e+01
   3.3620076e+04   3.0471927e+01
   3.3619902e+04   3.0638549e+01
   3.3619727e+04   3.0633697e+01
   3.3619553e+04   3.0550241e+01
   3.3619379e+04   3.0053694e+01
   3.3619205e+04   2.9164054e+01
   3.3619030e+04   2.8515215e+01
   3.3618856e+04   2.8663246e+01
   3.3618682e+04   2.9566168e+01
   3.3618507e+04   3.0473237e+01
   3.3618333e+04   3.0441637e+01
   3.3618159e+04   2.9409037e+01
   3.3617984e+04   2.8371529e+01
   3.3617810e+04   2.8099510e+01
   3.3617636e+04   2.8201422e+01
   3.3617461e+04   2.7868686e+01
   3.3617287e+04   2.6863971e+01
   3.3617113e+04   2.5421380e+01
   3.3616938e+04   2.3943934e+01
   3.3616764e+04   2.2830905e+01
   3.3616590e+04   2.2015844e+01
   3.3616415e+04   2.1029703e+01
   3.3616241e+04   1.9614177e+01
   3.3616067e+04   1.7755882e+01
   3.3615893e+04   1.5489441e+01
   3.3615718e+04   1.3076324e+01
   3.3615544e+04   1.0914443e+01
   3.3615370e+04   9.1490395e+00
   3.3615195e+04   7.6736690e+00
   3.3615021e+04   6.3584384e+00
   3.3614847e+04   5.0828655e+00
   3.3614672e+04   3.7665654e+00
   3.3614498e+04   2.4884902e+00
   3.3614324e+04   1.4331069e+00
   3.3614149e+04   7.0684021e-01
   3.3613975e+04   2.8608182e-01
   3.3613801e+04   8.6546679e-02
   3.3613626e+04   1.6475631e-02
   3.3613452e+04   1.3069252e-03
   3.3613278e+04   2.4703092e-05
   3.3613103e+04   3.7296417e-06
   3.3612929e+04   8.4483753e-07
   3.3612755e+04   2.4461629e-07
   3.3612581e+04   8.3783498e-08
   3.3612406e+04   3.2467497e-08
   3.3612232e+04   1.3836339e-08
   3.3612058e+04   6.3616352e-09
   3.3611883e+04   3.1115686e-09
   3.3611709e+04   1.6036622e-09
   3.3611535e+04   8.6310192e-10
   3.3611360e+04   4.8326509e-10
   3.3611186e+04   2.7899716e-10
   3.3611012e+04   1.6663038e-10
   3.3610837e+04   1.0139078e-10
   3.3610663e+04   6.3923977e-11
   3.3610489e+04   4.0383696e-11
   3.3610314e+04   2.6827429e-11
   3.3610140e+04   1.7307045e-11
   3.3609966e+04   1.2162715e-11
   3.3609791e+04   7.8417273e-12
   3.3609617e+04   5.9472427e-12
   3.3609443e+04   3.6832759e-12
   3.3609269e+04   3.1299408e-12
   3.3609094e+04   1.7461588e-12
   3.3608920e+04   1.8038904e-12
   3.3608746e+04   8.0913054e-13
   3.3608571e+04   1.1279866e-12
   3.3608397e+04   3.2684966e-13
   3.3608223e+04   7.4873441e-13
   3.3608048e+04   6.7501560e-14
   3.3607874e+04   5.7553962e-13
   3.3607700e+04   7.7271523e-14
   3.3607525e+04   4.6185278e-13
   3.3607351e+04   1.5454305e-13
   3.3607177e+04   4.1033843e-13
   3.3607002e+04   1.9628743e-13
   3.3606828e+04   3.5260683e-13
   3.3606654e+04   2.4691360e-13
   3.3606479e+04   3.3750780e-13
   3.3606305e+04   2.5046631e-13
   3.3606131e+04   3.2507330e-13
   3.3605957e+04   2.4691360e-13
   3.3605782e+04   3.1885605e-13
   3.3605608e+04   2.6645353e-13
   3.3605434e+04   2.9665159e-13
   3.3605259e+04   2.9665159e-13
   3.3605085e+04   3.1619152e-13
   3.3604911e+04   2.7977620e-13
   3.3604736e+04   3.0286884e-13
   3.3604562e+04   2.9665159e-13
   3.3604388e+04   3.0819791e-13
   3.3604213e+04   2.9487524e-13
   3.3604039e+04   3.1796787e-13
   3.3603865e+04   2.8865799e-13
   3.3603690e+04   3.1086245e-13
   3.3603516e+04   3.1619152e-13
   3.3603342e+04   3.2507330e-13
   3.3603167e+04   2.9665159e-13
   3.3602993e+04   3.1619152e-13
   3.3602819e+04   3.0642155e-13
   3.3602645e+04   2.9487524e-13
   3.3602470e+04   2.9842795e-13
   3.3602296e+04   2.9309888e-13
   3.3602122e+04   2.9132252e-13
   3.3601947e+04   2.8954616e-13
   3.3601773e+04   2.9043434e-13
   3.3601599e+04   2.9309888e-13
   3.3601424e+04   3.0109248e-13
   3.3601250e+04   2.8599345e-13
   3.3601076e+04   3.0198066e-13
   3.3600901e+04   3.0286884e-13
   3.3600727e+04   3.0020431e-13
   3.3600553e+04   2.9842795e-13
   3.3600378e+04   2.9576341e-13
   3.3600204e+04   2.7888802e-13
   3.3600030e+04   2.9665159e-13
   3.3599855e+04   2.8776981e-13
   3.3599681e+04   2.9487524e-13
   3.3599507e+04   2.6822988e-13
   3.3599333e+04   2.9665159e-13
   3.3599158e+04   3.0642155e-13
   3.3598984e+04   2.6734170e-13
   3.3598810e+04   2.9398706e-13
   3.3598635e+04   2.8421709e-13
   3.3598461e+04   2.7622349e-13
   3.3598287e+04   2.6734170e-13
   3.3598112e+04   2.9487524e-13
   3.3597938e+04   2.8332892e-13
   3.3597764e+04   2.9842795e-13
   3.3597589e+04   2.8066438e-13
   3.3597415e+04   2.9043434e-13
   3.3597241e+04   2.8332892e-13
   3.3597066e+04   2.8421709e-13
   3.3596892e+04   2.6822988e-13
   3.3596718e+04   2.8421709e-13
   3.3596543e+04   2.7977620e-13
   3.3596369e+04   2.8688163e-13
   3.3596195e+04   2.7355895e-13
   3.3596021e+04   2.8332892e-13
   3.3595846e+04   2.7977620e-13
   3.3595672e+04   2.7355895e-13
   3.3595498e+04   3.0286884e-13
   3.3595323e+04   2.8244074e-13
   3.3595149e+04   2.6734170e-13
   3.3594975e+04   2.9221070e-13
   3.3594800e+04   2.7000624e-13
   3.3594626e+04   2.7267077e-13
   3.3594452e+04   2.7089442e-13
   3.3594277e+04   2.6645353e-13
   3.3594103e+04   2.9487524e-13
   3.3593929e+04   2.8954616e-13
   3.3593754e+04   2.7267077e-13
   3.3593580e+04   2.8732572e-13
   3.3593406e+04   2.7799985e-13
   3.3593231e+04   2.6689762e-13
   3.3593057e+04   2.7400304e-13
   3.3592883e+04   2.9398706e-13
   3.3592709e+04   2.7000624e-13
   3.3592534e+04   2.8332892e-13
   3.3592360e+04   2.9087843e-13
   3.3592186e+04   3.0353497e-13
   3.3592011e+04   2.6956215e-13
   3.3591837e+04   2.8133051e-13
   3.3591663e+04   2.7644553e-13
   3.3591488e+04   2.8066438e-13
   3.3591314e+04   2.7577940e-13
   3.3591140e+04   2.5490721e-13
   3.3590965e+04   2.6401104e-13
   3.3590791e+04   2.5413005e-13
   3.3590617e+04   2.7877700e-13
   3.3590442e+04   2.5524027e-13
   3.3590268e+04   2.7056135e-13
   3.3590094e+04   2.4125146e-13
   3.3589919e+04   2.7411406e-13
   3.3589745e+04   2.5535130e-13
   3.3589571e+04   2.6889602e-13
   3.3589396e+04   2.6012525e-13
   3.3589222e+04   2.6856295e-13
   3.3589048e+04   2.4857894e-13
   3.3588874e+04   2.5124347e-13
   3.3588699e+04   2.5124347e-13
   3.3588525e+04   2.6634250e-13
   3.3588351e+04   2.5579538e-13
   3.3588176e+04   2.6290081e-13
   3.3588002e+04   2.7355895e-13
   3.3587828e+04   2.3803182e-13
   3.3587653e+04   2.4513724e-13
   3.3587479e+04   2.2382096e-13
   3.3587305e+04   2.4868996e-13
   3.3587130e+04   2.2737368e-13
   3.3586956e+04   2.5224267e-13
   3.3586782e+04   2.3447910e-13
   3.3586607e+04   2.5046631e-13
   3.3586433e+04   2.4158453e-13
   3.3586259e+04   2.3447910e-13
   3.3586084e+04   2.1138646e-13
   3.3585910e+04   2.0605739e-13
   3.3585736e+04   2.2026825e-13
   3.3585562e+04   2.0605739e-13
   3.3585387e+04   2.0250468e-13
   3.3585213e+04   2.1493918e-13
   3.3585039e+04   1.8829382e-13
   3.3584864e+04   2.1671553e-13
   3.3584690e+04   2.0961011e-13
   3.3584516e+04   2.0961011e-13
   3.3584341e+04   2.2204460e-13
   3.3584167e+04   2.0605739e-13
   3.3583993e+04   1.9184654e-13
   3.3583818e+04   2.2026825e-13
   3.3583644e+04   2.0072832e-13
   3.3583470e+04   1.8829382e-13
   3.3583295e+04   1.9895197e-13
   3.3583121e+04   1.9539925e-13
   3.3582947e+04   2.0961011e-13
   3.3582772e+04   2.0250468e-13
   3.3582598e+04   2.0250468e-13
   3.3582424e+04   2.0428104e-13
   3.3582250e+04   2.0428104e-13
   3.3582075e+04   2.0250468e-13
   3.3581901e+04   2.1316282e-13
   3.3581727e+04   2.0428104e-13
   3.3581552e+04   1.8296475e-13
   3.3581378e+04   1.8651747e-13
   3.3581204e+04   1.9895197e-13
   3.3581029e+04   2.1138646e-13
   3.3580855e+04   1.9362290e-13
   3.3580681e+04   1.8296475e-13
   3.3580506e+04   1.8829382e-13
   3.3580332e+04   1.9184654e-13
   3.3580158e+04   1.8651747e-13
   3.3579983e+04   1.6164847e-13
   3.3579809e+04   1.8829382e-13
   3.3579635e+04   1.6875390e-13
   3.3579460e+04   1.9007018e-13
   3.3579286e+04   1.6164847e-13
   3.3579112e+04   1.6697754e-13
   3.3578938e+04   1.6697754e-13
   3.3578763e+04   1.6697754e-13
   3.3578589e+04   1.7497115e-13
   3.3578415e+04   1.7053026e-13
   3.3578240e+04   1.6964208e-13
   3.3578066e+04   1.5987212e-13
   3.3577892e+04   1.5276669e-13
   3.3577717e+04   1.5187851e-13
   3.3577543e+04   1.6342483e-13
   3.3577369e+04   1.7852386e-13
   3.3577194e+04   1.5631940e-13
   3.3577020e+04   1.7053026e-13
   3.3576846e+04   1.9184654e-13
   3.3576671e+04   1.5276669e-13
   3.3576497e+04   1.5631940e-13
   3.3576323e+04   1.5987212e-13
   3.3576148e+04   1.6697754e-13
   3.3575974e+04   1.4566126e-13
   3.3575800e+04   1.5987212e-13
   3.3575626e+04   1.6342483e-13
   3.3575451e+04   1.5987212e-13
   3.3575277e+04   1.5987212e-13
   3.3575103e+04   1.4566126e-13
   3.3574928e+04   1.7763568e-13
   3.3574754e+04   1.6342483e-13
   3.3574580e+04   1.6342483e-13
   3.3574405e+04   1.2434498e-13
   3.3574231e+04   1.3855583e-13
   3.3574057e+04   1.4921397e-13
   3.3573882e+04   1.5276669e-13
   3.3573708e+04   1.5276669e-13
   3.3573534e+04   1.5987212e-13
   3.3573359e+04   1.3500312e-13
   3.3573185e+04   1.5631940e-13
   3.3573011e+04   1.3145041e-13
   3.3572836e+04   1.1368684e-13
   3.3572662e+04   1.4921397e-13
   3.3572488e+04   1.2789769e-13
   3.3572314e+04   1.2789769e-13
   3.3572139e+04   1.1723955e-13
   3.3571965e+04   1.2079227e-13
   3.3571791e+04   1.4921397e-13
   3.3571616e+04   1.1723955e-13
   3.3571442e+04   1.2434498e-13
   3.3571268e+04   1.5276669e-13
   3.3571093e+04   1.2079227e-13
   3.3570919e+04   1.3500312e-13
   3.3570745e+04   1.4921397e-13
   3.3570570e+04   1.5987212e-13
   3.3570396e+04   1.1368684e-13
   3.3570222e+04   1.2434498e-13
   3.3570047e+04   1.2434498e-13
   3.3569873e+04   1.6342483e-13
   3.3569699e+04   1.3855583e-13
   3.3569524e+04   1.2789769e-13
   3.3569350e+04   1.4921397e-13
   3.3569176e+04   1.3500312e-13
   3.3569002e+04   1.4566126e-13
   3.3568827e+04   1.2434498e-13
   3.3568653e+04   1.3145041e-13
   3.3568479e+04   1.1723955e-13
   3.3568304e+04   1.3145041e-13
   3.3568130e+04   1.2789769e-13
   3.3567956e+04   1.3145041e-13
   3.3567781e+04   1.4566126e-13
   3.3567607e+04   1.4210855e-13
   3.3567433e+04   1.3145041e-13
   3.3567258e+04   1.3855583e-13
   3.3567084e+04   1.4921397e-13
   3.3566910e+04   1.2789769e-13
   3.3566735e+04   1.3855583e-13
   3.3566561e+04   1.3500312e-13
   3.3566387e+04   1.4210855e-13
   3.3566212e+04   1.4210855e-13
   3.3566038e+04   1.3855583e-13
   3.3565864e+04   1.5276669e-13
   3.3565690e+04   1.5631940e-13
   3.3565515e+04   1.3145041e-13
   3.3565341e+04   1.3145041e-13
   3.3565167e+04   1.3855583e-13
   3.3564992e+04   1.5987212e-13
   3.3564818e+04   1.3145041e-13
   3.3564644e+04   1.3500312e-13
   3.3564469e+04   1.3500312e-13
   3.3564295e+04   1.6342483e-13
   3.3564121e+04   1.4921397e-13
   3.3563946e+04   1.2079227e-13
   3.3563772e+04   1.4566126e-13
   3.3563598e+04   1.4210855e-13
   3.3563423e+04   1.7053026e-13
   3.3563249e+04   1.4210855e-13
   3.3563075e+04   1.2789769e-13
   3.3562900e+04   1.6342483e-13
   3.3562726e+04   1.3500312e-13
   3.3562552e+04   1.6342483e-13
   3.3562378e+04   1.4210855e-13
   3.3562203e+04   1.4210855e-13
   3.3562029e+04   1.6697754e-13
   3.3561855e+04   1.2789769e-13
   3.3561680e+04   1.4921397e-13
   3.3561506e+04   1.4921397e-13
   3.3561332e+04   1.6342483e-13
   3.3561157e+04   1.4210855e-13
   3.3560983e+04   1.2079227e-13
   3.3560809e+04   1.5987212e-13
   3.3560634e+04   1.6342483e-13
   3.3560460e+04   1.3500312e-13
   3.3560286e+04   1.5276669e-13
   3.3560111e+04   1.5631940e-13
   3.3559937e+04   1.5987212e-13
   3.3559763e+04   1.4921397e-13
   3.3559588e+04   1.4566126e-13
   3.3559414e+04   1.7408297e-13
   3.3559240e+04   1.3145041e-13
   3.3559066e+04   1.2434498e-13
   3.3558891e+04   1.5276669e-13
   3.3558717e+04   1.5987212e-13
   3.3558543e+04   1.4921397e-13
   3.3558368e+04   1.3145041e-13
   3.3558194e+04   1.4921397e-13
   3.3558020e+04   1.4921397e-13
   3.3557845e+04   1.4210855e-13
   3.3557671e+04   1.3145041e-13
   3.3557497e+04   1.5276669e-13
   3.3557322e+04   1.1723955e-13
   3.3557148e+04   1.4210855e-13
   3.3556974e+04   1.3145041e-13
   3.3556799e+04   1.4210855e-13
   3.3556625e+04   1.4210855e-13
   3.3556451e+04   1.3855583e-13
   3.3556276e+04   1.5276669e-13
   3.3556102e+04   1.5631940e-13
   3.3555928e+04   1.7053026e-13
   3.3555754e+04   1.3145041e-13
   3.3555579e+04   1.2789769e-13
   3.3555405e+04   1.2789769e-13
   3.3555231e+04   1.5987212e-13
   3.3555056e+04   1.5987212e-13
   3.3554882e+04   1.4566126e-13
   3.3554708e+04   1.6697754e-13
   3.3554533e+04   1.8118840e-13
   3.3554359e+04   1.5631940e-13
   3.3554185e+04   1.4566126e-13
   3.3554010e+04   1.6342483e-13
   3.3553836e+04   1.7053026e-13
   3.3553662e+04   1.3855583e-13
   3.3553487e+04   1.3500312e-13
   3.3553313e+04   1.3855583e-13
   3.3553139e+04   1.7053026e-13
   3.3552964e+04   1.6697754e-13
   3.3552790e+04   1.5276669e-13
   3.3552616e+04   1.8474111e-13
   3.3552442e+04   1.5987212e-13
   3.3552267e+04   1.7053026e-13
   3.3552093e+04   1.3855583e-13
   3.3551919e+04   1.4921397e-13
   3.3551744e+04   1.6342483e-13
   3.3551570e+04   1.2434498e-13
   3.3551396e+04   1.4210855e-13
   3.3551221e+04   1.4566126e-13
   3.3551047e+04   1.4210855e-13
   3.3550873e+04   1.4566126e-13
   3.3550698e+04   1.2789769e-13
   3.3550524e+04   1.3855583e-13
   3.3550350e+04   1.7053026e-13
   3.3550175e+04   1.4566126e-13
   3.3550001e+04   1.3145041e-13
   3.3549827e+04   1.3500312e-13
   3.3549652e+04   1.3855583e-13
   3.3549478e+04   1.5276669e-13
   3.3549304e+04   1.3500312e-13
   3.3549130e+04   1.5987212e-13
   3.3548955e+04   1.5631940e-13
   3.3548781e+04   1.4921397e-13
   3.3548607e+04   1.3500312e-13
   3.3548432e+04   1.5276669e-13
   3.3548258e+04   1.7408297e-13
   3.3548084e+04   1.4210855e-13
   3.3547909e+04   1.5276669e-13
   3.3547735e+04   1.5987212e-13
   3.3547561e+04   1.6697754e-13
   3.3547386e+04   1.4210855e-13
   3.3547212e+04   1.5631940e-13
   3.3547038e+04   1.6697754e-13
   3.3546863e+04   1.7053026e-13
   3.3546689e+04   1.7408297e-13
   3.3546515e+04   1.3145041e-13
   3.3546340e+04   1.5987212e-13
   3.3546166e+04   1.5987212e-13
   3.3545992e+04   1.4210855e-13
   3.3545817e+04   1.5987212e-13
   3.3545643e+04   1.5276669e-13
   3.3545469e+04   1.4210855e-13
   3.3545295e+04   1.5987212e-13
   3.3545120e+04   1.4210855e-13
   3.3544946e+04   1.3855583e-13
   3.3544772e+04   1.7053026e-13
   3.3544597e+04   1.4921397e-13
   3.3544423e+04   1.5987212e-13
   3.3544249e+04   1.4921397e-13
   3.3544074e+04   1.5987212e-13
   3.3543900e+04   1.4210855e-13
   3.3543726e+04   1.5276669e-13
   3.3543551e+04   1.5454305e-13
   3.3543377e+04   1.6520119e-13
   3.3543203e+04   1.3677948e-13
   3.3543028e+04   1.3855583e-13
   3.3542854e+04   1.4566126e-13
   3.3542680e+04   1.5987212e-13
   3.3542505e+04   1.4921397e-13
   3.3542331e+04   1.4033219e-13
   3.3542157e+04   1.4388490e-13
   3.3541983e+04   1.5631940e-13
   3.3541808e+04   1.4921397e-13
   3.3541634e+04   1.4566126e-13
   3.3541460e+04   1.5099033e-13
   3.3541285e+04   1.4921397e-13
   3.3541111e+04   1.5987212e-13
   3.3540937e+04   1.3855583e-13
   3.3540762e+04   1.4033219e-13
   3.3540588e+04   1.5276669e-13
   3.3540414e+04   1.2967405e-13
   3.3540239e+04   1.6697754e-13
   3.3540065e+04   1.6697754e-13
   3.3539891e+04   1.5099033e-13
   3.3539716e+04   1.6875390e-13
   3.3539542e+04   1.3322676e-13
   3.3539368e+04   1.5099033e-13
   3.3539193e+04   1.5276669e-13
   3.3539019e+04   1.5809576e-13
   3.3538845e+04   1.5276669e-13
   3.3538671e+04   1.3855583e-13
   3.3538496e+04   1.6520119e-13
   3.3538322e+04   1.6164847e-13
   3.3538148e+04   1.4210855e-13
   3.3537973e+04   1.5099033e-13
   3.3537799e+04   1.5987212e-13
   3.3537625e+04   1.5809576e-13
   3.3537450e+04   1.5099033e-13
   3.3537276e+04   1.6875390e-13
   3.3537102e+04   1.6520119e-13
   3.3536927e+04   1.5454305e-13
   3.3536753e+04   1.5631940e-13
   3.3536579e+04   1.5809576e-13
   3.3536404e+04   1.7763568e-13
   3.3536230e+04   1.6342483e-13
   3.3536056e+04   1.5987212e-13
   3.3535881e+04   1.6875390e-13
   3.3535707e+04   1.9007018e-13
   3.3535533e+04   1.6875390e-13
   3.3535359e+04   1.5987212e-13
   3.3535184e+04   1.7585933e-13
   3.3535010e+04   1.6875390e-13
   3.3534836e+04   1.6342483e-13
   3.3534661e+04   1.7941204e-13
   3.3534487e+04   1.7230661e-13
   3.3534313e+04   1.8296475e-13
   3.3534138e+04   1.8118840e-13
   3.3533964e+04   1.7408297e-13
   3.3533790e+04   1.8829382e-13
   3.3533615e+04   1.8474111e-13
   3.3533441e+04   1.7408297e-13
   3.3533267e+04   1.7941204e-13
   3.3533092e+04   1.5631940e-13
   3.3532918e+04   1.8474111e-13
   3.3532744e+04   1.9184654e-13
   3.3532569e+04   1.7763568e-13
   3.3532395e+04   1.8829382e-13
   3.3532221e+04   2.0605739e-13
   3.3532047e+04   1.8030022e-13
   3.3531872e+04   2.0605739e-13
   3.3531698e+04   1.9717561e-13
   3.3531524e+04   2.0161650e-13
   3.3531349e+04   1.9273472e-13
   3.3531175e+04   1.8651747e-13
   3.3531001e+04   1.9095836e-13
   3.3530826e+04   2.0339286e-13
   3.3530652e+04   1.9806379e-13
   3.3530478e+04   1.9628743e-13
   3.3530303e+04   1.8829382e-13
   3.3530129e+04   1.9806379e-13
   3.3529955e+04   2.0072832e-13
   3.3529780e+04   1.8562929e-13
   3.3529606e+04   1.8918200e-13
   3.3529432e+04   2.0161650e-13
   3.3529257e+04   1.8562929e-13
   3.3529083e+04   2.1405100e-13
   3.3528909e+04   2.0516921e-13
   3.3528735e+04   2.0694557e-13
   3.3528560e+04   2.0250468e-13
   3.3528386e+04   1.9007018e-13
   3.3528212e+04   2.0072832e-13
   3.3528037e+04   2.1316282e-13
   3.3527863e+04   2.1760371e-13
   3.3527689e+04   2.0605739e-13
   3.3527514e+04   1.9451107e-13
   3.3527340e+04   2.0694557e-13
   3.3527166e+04   2.2382096e-13
   3.3526991e+04   2.1049829e-13
   3.3526817e+04   2.1316282e-13
   3.3526643e+04   2.1760371e-13
   3.3526468e+04   2.2115643e-13
   3.3526294e+04   2.0961011e-13
   3.3526120e+04   2.2204460e-13
   3.3525945e+04   2.1849189e-13
   3.3525771e+04   2.1582736e-13
   3.3525597e+04   2.3359092e-13
   3.3525423e+04   2.4247271e-13
   3.3525248e+04   2.3270275e-13
   3.3525074e+04   2.1671553e-13
   3.3524900e+04   2.3980817e-13
   3.3524725e+04   2.3003821e-13
   3.3524551e+04   2.4158453e-13
   3.3524377e+04   2.3181457e-13
   3.3524202e+04   2.2204460e-13
   3.3524028e+04   2.3181457e-13
   3.3523854e+04   2.2382096e-13
   3.3523679e+04   2.3092639e-13
   3.3523505e+04   2.4336089e-13
   3.3523331e+04   2.3803182e-13
   3.3523156e+04   2.1671553e-13
   3.3522982e+04   2.4158453e-13
   3.3522808e+04   2.2026825e-13
   3.3522633e+04   2.3003821e-13
   3.3522459e+04   2.3092639e-13
   3.3522285e+04   2.3092639e-13
   3.3522111e+04   2.2559732e-13
   3.3521936e+04   2.0694557e-13
   3.3521762e+04   2.2026825e-13
   3.3521588e+04   2.2382096e-13
