   3.3878412e+04   3.4024339e-11
   3.3878238e+04   3.3956837e-11
   3.3878064e+04   3.3899994e-11
   3.3877889e+04   3.3796965e-11
   3.3877715e+04   3.3745451e-11
   3.3877541e+04   3.3654857e-11
   3.3877367e+04   3.3608671e-11
   3.3877192e+04   3.3539393e-11
   3.3877018e+04   3.3480774e-11
   3.3876844e+04   3.3415049e-11
   3.3876669e+04   3.3356429e-11
   3.3876495e+04   3.3292480e-11
   3.3876321e+04   3.3223202e-11
   3.3876146e+04   3.3161029e-11
   3.3875972e+04   3.3086422e-11
   3.3875798e+04   3.3029579e-11
   3.3875623e+04   3.2981617e-11
   3.3875449e+04   3.2919445e-11
   3.3875275e+04   3.2843062e-11
   3.3875100e+04   3.2777336e-11
   3.3874926e+04   3.2727598e-11
   3.3874752e+04   3.2644110e-11
   3.3874577e+04   3.2590819e-11
   3.3874403e+04   3.2523317e-11
   3.3874229e+04   3.2478908e-11
   3.3874055e+04   3.2402525e-11
   3.3873880e+04   3.2342129e-11
   3.3873706e+04   3.2301273e-11
   3.3873532e+04   3.2224889e-11
   3.3873357e+04   3.2173375e-11
   3.3873183e+04   3.2111203e-11
   3.3873009e+04   3.2072123e-11
   3.3872834e+04   3.2008174e-11
   3.3872660e+04   3.1949554e-11
   3.3872486e+04   3.1906922e-11
   3.3872311e+04   3.1848302e-11
   3.3872137e+04   3.1768366e-11
   3.3871963e+04   3.1736391e-11
   3.3871788e+04   3.1679548e-11
   3.3871614e+04   3.1601388e-11
   3.3871440e+04   3.1558756e-11
   3.3871265e+04   3.1496583e-11
   3.3871091e+04   3.1441516e-11
   3.3870917e+04   3.1400660e-11
   3.3870743e+04   3.1350922e-11
   3.3870568e+04   3.1295855e-11
   3.3870394e+04   3.1235459e-11
   3.3870220e+04   3.1182168e-11
   3.3870045e+04   3.1125325e-11
   3.3869871e+04   3.1079139e-11
   3.3869697e+04   3.1029401e-11
   3.3869522e+04   3.0960123e-11
   3.3869348e+04   3.0938807e-11
   3.3869174e+04   3.0855318e-11
   3.3868999e+04   3.0826897e-11
   3.3868825e+04   3.0784264e-11
   3.3868651e+04   3.0714986e-11
   3.3868476e+04   3.0663472e-11
   3.3868302e+04   3.0627945e-11
   3.3868128e+04   3.0574654e-11
   3.3867953e+04   3.0528469e-11
   3.3867779e+04   3.0496494e-11
   3.3867605e+04   3.0428993e-11
   3.3867431e+04   3.0389913e-11
   3.3867256e+04   3.0355274e-11
   3.3867082e+04   3.0291325e-11
   3.3866908e+04   3.0265568e-11
   3.3866733e+04   3.0202507e-11
   3.3866559e+04   3.0142999e-11
   3.3866385e+04   3.0100367e-11
   3.3866210e+04   3.0069280e-11
   3.3866036e+04   3.0008884e-11
   3.3865862e+04   2.9991121e-11
   3.3865687e+04   2.9908520e-11
   3.3865513e+04   2.9904967e-11
   3.3865339e+04   2.9849900e-11
   3.3865164e+04   2.9801939e-11
   3.3864990e+04   2.9757530e-11
   3.3864816e+04   2.9737990e-11
   3.3864641e+04   2.9679370e-11
   3.3864467e+04   2.9631408e-11
   3.3864293e+04   2.9610092e-11
   3.3864119e+04   2.9540814e-11
   3.3863944e+04   2.9496405e-11
   3.3863770e+04   2.9467984e-11
   3.3863596e+04   2.9437786e-11
   3.3863421e+04   2.9375613e-11
   3.3863247e+04   2.9359626e-11
   3.3863073e+04   2.9324099e-11
   3.3862898e+04   2.9279690e-11
   3.3862724e+04   2.9219294e-11
   3.3862550e+04   2.9187319e-11
   3.3862375e+04   2.9139358e-11
   3.3862201e+04   2.9118041e-11
   3.3862027e+04   2.9086067e-11
   3.3861852e+04   2.9041658e-11
   3.3861678e+04   2.8991920e-11
   3.3861504e+04   2.8991920e-11
   3.3861329e+04   2.8949287e-11
   3.3861155e+04   2.8885339e-11
   3.3860981e+04   2.8860470e-11
   3.3860807e+04   2.8819613e-11
   3.3860632e+04   2.8784086e-11
   3.3860458e+04   2.8736125e-11
   3.3860284e+04   2.8711256e-11
   3.3860109e+04   2.8677505e-11
   3.3859935e+04   2.8622438e-11
   3.3859761e+04   2.8618885e-11
   3.3859586e+04   2.8578029e-11
   3.3859412e+04   2.8519409e-11
   3.3859238e+04   2.8503422e-11
   3.3859063e+04   2.8466118e-11
   3.3858889e+04   2.8443026e-11
   3.3858715e+04   2.8432368e-11
   3.3858540e+04   2.8364866e-11
   3.3858366e+04   2.8313352e-11
   3.3858192e+04   2.8322233e-11
   3.3858017e+04   2.8245850e-11
   3.3857843e+04   2.8228087e-11
   3.3857669e+04   2.8201441e-11
   3.3857495e+04   2.8160585e-11
   3.3857320e+04   2.8116176e-11
   3.3857146e+04   2.8093083e-11
   3.3856972e+04   2.8080649e-11
   3.3856797e+04   2.8039793e-11
   3.3856623e+04   2.8004266e-11
   3.3856449e+04   2.7949199e-11
   3.3856274e+04   2.7959857e-11
   3.3856100e+04   2.7908342e-11
   3.3855926e+04   2.7867486e-11
   3.3855751e+04   2.7856828e-11
   3.3855577e+04   2.7814195e-11
   3.3855403e+04   2.7775116e-11
   3.3855228e+04   2.7732483e-11
   3.3855054e+04   2.7707614e-11
   3.3854880e+04   2.7686298e-11
   3.3854705e+04   2.7682745e-11
   3.3854531e+04   2.7629454e-11
   3.3854357e+04   2.7611691e-11
   3.3854183e+04   2.7576164e-11
   3.3854008e+04   2.7533531e-11
   3.3853834e+04   2.7522873e-11
   3.3853660e+04   2.7508662e-11
   3.3853485e+04   2.7466029e-11
   3.3853311e+04   2.7419844e-11
   3.3853137e+04   2.7434055e-11
   3.3852962e+04   2.7409186e-11
   3.3852788e+04   2.7352343e-11
   3.3852614e+04   2.7339908e-11
   3.3852439e+04   2.7316815e-11
   3.3852265e+04   2.7277736e-11
   3.3852091e+04   2.7267077e-11
   3.3851916e+04   2.7238656e-11
   3.3851742e+04   2.7210234e-11
   3.3851568e+04   2.7180036e-11
   3.3851393e+04   2.7176483e-11
   3.3851219e+04   2.7123193e-11
   3.3851045e+04   2.7082336e-11
   3.3850870e+04   2.7068126e-11
   3.3850696e+04   2.7064573e-11
   3.3850522e+04   2.7027269e-11
   3.3850348e+04   2.7004177e-11
   3.3850173e+04   2.6972202e-11
   3.3849999e+04   2.6942004e-11
   3.3849825e+04   2.6933122e-11
   3.3849650e+04   2.6913582e-11
   3.3849476e+04   2.6897595e-11
   3.3849302e+04   2.6853186e-11
   3.3849127e+04   2.6833646e-11
   3.3848953e+04   2.6819436e-11
   3.3848779e+04   2.6791014e-11
   3.3848604e+04   2.6776803e-11
   3.3848430e+04   2.6766145e-11
   3.3848256e+04   2.6707525e-11
   3.3848081e+04   2.6702196e-11
   3.3847907e+04   2.6682656e-11
   3.3847733e+04   2.6661340e-11
   3.3847558e+04   2.6670222e-11
   3.3847384e+04   2.6616931e-11
   3.3847210e+04   2.6599167e-11
   3.3847036e+04   2.6609825e-11
   3.3846861e+04   2.6538771e-11
   3.3846687e+04   2.6544100e-11
   3.3846513e+04   2.6531666e-11
   3.3846338e+04   2.6503244e-11
   3.3846164e+04   2.6499691e-11
   3.3845990e+04   2.6464164e-11
   3.3845815e+04   2.6464164e-11
   3.3845641e+04   2.6449953e-11
   3.3845467e+04   2.6400215e-11
   3.3845292e+04   2.6382452e-11
   3.3845118e+04   2.6407321e-11
   3.3844944e+04   2.6357583e-11
   3.3844769e+04   2.6329161e-11
   3.3844595e+04   2.6314950e-11
   3.3844421e+04   2.6300739e-11
   3.3844246e+04   2.6272318e-11
   3.3844072e+04   2.6265212e-11
   3.3843898e+04   2.6247449e-11
   3.3843724e+04   2.6251001e-11
   3.3843549e+04   2.6233238e-11
   3.3843375e+04   2.6197711e-11
   3.3843201e+04   2.6215474e-11
   3.3843026e+04   2.6155078e-11
   3.3842852e+04   2.6147973e-11
   3.3842678e+04   2.6133762e-11
   3.3842503e+04   2.6130209e-11
   3.3842329e+04   2.6098235e-11
   3.3842155e+04   2.6073366e-11
   3.3841980e+04   2.6115998e-11
   3.3841806e+04   2.6066260e-11
   3.3841632e+04   2.6041391e-11
   3.3841457e+04   2.6016522e-11
   3.3841283e+04   2.6009417e-11
   3.3841109e+04   2.5984548e-11
   3.3840934e+04   2.5995206e-11
   3.3840760e+04   2.5980995e-11
   3.3840586e+04   2.5984548e-11
   3.3840412e+04   2.5949021e-11
   3.3840237e+04   2.5938363e-11
   3.3840063e+04   2.5924152e-11
   3.3839889e+04   2.5899283e-11
   3.3839714e+04   2.5888625e-11
   3.3839540e+04   2.5856650e-11
   3.3839366e+04   2.5849545e-11
   3.3839191e+04   2.5856650e-11
   3.3839017e+04   2.5849545e-11
   3.3838843e+04   2.5821123e-11
   3.3838668e+04   2.5828228e-11
   3.3838494e+04   2.5814018e-11
   3.3838320e+04   2.5799807e-11
   3.3838145e+04   2.5792701e-11
   3.3837971e+04   2.5792701e-11
   3.3837797e+04   2.5792701e-11
   3.3837622e+04   2.5735858e-11
   3.3837448e+04   2.5750069e-11
   3.3837274e+04   2.5728752e-11
   3.3837100e+04   2.5707436e-11
   3.3836925e+04   2.5671909e-11
   3.3836751e+04   2.5714542e-11
   3.3836577e+04   2.5686120e-11
   3.3836402e+04   2.5679014e-11
   3.3836228e+04   2.5664804e-11
   3.3836054e+04   2.5650593e-11
   3.3835879e+04   2.5679014e-11
   3.3835705e+04   2.5629276e-11
   3.3835531e+04   2.5615066e-11
   3.3835356e+04   2.5629276e-11
   3.3835182e+04   2.5607960e-11
   3.3835008e+04   2.5643487e-11
   3.3834833e+04   2.5593749e-11
   3.3834659e+04   2.5572433e-11
   3.3834485e+04   2.5579538e-11
   3.3834310e+04   2.5565328e-11
   3.3834136e+04   2.5551117e-11
   3.3833962e+04   2.5579538e-11
   3.3833788e+04   2.5544011e-11
   3.3833613e+04   2.5522695e-11
   3.3833439e+04   2.5501379e-11
   3.3833265e+04   2.5522695e-11
   3.3833090e+04   2.5501379e-11
   3.3832916e+04   2.5480063e-11
   3.3832742e+04   2.5487168e-11
   3.3832567e+04   2.5508484e-11
   3.3832393e+04   2.5487168e-11
   3.3832219e+04   2.5494273e-11
   3.3832044e+04   2.5451641e-11
   3.3831870e+04   2.5451641e-11
   3.3831696e+04   2.5451641e-11
   3.3831521e+04   2.5444535e-11
   3.3831347e+04   2.5416114e-11
   3.3831173e+04   2.5451641e-11
   3.3830998e+04   2.5430325e-11
   3.3830824e+04   2.5437430e-11
   3.3830650e+04   2.5423219e-11
   3.3830476e+04   2.5430325e-11
   3.3830301e+04   2.5423219e-11
   3.3830127e+04   2.5409008e-11
   3.3829953e+04   2.5387692e-11
   3.3829778e+04   2.5387692e-11
   3.3829604e+04   2.5380587e-11
   3.3829430e+04   2.5380587e-11
   3.3829255e+04   2.5359270e-11
   3.3829081e+04   2.5373481e-11
   3.3828907e+04   2.5373481e-11
   3.3828732e+04   2.5316638e-11
   3.3828558e+04   2.5373481e-11
   3.3828384e+04   2.5359270e-11
   3.3828209e+04   2.5345059e-11
   3.3828035e+04   2.5330849e-11
   3.3827861e+04   2.5337954e-11
   3.3827686e+04   2.5337954e-11
   3.3827512e+04   2.5337954e-11
   3.3827338e+04   2.5345059e-11
   3.3827164e+04   2.5337954e-11
   3.3826989e+04   2.5316638e-11
   3.3826815e+04   2.5323743e-11
   3.3826641e+04   2.5309532e-11
   3.3826466e+04   2.5309532e-11
   3.3826292e+04   2.5288216e-11
   3.3826118e+04   2.5309532e-11
   3.3825943e+04   2.5281111e-11
   3.3825769e+04   2.5266900e-11
   3.3825595e+04   2.5302427e-11
   3.3825420e+04   2.5302427e-11
   3.3825246e+04   2.5281111e-11
   3.3825072e+04   2.5266900e-11
   3.3824897e+04   2.5274005e-11
   3.3824723e+04   2.5295321e-11
   3.3824549e+04   2.5238478e-11
   3.3824374e+04   2.5274005e-11
   3.3824200e+04   2.5274005e-11
   3.3824026e+04   2.5302427e-11
   3.3823852e+04   2.5302427e-11
   3.3823677e+04   2.5274005e-11
   3.3823503e+04   2.5266900e-11
   3.3823329e+04   2.5288216e-11
   3.3823154e+04   2.5245583e-11
   3.3822980e+04   2.5252689e-11
   3.3822806e+04   2.5281111e-11
   3.3822631e+04   2.5309532e-11
   3.3822457e+04   2.5252689e-11
   3.3822283e+04   2.5245583e-11
   3.3822108e+04   2.5302427e-11
   3.3821934e+04   2.5270452e-11
   3.3821760e+04   2.5263347e-11
   3.3821585e+04   2.5277558e-11
   3.3821411e+04   2.5305980e-11
   3.3821237e+04   2.5302427e-11
   3.3821062e+04   2.5291769e-11
   3.3820888e+04   2.5302427e-11
   3.3820714e+04   2.5288216e-11
   3.3820540e+04   2.5298874e-11
   3.3820365e+04   2.5288216e-11
   3.3820191e+04   2.5291769e-11
   3.3820017e+04   2.5281111e-11
   3.3819842e+04   2.5295321e-11
   3.3819668e+04   2.5302427e-11
   3.3819494e+04   2.5274005e-11
   3.3819319e+04   2.5295321e-11
   3.3819145e+04   2.5316638e-11
   3.3818971e+04   2.5309532e-11
   3.3818796e+04   2.5281111e-11
   3.3818622e+04   2.5302427e-11
   3.3818448e+04   2.5323743e-11
   3.3818273e+04   2.5330849e-11
   3.3818099e+04   2.5288216e-11
   3.3817925e+04   2.5330849e-11
   3.3817750e+04   2.5323743e-11
   3.3817576e+04   2.5295321e-11
   3.3817402e+04   2.5330849e-11
   3.3817228e+04   2.5281111e-11
   3.3817053e+04   2.5330849e-11
   3.3816879e+04   2.5309532e-11
   3.3816705e+04   2.5302427e-11
   3.3816530e+04   2.5345059e-11
   3.3816356e+04   2.5316638e-11
   3.3816182e+04   2.5334401e-11
   3.3816007e+04   2.5316638e-11
   3.3815833e+04   2.5337954e-11
   3.3815659e+04   2.5362823e-11
   3.3815484e+04   2.5380587e-11
   3.3815310e+04   2.5348612e-11
   3.3815136e+04   2.5348612e-11
   3.3814961e+04   2.5380587e-11
   3.3814787e+04   2.5348612e-11
   3.3814613e+04   2.5366376e-11
   3.3814438e+04   2.5377034e-11
   3.3814264e+04   2.5405456e-11
   3.3814090e+04   2.5398350e-11
   3.3813916e+04   2.5384139e-11
   3.3813741e+04   2.5401903e-11
   3.3813567e+04   2.5412561e-11
   3.3813393e+04   2.5380587e-11
   3.3813218e+04   2.5398350e-11
   3.3813044e+04   2.5409008e-11
   3.3812870e+04   2.5444535e-11
   3.3812695e+04   2.5462299e-11
   3.3812521e+04   2.5433877e-11
   3.3812347e+04   2.5451641e-11
   3.3812172e+04   2.5476510e-11
   3.3811998e+04   2.5472957e-11
   3.3811824e+04   2.5462299e-11
   3.3811649e+04   2.5465852e-11
   3.3811475e+04   2.5504932e-11
   3.3811301e+04   2.5501379e-11
   3.3811126e+04   2.5504932e-11
   3.3810952e+04   2.5522695e-11
   3.3810778e+04   2.5529800e-11
   3.3810604e+04   2.5529800e-11
   3.3810429e+04   2.5533353e-11
   3.3810255e+04   2.5536906e-11
   3.3810081e+04   2.5575986e-11
   3.3809906e+04   2.5565328e-11
   3.3809732e+04   2.5593749e-11
   3.3809558e+04   2.5568880e-11
   3.3809383e+04   2.5579538e-11
   3.3809209e+04   2.5583091e-11
   3.3809035e+04   2.5597302e-11
   3.3808860e+04   2.5607960e-11
   3.3808686e+04   2.5604407e-11
   3.3808512e+04   2.5636382e-11
   3.3808337e+04   2.5613289e-11
   3.3808163e+04   2.5647040e-11
   3.3807989e+04   2.5657698e-11
   3.3807814e+04   2.5670133e-11
   3.3807640e+04   2.5659475e-11
   3.3807466e+04   2.5659475e-11
   3.3807291e+04   2.5700331e-11
   3.3807117e+04   2.5702107e-11
   3.3806943e+04   2.5712765e-11
   3.3806769e+04   2.5739411e-11
   3.3806594e+04   2.5741187e-11
   3.3806420e+04   2.5741187e-11
   3.3806246e+04   2.5757174e-11
   3.3806071e+04   2.5778490e-11
   3.3805897e+04   2.5798030e-11
   3.3805723e+04   2.5787372e-11
   3.3805548e+04   2.5780267e-11
   3.3805374e+04   2.5828228e-11
   3.3805200e+04   2.5824676e-11
   3.3805025e+04   2.5851321e-11
   3.3804851e+04   2.5831781e-11
   3.3804677e+04   2.5854874e-11
   3.3804502e+04   2.5899283e-11
   3.3804328e+04   2.5909941e-11
   3.3804154e+04   2.5899283e-11
   3.3803979e+04   2.5906388e-11
   3.3803805e+04   2.5952573e-11
   3.3803631e+04   2.5918823e-11
   3.3803457e+04   2.5947244e-11
   3.3803282e+04   2.5979219e-11
   3.3803108e+04   2.5989877e-11
   3.3802934e+04   2.6012970e-11
   3.3802759e+04   2.6002311e-11
   3.3802585e+04   2.6027180e-11
   3.3802411e+04   2.6062708e-11
   3.3802236e+04   2.6041391e-11
   3.3802062e+04   2.6057378e-11
   3.3801888e+04   2.6087577e-11
   3.3801713e+04   2.6142644e-11
   3.3801539e+04   2.6133762e-11
   3.3801365e+04   2.6135538e-11
   3.3801190e+04   2.6167513e-11
   3.3801016e+04   2.6201263e-11
   3.3800842e+04   2.6197711e-11
   3.3800667e+04   2.6219027e-11
   3.3800493e+04   2.6231461e-11
   3.3800319e+04   2.6254554e-11
   3.3800145e+04   2.6265212e-11
   3.3799970e+04   2.6263436e-11
   3.3799796e+04   2.6306068e-11
   3.3799622e+04   2.6306068e-11
   3.3799447e+04   2.6343372e-11
   3.3799273e+04   2.6343372e-11
   3.3799099e+04   2.6386004e-11
   3.3798924e+04   2.6403768e-11
   3.3798750e+04   2.6407321e-11
   3.3798576e+04   2.6441072e-11
   3.3798401e+04   2.6449953e-11
   3.3798227e+04   2.6469493e-11
   3.3798053e+04   2.6474822e-11
   3.3797878e+04   2.6515679e-11
   3.3797704e+04   2.6524560e-11
   3.3797530e+04   2.6540548e-11
   3.3797355e+04   2.6583180e-11
   3.3797181e+04   2.6563640e-11
   3.3797007e+04   2.6604496e-11
   3.3796833e+04   2.6634694e-11
   3.3796658e+04   2.6647129e-11
   3.3796484e+04   2.6668445e-11
   3.3796310e+04   2.6689762e-11
   3.3796135e+04   2.6719960e-11
   3.3795961e+04   2.6741276e-11
   3.3795787e+04   2.6737723e-11
   3.3795612e+04   2.6767921e-11
   3.3795438e+04   2.6796343e-11
   3.3795264e+04   2.6808777e-11
   3.3795089e+04   2.6824765e-11
   3.3794915e+04   2.6865621e-11
   3.3794741e+04   2.6855851e-11
   3.3794566e+04   2.6897595e-11
   3.3794392e+04   2.6895819e-11
   3.3794218e+04   2.6921576e-11
   3.3794043e+04   2.6945557e-11
   3.3793869e+04   2.6968205e-11
   3.3793695e+04   2.6994407e-11
   3.3793521e+04   2.7008618e-11
   3.3793346e+04   2.7069014e-11
   3.3793172e+04   2.7060798e-11
   3.3792998e+04   2.7089220e-11
   3.3792823e+04   2.7100100e-11
   3.3792649e+04   2.7138292e-11
   3.3792475e+04   2.7149616e-11
   3.3792300e+04   2.7172709e-11
   3.3792126e+04   2.7207347e-11
   3.3791952e+04   2.7246427e-11
   3.3791777e+04   2.7271296e-11
   3.3791603e+04   2.7273961e-11
   3.3791429e+04   2.7324143e-11
   3.3791254e+04   2.7347236e-11
   3.3791080e+04   2.7349678e-11
   3.3790906e+04   2.7392089e-11
   3.3790731e+04   2.7436275e-11
   3.3790557e+04   2.7477132e-11
   3.3790383e+04   2.7482239e-11
   3.3790209e+04   2.7509550e-11
   3.3790034e+04   2.7548408e-11
   3.3789860e+04   2.7600033e-11
   3.3789686e+04   2.7618574e-11
   3.3789511e+04   2.7625791e-11
   3.3789337e+04   2.7664315e-11
   3.3789163e+04   2.7686298e-11
   3.3788988e+04   2.7732483e-11
   3.3788814e+04   2.7746694e-11
   3.3788640e+04   2.7763569e-11
   3.3788465e+04   2.7814195e-11
   3.3788291e+04   2.7838176e-11
   3.3788117e+04   2.7846170e-11
   3.3787942e+04   2.7883473e-11
   3.3787768e+04   2.7930547e-11
   3.3787594e+04   2.7945646e-11
   3.3787419e+04   2.7988278e-11
   3.3787245e+04   2.8009595e-11
   3.3787071e+04   2.8039793e-11
   3.3786897e+04   2.8078873e-11
   3.3786722e+04   2.8117952e-11
   3.3786548e+04   2.8154368e-11
   3.3786374e+04   2.8183678e-11
   3.3786199e+04   2.8215652e-11
   3.3786025e+04   2.8231639e-11
   3.3785851e+04   2.8270719e-11
   3.3785676e+04   2.8307134e-11
   3.3785502e+04   2.8336444e-11
   3.3785328e+04   2.8363090e-11
   3.3785153e+04   2.8406610e-11
   3.3784979e+04   2.8459901e-11
   3.3784805e+04   2.8467895e-11
   3.3784630e+04   2.8518521e-11
   3.3784456e+04   2.8540725e-11
   3.3784282e+04   2.8579805e-11
   3.3784107e+04   2.8617997e-11
   3.3783933e+04   2.8645530e-11
   3.3783759e+04   2.8694380e-11
   3.3783585e+04   2.8716585e-11
   3.3783410e+04   2.8753000e-11
   3.3783236e+04   2.8763658e-11
   3.3783062e+04   2.8823166e-11
   3.3782887e+04   2.8856029e-11
   3.3782713e+04   2.8891556e-11
   3.3782539e+04   2.8927971e-11
   3.3782364e+04   2.8958169e-11
   3.3782190e+04   2.9005243e-11
   3.3782016e+04   2.9016789e-11
   3.3781841e+04   2.9057645e-11
   3.3781667e+04   2.9092284e-11
   3.3781493e+04   2.9149128e-11
   3.3781318e+04   2.9172220e-11
   3.3781144e+04   2.9189984e-11
   3.3780970e+04   2.9251268e-11
   3.3780795e+04   2.9288572e-11
   3.3780621e+04   2.9319658e-11
   3.3780447e+04   2.9353409e-11
   3.3780273e+04   2.9411140e-11
   3.3780098e+04   2.9453773e-11
   3.3779924e+04   2.9475089e-11
   3.3779750e+04   2.9507063e-11
   3.3779575e+04   2.9569236e-11
   3.3779401e+04   2.9617198e-11
   3.3779227e+04   2.9645619e-11
   3.3779052e+04   2.9693581e-11
   3.3778878e+04   2.9736213e-11
   3.3778704e+04   2.9782399e-11
   3.3778529e+04   2.9841019e-11
   3.3778355e+04   2.9844571e-11
   3.3778181e+04   2.9924507e-11
   3.3778006e+04   2.9945824e-11
   3.3777832e+04   3.0009772e-11
   3.3777658e+04   3.0041747e-11
   3.3777483e+04   3.0077274e-11
   3.3777309e+04   3.0127012e-11
   3.3777135e+04   3.0176750e-11
   3.3776961e+04   3.0212277e-11
   3.3776786e+04   3.0265568e-11
   3.3776612e+04   3.0311753e-11
   3.3776438e+04   3.0318859e-11
   3.3776263e+04   3.0404124e-11
   3.3776089e+04   3.0453862e-11
   3.3775915e+04   3.0478731e-11
   3.3775740e+04   3.0524916e-11
   3.3775566e+04   3.0581759e-11
   3.3775392e+04   3.0631497e-11
   3.3775217e+04   3.0642155e-11
   3.3775043e+04   3.0706104e-11
   3.3774869e+04   3.0745184e-11
   3.3774694e+04   3.0798475e-11
   3.3774520e+04   3.0865976e-11
   3.3774346e+04   3.0883740e-11
   3.3774171e+04   3.0947689e-11
   3.3773997e+04   3.0993874e-11
   3.3773823e+04   3.1064928e-11
   3.3773649e+04   3.1093350e-11
   3.3773474e+04   3.1157299e-11
   3.3773300e+04   3.1199932e-11
   3.3773126e+04   3.1262104e-11
   3.3772951e+04   3.1306513e-11
   3.3772777e+04   3.1349146e-11
   3.3772603e+04   3.1405989e-11
   3.3772428e+04   3.1453951e-11
   3.3772254e+04   3.1516123e-11
   3.3772080e+04   3.1546321e-11
   3.3771905e+04   3.1619152e-11
   3.3771731e+04   3.1642244e-11
   3.3771557e+04   3.1683989e-11
   3.3771382e+04   3.1771918e-11
   3.3771208e+04   3.1820768e-11
   3.3771034e+04   3.1870506e-11
   3.3770859e+04   3.1903369e-11
   3.3770685e+04   3.1985303e-11
   3.3770511e+04   3.2020608e-11
   3.3770337e+04   3.2067682e-11
   3.3770162e+04   3.2138070e-11
   3.3769988e+04   3.2182479e-11
   3.3769814e+04   3.2257974e-11
   3.3769639e+04   3.2293501e-11
   3.3769465e+04   3.2361003e-11
   3.3769291e+04   3.2400971e-11
   3.3769116e+04   3.2482239e-11
   3.3768942e+04   3.2533753e-11
   3.3768768e+04   3.2581049e-11
   3.3768593e+04   3.2645220e-11
   3.3768419e+04   3.2714720e-11
   3.3768245e+04   3.2769787e-11
   3.3768070e+04   3.2825076e-11
   3.3767896e+04   3.2886582e-11
   3.3767722e+04   3.2943648e-11
   3.3767547e+04   3.3012815e-11
   3.3767373e+04   3.3047565e-11
   3.3767199e+04   3.3114955e-11
   3.3767025e+04   3.3211434e-11
   3.3766850e+04   3.3232084e-11
   3.3766676e+04   3.3324454e-11
   3.3766502e+04   3.3388403e-11
   3.3766327e+04   3.3438141e-11
   3.3766153e+04   3.3494985e-11
   3.3765979e+04   3.3580250e-11
   3.3765804e+04   3.3637093e-11
   3.3765630e+04   3.3701042e-11
   3.3765456e+04   3.3757885e-11
   3.3765281e+04   3.3793413e-11
   3.3765107e+04   3.3892888e-11
   3.3764933e+04   3.3963943e-11
   3.3764758e+04   3.4006575e-11
   3.3764584e+04   3.4070524e-11
   3.3764410e+04   3.4141578e-11
   3.3764235e+04   3.4226844e-11
   3.3764061e+04   3.4262371e-11
   3.3763887e+04   3.4319214e-11
   3.3763712e+04   3.4404479e-11
   3.3763538e+04   3.4468428e-11
   3.3763364e+04   3.4560799e-11
   3.3763190e+04   3.4599879e-11
   3.3763015e+04   3.4681591e-11
   3.3762841e+04   3.4759751e-11
   3.3762667e+04   3.4816594e-11
   3.3762492e+04   3.4891201e-11
   3.3762318e+04   3.4976466e-11
   3.3762144e+04   3.5047520e-11
   3.3761969e+04   3.5093706e-11
   3.3761795e+04   3.5182524e-11
   3.3761621e+04   3.5250025e-11
   3.3761446e+04   3.5328185e-11
   3.3761272e+04   3.5385028e-11
   3.3761098e+04   3.5459635e-11
   3.3760923e+04   3.5552006e-11
   3.3760749e+04   3.5605296e-11
   3.3760575e+04   3.5669245e-11
   3.3760400e+04   3.5740300e-11
   3.3760226e+04   3.5843328e-11
   3.3760052e+04   3.5917935e-11
   3.3759878e+04   3.5981884e-11
   3.3759703e+04   3.6049386e-11
   3.3759529e+04   3.6138204e-11
   3.3759355e+04   3.6202152e-11
   3.3759180e+04   3.6290970e-11
   3.3759006e+04   3.6351366e-11
   3.3758832e+04   3.6411762e-11
   3.3758657e+04   3.6546766e-11
   3.3758483e+04   3.6607162e-11
   3.3758309e+04   3.6688874e-11
   3.3758134e+04   3.6774139e-11
   3.3757960e+04   3.6870063e-11
   3.3757786e+04   3.6941117e-11
   3.3757611e+04   3.7012171e-11
   3.3757437e+04   3.7100989e-11
   3.3757263e+04   3.7196912e-11
   3.3757088e+04   3.7282177e-11
   3.3756914e+04   3.7370995e-11
   3.3756740e+04   3.7442049e-11
   3.3756566e+04   3.7537973e-11
   3.3756391e+04   3.7609027e-11
   3.3756217e+04   3.7683634e-11
   3.3756043e+04   3.7783110e-11
   3.3755868e+04   3.7879033e-11
   3.3755694e+04   3.7942982e-11
   3.3755520e+04   3.8056669e-11
   3.3755345e+04   3.8141934e-11
   3.3755171e+04   3.8227199e-11
   3.3754997e+04   3.8333781e-11
   3.3754822e+04   3.8426151e-11
   3.3754648e+04   3.8518522e-11
   3.3754474e+04   3.8610892e-11
   3.3754299e+04   3.8667736e-11
   3.3754125e+04   3.8774317e-11
   3.3753951e+04   3.8916426e-11
   3.3753776e+04   3.8980374e-11
   3.3753602e+04   3.9051429e-11
   3.3753428e+04   3.9150905e-11
   3.3753254e+04   3.9250381e-11
   3.3753079e+04   3.9392489e-11
   3.3752905e+04   3.9449333e-11
   3.3752731e+04   3.9506176e-11
   3.3752556e+04   3.9634074e-11
   3.3752382e+04   3.9733550e-11
   3.3752208e+04   3.9847237e-11
   3.3752033e+04   3.9904080e-11
   3.3751859e+04   4.0017767e-11
   3.3751685e+04   4.0103032e-11
   3.3751510e+04   4.0216719e-11
   3.3751336e+04   4.0301984e-11
   3.3751162e+04   4.0415671e-11
   3.3750987e+04   4.0543569e-11
   3.3750813e+04   4.0628834e-11
   3.3750639e+04   4.0728310e-11
   3.3750464e+04   4.0841996e-11
   3.3750290e+04   4.0941472e-11
   3.3750116e+04   4.1040948e-11
   3.3749942e+04   4.1154635e-11
   3.3749767e+04   4.1268322e-11
   3.3749593e+04   4.1339376e-11
   3.3749419e+04   4.1481485e-11
   3.3749244e+04   4.1545434e-11
   3.3749070e+04   4.1701753e-11
   3.3748896e+04   4.1794124e-11
   3.3748721e+04   4.1914916e-11
   3.3748547e+04   4.2007287e-11
   3.3748373e+04   4.2135184e-11
   3.3748198e+04   4.2241766e-11
   3.3748024e+04   4.2348347e-11
   3.3747850e+04   4.2447823e-11
   3.3747675e+04   4.2554404e-11
   3.3747501e+04   4.2710724e-11
   3.3747327e+04   4.2788884e-11
   3.3747152e+04   4.2916781e-11
   3.3746978e+04   4.3044679e-11
   3.3746804e+04   4.3144155e-11
   3.3746630e+04   4.3257842e-11
   3.3746455e+04   4.3399950e-11
   3.3746281e+04   4.3492321e-11
   3.3746107e+04   4.3613113e-11
   3.3745932e+04   4.3726800e-11
   3.3745758e+04   4.3861803e-11
   3.3745584e+04   4.3996806e-11
   3.3745409e+04   4.4096282e-11
   3.3745235e+04   4.4245496e-11
   3.3745061e+04   4.4352078e-11
   3.3744886e+04   4.4465764e-11
   3.3744712e+04   4.4607873e-11
   3.3744538e+04   4.4721560e-11
   3.3744363e+04   4.4821036e-11
   3.3744189e+04   4.5005777e-11
   3.3744015e+04   4.5105253e-11
   3.3743840e+04   4.5233151e-11
   3.3743666e+04   4.5389470e-11
   3.3743492e+04   4.5531579e-11
   3.3743318e+04   4.5631054e-11
   3.3743143e+04   4.5758952e-11
   3.3742969e+04   4.5901061e-11
   3.3742795e+04   4.6057380e-11
   3.3742620e+04   4.6213700e-11
   3.3742446e+04   4.6298965e-11
   3.3742272e+04   4.6426862e-11
   3.3742097e+04   4.6597393e-11
   3.3741923e+04   4.6753712e-11
   3.3741749e+04   4.6881610e-11
   3.3741574e+04   4.7009507e-11
   3.3741400e+04   4.7165827e-11
   3.3741226e+04   4.7279514e-11
   3.3741051e+04   4.7407411e-11
   3.3740877e+04   4.7521098e-11
   3.3740703e+04   4.7691628e-11
   3.3740528e+04   4.7847948e-11
   3.3740354e+04   4.7990056e-11
   3.3740180e+04   4.8146376e-11
   3.3740006e+04   4.8331117e-11
   3.3739831e+04   4.8416382e-11
   3.3739657e+04   4.8601123e-11
   3.3739483e+04   4.8729021e-11
   3.3739308e+04   4.8913762e-11
   3.3739134e+04   4.9070081e-11
   3.3738960e+04   4.9226401e-11
   3.3738785e+04   4.9354298e-11
   3.3738611e+04   4.9539040e-11
   3.3738437e+04   4.9681148e-11
   3.3738262e+04   4.9837467e-11
   3.3738088e+04   5.0007998e-11
   3.3737914e+04   5.0150106e-11
   3.3737739e+04   5.0320637e-11
   3.3737565e+04   5.0476956e-11
   3.3737391e+04   5.0647486e-11
   3.3737216e+04   5.0818016e-11
   3.3737042e+04   5.0960125e-11
   3.3736868e+04   5.1130655e-11
   3.3736694e+04   5.1272764e-11
   3.3736519e+04   5.1443294e-11
   3.3736345e+04   5.1699089e-11
   3.3736171e+04   5.1812776e-11
   3.3735996e+04   5.1983307e-11
   3.3735822e+04   5.2153837e-11
   3.3735648e+04   5.2324367e-11
   3.3735473e+04   5.2480686e-11
   3.3735299e+04   5.2679638e-11
   3.3735125e+04   5.2864380e-11
   3.3734950e+04   5.3020699e-11
   3.3734776e+04   5.3205440e-11
   3.3734602e+04   5.3404392e-11
   3.3734427e+04   5.3574922e-11
   3.3734253e+04   5.3745453e-11
   3.3734079e+04   5.3944404e-11
   3.3733904e+04   5.4114935e-11
   3.3733730e+04   5.4313887e-11
   3.3733556e+04   5.4484417e-11
   3.3733382e+04   5.4676264e-11
   3.3733207e+04   5.4903637e-11
   3.3733033e+04   5.5088378e-11
   3.3732859e+04   5.5258909e-11
   3.3732684e+04   5.5457861e-11
   3.3732510e+04   5.5663918e-11
   3.3732336e+04   5.5848659e-11
   3.3732161e+04   5.6047611e-11
   3.3731987e+04   5.6260774e-11
   3.3731813e+04   5.6459726e-11
   3.3731638e+04   5.6651572e-11
   3.3731464e+04   5.6857630e-11
   3.3731290e+04   5.7035265e-11
   3.3731115e+04   5.7255534e-11
   3.3730941e+04   5.7482907e-11
   3.3730767e+04   5.7688965e-11
   3.3730592e+04   5.7880811e-11
   3.3730418e+04   5.8093974e-11
   3.3730244e+04   5.8349769e-11
   3.3730070e+04   5.8520300e-11
   3.3729895e+04   5.8761884e-11
   3.3729721e+04   5.8939520e-11
   3.3729547e+04   5.9181104e-11
   3.3729372e+04   5.9394267e-11
   3.3729198e+04   5.9657168e-11
   3.3729024e+04   5.9841909e-11
   3.3728849e+04   6.0083494e-11
   3.3728675e+04   6.0289551e-11
   3.3728501e+04   6.0538241e-11
   3.3728326e+04   6.0751404e-11
   3.3728152e+04   6.1014305e-11
   3.3727978e+04   6.1234573e-11
   3.3727803e+04   6.1476157e-11
   3.3727629e+04   6.1731953e-11
   3.3727455e+04   6.1959327e-11
   3.3727280e+04   6.2186700e-11
   3.3727106e+04   6.2442496e-11
   3.3726932e+04   6.2655658e-11
   3.3726758e+04   6.2954086e-11
   3.3726583e+04   6.3138827e-11
   3.3726409e+04   6.3465677e-11
   3.3726235e+04   6.3650418e-11
   3.3726060e+04   6.3977268e-11
   3.3725886e+04   6.4147798e-11
   3.3725712e+04   6.4559913e-11
   3.3725537e+04   6.4645178e-11
   3.3725363e+04   6.5099925e-11
   3.3725189e+04   6.5156769e-11
   3.3725014e+04   6.5696781e-11
   3.3724840e+04   6.5639938e-11
   3.3724666e+04   6.6336270e-11
   3.3724491e+04   6.6108896e-11
   3.3724317e+04   6.6989969e-11
   3.3724143e+04   6.6634698e-11
   3.3723968e+04   6.7544192e-11
   3.3723794e+04   6.7430506e-11
   3.3723620e+04   6.7558403e-11
   3.3723446e+04   6.9434236e-11
   3.3723271e+04   6.5000449e-11
   3.3723097e+04   7.6965989e-11
   3.3722923e+04   5.0917492e-11
   3.3722748e+04   1.0936674e-10
   3.3722574e+04   1.7351454e-11
   3.3722400e+04   2.6302871e-10
   3.3722225e+04   3.6033043e-10
   3.3722051e+04   1.0315020e-09
   3.3721877e+04   1.9102728e-09
   3.3721702e+04   2.2470630e-09
   3.3721528e+04   2.3374000e-08
   3.3721354e+04   5.3797710e-07
   3.3721179e+04   1.1954418e-04
   3.3721005e+04   1.3227059e-03
   3.3720831e+04   6.7763621e-03
   3.3720656e+04   2.2122022e-02
   3.3720482e+04   5.3369270e-02
   3.3720308e+04   1.0561354e-01
   3.3720133e+04   1.8679659e-01
   3.3719959e+04   3.1231367e-01
   3.3719785e+04   4.9916391e-01
   3.3719611e+04   7.5312073e-01
   3.3719436e+04   1.0738699e+00
   3.3719262e+04   1.4792069e+00
   3.3719088e+04   2.0044089e+00
   3.3718913e+04   2.6616679e+00
   3.3718739e+04   3.4202310e+00
   3.3718565e+04   4.2494067e+00
   3.3718390e+04   5.1604067e+00
   3.3718216e+04   6.1815303e+00
   3.3718042e+04   7.3141282e+00
   3.3717867e+04   8.5210845e+00
   3.3717693e+04   9.7400538e+00
   3.3717519e+04   1.0933206e+01
   3.3717344e+04   1.2115831e+01
   3.3717170e+04   1.3276238e+01
   3.3716996e+04   1.4331658e+01
   3.3716821e+04   1.5243658e+01
   3.3716647e+04   1.6071902e+01
   3.3716473e+04   1.6859878e+01
   3.3716299e+04   1.7581263e+01
   3.3716124e+04   1.8202080e+01
   3.3715950e+04   1.8707012e+01
   3.3715776e+04   1.9084901e+01
   3.3715601e+04   1.9331412e+01
   3.3715427e+04   1.9470005e+01
   3.3715253e+04   1.9560087e+01
   3.3715078e+04   1.9644305e+01
   3.3714904e+04   1.9715001e+01
   3.3714730e+04   1.9777858e+01
   3.3714555e+04   1.9870506e+01
   3.3714381e+04   1.9988366e+01
   3.3714207e+04   2.0074673e+01
   3.3714032e+04   2.0090764e+01
   3.3713858e+04   2.0057629e+01
   3.3713684e+04   2.0029633e+01
   3.3713509e+04   2.0036893e+01
   3.3713335e+04   2.0075834e+01
   3.3713161e+04   2.0146465e+01
   3.3712987e+04   2.0237847e+01
   3.3712812e+04   2.0285457e+01
   3.3712638e+04   2.0234800e+01
   3.3712464e+04   2.0153166e+01
   3.3712289e+04   2.0165200e+01
   3.3712115e+04   2.0277340e+01
   3.3711941e+04   2.0400248e+01
   3.3711766e+04   2.0499932e+01
   3.3711592e+04   2.0578072e+01
   3.3711418e+04   2.0584764e+01
   3.3711243e+04   2.0483550e+01
   3.3711069e+04   2.0351243e+01
   3.3710895e+04   2.0338661e+01
   3.3710720e+04   2.0513385e+01
   3.3710546e+04   2.0756581e+01
   3.3710372e+04   2.0885812e+01
   3.3710197e+04   2.0862829e+01
   3.3710023e+04   2.0767451e+01
   3.3709849e+04   2.0647461e+01
   3.3709675e+04   2.0560065e+01
   3.3709500e+04   2.0610892e+01
   3.3709326e+04   2.0784674e+01
   3.3709152e+04   2.0928115e+01
   3.3708977e+04   2.0977221e+01
   3.3708803e+04   2.1009901e+01
   3.3708629e+04   2.1085542e+01
   3.3708454e+04   2.1159925e+01
   3.3708280e+04   2.1152736e+01
   3.3708106e+04   2.1080463e+01
   3.3707931e+04   2.1056412e+01
   3.3707757e+04   2.1115441e+01
   3.3707583e+04   2.1180009e+01
   3.3707408e+04   2.1228950e+01
   3.3707234e+04   2.1314103e+01
   3.3707060e+04   2.1413143e+01
   3.3706885e+04   2.1440248e+01
   3.3706711e+04   2.1380382e+01
   3.3706537e+04   2.1293351e+01
   3.3706363e+04   2.1228061e+01
   3.3706188e+04   2.1209287e+01
   3.3706014e+04   2.1264020e+01
   3.3705840e+04   2.1411839e+01
   3.3705665e+04   2.1646211e+01
   3.3705491e+04   2.1924800e+01
   3.3705317e+04   2.2157022e+01
   3.3705142e+04   2.2234170e+01
   3.3704968e+04   2.2122356e+01
   3.3704794e+04   2.1904884e+01
   3.3704619e+04   2.1705056e+01
   3.3704445e+04   2.1595468e+01
   3.3704271e+04   2.1583121e+01
   3.3704096e+04   2.1649259e+01
   3.3703922e+04   2.1778295e+01
   3.3703748e+04   2.1924943e+01
   3.3703573e+04   2.2009613e+01
   3.3703399e+04   2.2014668e+01
   3.3703225e+04   2.2006870e+01
   3.3703051e+04   2.2036184e+01
   3.3702876e+04   2.2129718e+01
   3.3702702e+04   2.2342501e+01
   3.3702528e+04   2.2659331e+01
   3.3702353e+04   2.2921881e+01
   3.3702179e+04   2.2994048e+01
   3.3702005e+04   2.2906774e+01
   3.3701830e+04   2.2752022e+01
   3.3701656e+04   2.2564455e+01
   3.3701482e+04   2.2379092e+01
   3.3701307e+04   2.2266831e+01
   3.3701133e+04   2.2234009e+01
   3.3700959e+04   2.2208596e+01
   3.3700784e+04   2.2178391e+01
   3.3700610e+04   2.2222151e+01
   3.3700436e+04   2.2402043e+01
   3.3700261e+04   2.2711551e+01
   3.3700087e+04   2.3072894e+01
   3.3699913e+04   2.3371328e+01
   3.3699739e+04   2.3558647e+01
   3.3699564e+04   2.3658224e+01
   3.3699390e+04   2.3671613e+01
   3.3699216e+04   2.3612522e+01
   3.3699041e+04   2.3544734e+01
   3.3698867e+04   2.3480110e+01
   3.3698693e+04   2.3388868e+01
   3.3698518e+04   2.3300619e+01
   3.3698344e+04   2.3241916e+01
   3.3698170e+04   2.3170652e+01
   3.3697995e+04   2.3037884e+01
   3.3697821e+04   2.2839536e+01
   3.3697647e+04   2.2672916e+01
   3.3697472e+04   2.2724955e+01
   3.3697298e+04   2.3062785e+01
   3.3697124e+04   2.3524075e+01
   3.3696949e+04   2.3915647e+01
   3.3696775e+04   2.4196688e+01
   3.3696601e+04   2.4428997e+01
   3.3696427e+04   2.4665499e+01
   3.3696252e+04   2.4907947e+01
   3.3696078e+04   2.5079750e+01
   3.3695904e+04   2.5047468e+01
   3.3695729e+04   2.4797346e+01
   3.3695555e+04   2.4508618e+01
   3.3695381e+04   2.4288655e+01
   3.3695206e+04   2.4062527e+01
   3.3695032e+04   2.3832231e+01
   3.3694858e+04   2.3687878e+01
   3.3694683e+04   2.3592634e+01
   3.3694509e+04   2.3490514e+01
   3.3694335e+04   2.3454202e+01
   3.3694160e+04   2.3550615e+01
   3.3693986e+04   2.3802805e+01
   3.3693812e+04   2.4258866e+01
   3.3693637e+04   2.4847660e+01
   3.3693463e+04   2.5348609e+01
   3.3693289e+04   2.5681653e+01
   3.3693115e+04   2.5966058e+01
   3.3692940e+04   2.6250520e+01
   3.3692766e+04   2.6437672e+01
   3.3692592e+04   2.6435583e+01
   3.3692417e+04   2.6240502e+01
   3.3692243e+04   2.5941776e+01
   3.3692069e+04   2.5681392e+01
   3.3691894e+04   2.5533299e+01
   3.3691720e+04   2.5455272e+01
   3.3691546e+04   2.5409969e+01
   3.3691371e+04   2.5431633e+01
   3.3691197e+04   2.5563300e+01
   3.3691023e+04   2.5872801e+01
   3.3690848e+04   2.6484586e+01
   3.3690674e+04   2.7454759e+01
   3.3690500e+04   2.8692330e+01
   3.3690325e+04   3.0091554e+01
   3.3690151e+04   3.1644952e+01
   3.3689977e+04   3.3356261e+01
   3.3689803e+04   3.5142533e+01
   3.3689628e+04   3.6920872e+01
   3.3689454e+04   3.8701891e+01
   3.3689280e+04   4.0507888e+01
   3.3689105e+04   4.2297265e+01
   3.3688931e+04   4.4013995e+01
   3.3688757e+04   4.5624358e+01
   3.3688582e+04   4.7085129e+01
   3.3688408e+04   4.8304701e+01
   3.3688234e+04   4.9192995e+01
   3.3688059e+04   4.9807673e+01
   3.3687885e+04   5.0348941e+01
   3.3687711e+04   5.0921041e+01
   3.3687536e+04   5.1451945e+01
   3.3687362e+04   5.1917112e+01
   3.3687188e+04   5.2422681e+01
   3.3687013e+04   5.2989778e+01
   3.3686839e+04   5.3456064e+01
   3.3686665e+04   5.3679028e+01
   3.3686491e+04   5.3742005e+01
   3.3686316e+04   5.3872779e+01
   3.3686142e+04   5.4190131e+01
   3.3685968e+04   5.4648718e+01
   3.3685793e+04   5.5180020e+01
   3.3685619e+04   5.5713178e+01
   3.3685445e+04   5.6137377e+01
   3.3685270e+04   5.6409081e+01
   3.3685096e+04   5.6612664e+01
   3.3684922e+04   5.6822174e+01
   3.3684747e+04   5.7002914e+01
   3.3684573e+04   5.7128666e+01
   3.3684399e+04   5.7276375e+01
   3.3684224e+04   5.7449743e+01
   3.3684050e+04   5.7440607e+01
   3.3683876e+04   5.7080971e+01
   3.3683701e+04   5.6508730e+01
   3.3683527e+04   5.6040451e+01
   3.3683353e+04   5.5875467e+01
   3.3683179e+04   5.5937170e+01
   3.3683004e+04   5.6027621e+01
   3.3682830e+04   5.6166912e+01
   3.3682656e+04   5.6524102e+01
   3.3682481e+04   5.7019227e+01
   3.3682307e+04   5.7408997e+01
   3.3682133e+04   5.7690668e+01
   3.3681958e+04   5.8050410e+01
   3.3681784e+04   5.8565357e+01
   3.3681610e+04   5.9174850e+01
   3.3681435e+04   5.9774076e+01
   3.3681261e+04   6.0274816e+01
   3.3681087e+04   6.0684010e+01
   3.3680912e+04   6.1064454e+01
   3.3680738e+04   6.1402097e+01
   3.3680564e+04   6.1601346e+01
   3.3680389e+04   6.1552704e+01
   3.3680215e+04   6.1205737e+01
   3.3680041e+04   6.0699349e+01
   3.3679867e+04   6.0313227e+01
   3.3679692e+04   6.0160884e+01
   3.3679518e+04   6.0102580e+01
   3.3679344e+04   6.0022218e+01
   3.3679169e+04   5.9988148e+01
   3.3678995e+04   6.0134529e+01
   3.3678821e+04   6.0505113e+01
   3.3678646e+04   6.0988070e+01
   3.3678472e+04   6.1429749e+01
   3.3678298e+04   6.1822533e+01
   3.3678123e+04   6.2259745e+01
   3.3677949e+04   6.2764577e+01
   3.3677775e+04   6.3285996e+01
   3.3677600e+04   6.3766869e+01
   3.3677426e+04   6.4172634e+01
   3.3677252e+04   6.4509329e+01
   3.3677077e+04   6.4789603e+01
   3.3676903e+04   6.5044670e+01
   3.3676729e+04   6.5376905e+01
   3.3676554e+04   6.5791006e+01
   3.3676380e+04   6.6051907e+01
   3.3676206e+04   6.5977880e+01
   3.3676032e+04   6.5718730e+01
   3.3675857e+04   6.5588599e+01
   3.3675683e+04   6.5793803e+01
   3.3675509e+04   6.6264944e+01
   3.3675334e+04   6.6642362e+01
   3.3675160e+04   6.6653681e+01
   3.3674986e+04   6.6482715e+01
   3.3674811e+04   6.6447594e+01
   3.3674637e+04   6.6521601e+01
   3.3674463e+04   6.6559194e+01
   3.3674288e+04   6.6679521e+01
   3.3674114e+04   6.7060940e+01
   3.3673940e+04   6.7660345e+01
   3.3673765e+04   6.8342466e+01
   3.3673591e+04   6.9045986e+01
   3.3673417e+04   6.9782280e+01
   3.3673242e+04   7.0586711e+01
   3.3673068e+04   7.1391331e+01
   3.3672894e+04   7.1996154e+01
   3.3672720e+04   7.2298630e+01
   3.3672545e+04   7.2398705e+01
   3.3672371e+04   7.2452064e+01
   3.3672197e+04   7.2584843e+01
   3.3672022e+04   7.2810886e+01
   3.3671848e+04   7.2978784e+01
   3.3671674e+04   7.3031333e+01
   3.3671499e+04   7.3173193e+01
   3.3671325e+04   7.3531348e+01
   3.3671151e+04   7.3931260e+01
   3.3670976e+04   7.4237700e+01
   3.3670802e+04   7.4588257e+01
   3.3670628e+04   7.5071161e+01
   3.3670453e+04   7.5500311e+01
   3.3670279e+04   7.5747562e+01
   3.3670105e+04   7.5998850e+01
   3.3669930e+04   7.6462640e+01
   3.3669756e+04   7.7091022e+01
   3.3669582e+04   7.7717158e+01
   3.3669408e+04   7.8243415e+01
   3.3669233e+04   7.8702099e+01
   3.3669059e+04   7.9293933e+01
   3.3668885e+04   8.0198793e+01
   3.3668710e+04   8.1240967e+01
   3.3668536e+04   8.2070564e+01
   3.3668362e+04   8.2745230e+01
   3.3668187e+04   8.3647004e+01
   3.3668013e+04   8.4780061e+01
   3.3667839e+04   8.5757085e+01
   3.3667664e+04   8.6467748e+01
   3.3667490e+04   8.7102436e+01
   3.3667316e+04   8.7626794e+01
   3.3667141e+04   8.7849140e+01
   3.3666967e+04   8.7844672e+01
   3.3666793e+04   8.7903851e+01
   3.3666618e+04   8.8247556e+01
   3.3666444e+04   8.8950381e+01
   3.3666270e+04   8.9990073e+01
   3.3666096e+04   9.1377171e+01
   3.3665921e+04   9.3210847e+01
   3.3665747e+04   9.5469569e+01
   3.3665573e+04   9.7926820e+01
   3.3665398e+04   1.0038370e+02
   3.3665224e+04   1.0275865e+02
   3.3665050e+04   1.0502014e+02
   3.3664875e+04   1.0721548e+02
   3.3664701e+04   1.0937548e+02
   3.3664527e+04   1.1134357e+02
   3.3664352e+04   1.1293986e+02
   3.3664178e+04   1.1422700e+02
   3.3664004e+04   1.1533670e+02
   3.3663829e+04   1.1615144e+02
   3.3663655e+04   1.1645165e+02
   3.3663481e+04   1.1624142e+02
   3.3663306e+04   1.1568442e+02
   3.3663132e+04   1.1492115e+02
   3.3662958e+04   1.1416047e+02
   3.3662784e+04   1.1371211e+02
   3.3662609e+04   1.1380894e+02
   3.3662435e+04   1.1457781e+02
   3.3662261e+04   1.1604071e+02
   3.3662086e+04   1.1798083e+02
   3.3661912e+04   1.2007574e+02
   3.3661738e+04   1.2218521e+02
   3.3661563e+04   1.2423913e+02
   3.3661389e+04   1.2603867e+02
   3.3661215e+04   1.2745853e+02
   3.3661040e+04   1.2857006e+02
   3.3660866e+04   1.2944861e+02
   3.3660692e+04   1.3020889e+02
   3.3660517e+04   1.3104589e+02
   3.3660343e+04   1.3193699e+02
   3.3660169e+04   1.3269796e+02
   3.3659994e+04   1.3329230e+02
   3.3659820e+04   1.3368533e+02
   3.3659646e+04   1.3377563e+02
   3.3659472e+04   1.3366708e+02
   3.3659297e+04   1.3361119e+02
   3.3659123e+04   1.3366698e+02
   3.3658949e+04   1.3365176e+02
   3.3658774e+04   1.3350649e+02
   3.3658600e+04   1.3349578e+02
   3.3658426e+04   1.3379288e+02
   3.3658251e+04   1.3424183e+02
   3.3658077e+04   1.3478599e+02
   3.3657903e+04   1.3556585e+02
   3.3657728e+04   1.3646850e+02
   3.3657554e+04   1.3716213e+02
   3.3657380e+04   1.3755986e+02
   3.3657205e+04   1.3783985e+02
   3.3657031e+04   1.3811928e+02
   3.3656857e+04   1.3829699e+02
   3.3656682e+04   1.3812978e+02
   3.3656508e+04   1.3757383e+02
   3.3656334e+04   1.3710900e+02
   3.3656160e+04   1.3736125e+02
   3.3655985e+04   1.3837644e+02
   3.3655811e+04   1.3962601e+02
   3.3655637e+04   1.4061844e+02
   3.3655462e+04   1.4132342e+02
   3.3655288e+04   1.4210498e+02
   3.3655114e+04   1.4317579e+02
   3.3654939e+04   1.4425899e+02
   3.3654765e+04   1.4508464e+02
   3.3654591e+04   1.4584033e+02
   3.3654416e+04   1.4677013e+02
   3.3654242e+04   1.4782660e+02
   3.3654068e+04   1.4902002e+02
   3.3653893e+04   1.5058718e+02
   3.3653719e+04   1.5258681e+02
   3.3653545e+04   1.5477553e+02
   3.3653370e+04   1.5701647e+02
   3.3653196e+04   1.5943806e+02
   3.3653022e+04   1.6202413e+02
   3.3652848e+04   1.6432670e+02
   3.3652673e+04   1.6590760e+02
   3.3652499e+04   1.6685254e+02
   3.3652325e+04   1.6745564e+02
   3.3652150e+04   1.6774655e+02
   3.3651976e+04   1.6771118e+02
   3.3651802e+04   1.6749772e+02
   3.3651627e+04   1.6716431e+02
   3.3651453e+04   1.6661861e+02
   3.3651279e+04   1.6576242e+02
   3.3651104e+04   1.6450642e+02
   3.3650930e+04   1.6288784e+02
   3.3650756e+04   1.6110115e+02
   3.3650581e+04   1.5917603e+02
   3.3650407e+04   1.5696604e+02
   3.3650233e+04   1.5457709e+02
   3.3650058e+04   1.5236589e+02
   3.3649884e+04   1.5055738e+02
   3.3649710e+04   1.4924497e+02
   3.3649536e+04   1.4852847e+02
   3.3649361e+04   1.4828217e+02
   3.3649187e+04   1.4810033e+02
   3.3649013e+04   1.4771600e+02
   3.3648838e+04   1.4708031e+02
   3.3648664e+04   1.4609901e+02
   3.3648490e+04   1.4485484e+02
   3.3648315e+04   1.4379892e+02
   3.3648141e+04   1.4321896e+02
   3.3647967e+04   1.4294980e+02
   3.3647792e+04   1.4287916e+02
   3.3647618e+04   1.4314440e+02
   3.3647444e+04   1.4360533e+02
   3.3647269e+04   1.4374679e+02
   3.3647095e+04   1.4336005e+02
   3.3646921e+04   1.4276826e+02
   3.3646746e+04   1.4223431e+02
   3.3646572e+04   1.4175686e+02
   3.3646398e+04   1.4147438e+02
   3.3646224e+04   1.4155808e+02
   3.3646049e+04   1.4171049e+02
   3.3645875e+04   1.4141556e+02
   3.3645701e+04   1.4063652e+02
   3.3645526e+04   1.3974789e+02
   3.3645352e+04   1.3889603e+02
   3.3645178e+04   1.3796106e+02
   3.3645003e+04   1.3702514e+02
   3.3644829e+04   1.3627593e+02
   3.3644655e+04   1.3558471e+02
   3.3644480e+04   1.3476211e+02
   3.3644306e+04   1.3392117e+02
   3.3644132e+04   1.3306095e+02
   3.3643957e+04   1.3188257e+02
   3.3643783e+04   1.3038279e+02
   3.3643609e+04   1.2888745e+02
   3.3643434e+04   1.2756478e+02
   3.3643260e+04   1.2650267e+02
   3.3643086e+04   1.2570268e+02
   3.3642912e+04   1.2485433e+02
   3.3642737e+04   1.2386845e+02
   3.3642563e+04   1.2321646e+02
   3.3642389e+04   1.2316378e+02
   3.3642214e+04   1.2348303e+02
   3.3642040e+04   1.2416201e+02
   3.3641866e+04   1.2540428e+02
   3.3641691e+04   1.2701762e+02
   3.3641517e+04   1.2874063e+02
   3.3641343e+04   1.3073904e+02
   3.3641168e+04   1.3304189e+02
   3.3640994e+04   1.3522599e+02
   3.3640820e+04   1.3710200e+02
   3.3640645e+04   1.3890633e+02
   3.3640471e+04   1.4073245e+02
   3.3640297e+04   1.4235060e+02
   3.3640122e+04   1.4339727e+02
   3.3639948e+04   1.4360098e+02
   3.3639774e+04   1.4304013e+02
   3.3639600e+04   1.4194087e+02
   3.3639425e+04   1.4027100e+02
   3.3639251e+04   1.3795410e+02
   3.3639077e+04   1.3520075e+02
   3.3638902e+04   1.3230093e+02
   3.3638728e+04   1.2937463e+02
   3.3638554e+04   1.2642871e+02
   3.3638379e+04   1.2349299e+02
   3.3638205e+04   1.2070998e+02
   3.3638031e+04   1.1829896e+02
   3.3637856e+04   1.1635153e+02
   3.3637682e+04   1.1473572e+02
   3.3637508e+04   1.1332846e+02
   3.3637333e+04   1.1214496e+02
   3.3637159e+04   1.1106400e+02
   3.3636985e+04   1.0978959e+02
   3.3636810e+04   1.0827122e+02
   3.3636636e+04   1.0677018e+02
   3.3636462e+04   1.0547221e+02
   3.3636288e+04   1.0440641e+02
   3.3636113e+04   1.0361150e+02
   3.3635939e+04   1.0301765e+02
   3.3635765e+04   1.0236872e+02
   3.3635590e+04   1.0152994e+02
   3.3635416e+04   1.0065715e+02
   3.3635242e+04   9.9903886e+01
   3.3635067e+04   9.9137814e+01
   3.3634893e+04   9.8214254e+01
   3.3634719e+04   9.7382822e+01
   3.3634544e+04   9.6856984e+01
   3.3634370e+04   9.6313862e+01
   3.3634196e+04   9.5519989e+01
   3.3634021e+04   9.4776595e+01
   3.3633847e+04   9.4309868e+01
   3.3633673e+04   9.3972206e+01
   3.3633498e+04   9.3526904e+01
   3.3633324e+04   9.2861065e+01
   3.3633150e+04   9.2144218e+01
   3.3632975e+04   9.1586578e+01
   3.3632801e+04   9.1017801e+01
   3.3632627e+04   9.0238569e+01
   3.3632453e+04   8.9452213e+01
   3.3632278e+04   8.8808695e+01
   3.3632104e+04   8.8017736e+01
   3.3631930e+04   8.6756107e+01
   3.3631755e+04   8.5087741e+01
   3.3631581e+04   8.3340294e+01
   3.3631407e+04   8.1729468e+01
   3.3631232e+04   8.0173164e+01
   3.3631058e+04   7.8466720e+01
   3.3630884e+04   7.6565226e+01
   3.3630709e+04   7.4592484e+01
   3.3630535e+04   7.2605406e+01
   3.3630361e+04   7.0483765e+01
   3.3630186e+04   6.8113301e+01
   3.3630012e+04   6.5612066e+01
   3.3629838e+04   6.3237820e+01
   3.3629663e+04   6.1058127e+01
   3.3629489e+04   5.8930397e+01
   3.3629315e+04   5.6830086e+01
   3.3629141e+04   5.4906764e+01
   3.3628966e+04   5.3241387e+01
   3.3628792e+04   5.1811679e+01
   3.3628618e+04   5.0616352e+01
   3.3628443e+04   4.9653921e+01
   3.3628269e+04   4.8836855e+01
   3.3628095e+04   4.8052320e+01
   3.3627920e+04   4.7323454e+01
   3.3627746e+04   4.6800449e+01
   3.3627572e+04   4.6549955e+01
   3.3627397e+04   4.6455815e+01
   3.3627223e+04   4.6339542e+01
   3.3627049e+04   4.6104308e+01
   3.3626874e+04   4.5797240e+01
   3.3626700e+04   4.5561178e+01
   3.3626526e+04   4.5457594e+01
   3.3626351e+04   4.5361907e+01
   3.3626177e+04   4.5121362e+01
   3.3626003e+04   4.4758710e+01
   3.3625829e+04   4.4435019e+01
   3.3625654e+04   4.4262159e+01
   3.3625480e+04   4.4203611e+01
   3.3625306e+04   4.4146080e+01
   3.3625131e+04   4.4039896e+01
   3.3624957e+04   4.3896413e+01
   3.3624783e+04   4.3675560e+01
   3.3624608e+04   4.3349934e+01
   3.3624434e+04   4.3032569e+01
   3.3624260e+04   4.2846247e+01
   3.3624085e+04   4.2767359e+01
   3.3623911e+04   4.2711439e+01
   3.3623737e+04   4.2629656e+01
   3.3623562e+04   4.2506512e+01
   3.3623388e+04   4.2336486e+01
   3.3623214e+04   4.2097077e+01
   3.3623039e+04   4.1818278e+01
   3.3622865e+04   4.1614943e+01
   3.3622691e+04   4.1524432e+01
   3.3622517e+04   4.1461826e+01
   3.3622342e+04   4.1365250e+01
   3.3622168e+04   4.1224911e+01
   3.3621994e+04   4.1049776e+01
   3.3621819e+04   4.0878209e+01
   3.3621645e+04   4.0725002e+01
   3.3621471e+04   4.0567696e+01
   3.3621296e+04   4.0414995e+01
   3.3621122e+04   4.0282573e+01
   3.3620948e+04   4.0163157e+01
   3.3620773e+04   4.0065680e+01
   3.3620599e+04   3.9973521e+01
   3.3620425e+04   3.9835968e+01
   3.3620250e+04   3.9662311e+01
   3.3620076e+04   3.9498641e+01
   3.3619902e+04   3.9355436e+01
   3.3619727e+04   3.9235412e+01
   3.3619553e+04   3.9139992e+01
   3.3619379e+04   3.9052243e+01
   3.3619205e+04   3.8955861e+01
   3.3619030e+04   3.8828441e+01
   3.3618856e+04   3.8661553e+01
   3.3618682e+04   3.8504450e+01
   3.3618507e+04   3.8393970e+01
   3.3618333e+04   3.8283728e+01
   3.3618159e+04   3.8110466e+01
   3.3617984e+04   3.7827704e+01
   3.3617810e+04   3.7355514e+01
   3.3617636e+04   3.6614083e+01
   3.3617461e+04   3.5602055e+01
   3.3617287e+04   3.4377909e+01
   3.3617113e+04   3.3003453e+01
   3.3616938e+04   3.1538336e+01
   3.3616764e+04   3.0026236e+01
   3.3616590e+04   2.8440922e+01
   3.3616415e+04   2.6689761e+01
   3.3616241e+04   2.4691298e+01
   3.3616067e+04   2.2421770e+01
   3.3615893e+04   1.9921737e+01
   3.3615718e+04   1.7303173e+01
   3.3615544e+04   1.4721184e+01
   3.3615370e+04   1.2306984e+01
   3.3615195e+04   1.0123677e+01
   3.3615021e+04   8.1769947e+00
   3.3614847e+04   6.4456245e+00
   3.3614672e+04   4.8993951e+00
   3.3614498e+04   3.5274790e+00
   3.3614324e+04   2.3607168e+00
   3.3614149e+04   1.4441640e+00
   3.3613975e+04   7.9327394e-01
   3.3613801e+04   3.8205248e-01
   3.3613626e+04   1.5594808e-01
   3.3613452e+04   5.1199800e-02
   3.3613278e+04   1.2387754e-02
   3.3613103e+04   1.8749074e-03
   3.3612929e+04   1.1346794e-04
   3.3612755e+04   3.0033589e-06
   3.3612581e+04   3.6825779e-07
   3.3612406e+04   5.7193440e-08
   3.3612232e+04   2.7225930e-08
   3.3612058e+04   3.2537790e-09
   3.3611883e+04   1.0023088e-08
   3.3611709e+04   6.4814794e-09
   3.3611535e+04   7.1542143e-09
   3.3611360e+04   6.0816944e-09
   3.3611186e+04   5.9483585e-09
   3.3611012e+04   5.4071113e-09
   3.3610837e+04   5.1582798e-09
   3.3610663e+04   4.7980890e-09
   3.3610489e+04   4.5550195e-09
   3.3610314e+04   4.2823416e-09
   3.3610140e+04   4.0668295e-09
   3.3609966e+04   3.8472940e-09
   3.3609791e+04   3.6603423e-09
   3.3609617e+04   3.4776306e-09
   3.3609443e+04   3.3158560e-09
   3.3609269e+04   3.1606531e-09
   3.3609094e+04   3.0201441e-09
   3.3608920e+04   2.8864733e-09
   3.3608746e+04   2.7637341e-09
   3.3608571e+04   2.6473952e-09
   3.3608397e+04   2.5395810e-09
   3.3608223e+04   2.4374796e-09
   3.3608048e+04   2.3422251e-09
   3.3607874e+04   2.2520368e-09
   3.3607700e+04   2.1674467e-09
   3.3607525e+04   2.0872921e-09
   3.3607351e+04   2.0117827e-09
   3.3607177e+04   1.9401467e-09
   3.3607002e+04   1.8724684e-09
   3.3606828e+04   1.8081803e-09
   3.3606654e+04   1.7472663e-09
   3.3606479e+04   1.6893074e-09
   3.3606305e+04   1.6342980e-09
   3.3606131e+04   1.5818538e-09
   3.3605957e+04   1.5319710e-09
   3.3605782e+04   1.4843717e-09
   3.3605608e+04   1.4389956e-09
   3.3605434e+04   1.3956303e-09
   3.3605259e+04   1.3542332e-09
   3.3605085e+04   1.3146497e-09
   3.3604911e+04   1.2767787e-09
   3.3604736e+04   1.2405375e-09
   3.3604562e+04   1.2057946e-09
   3.3604388e+04   1.1724888e-09
   3.3604213e+04   1.1405641e-09
   3.3604039e+04   1.1099051e-09
   3.3603865e+04   1.0804975e-09
   3.3603690e+04   1.0522294e-09
   3.3603516e+04   1.0250698e-09
   3.3603342e+04   9.9891295e-10
   3.3603167e+04   9.7378017e-10
   3.3602993e+04   9.4956487e-10
   3.3602819e+04   9.2626795e-10
   3.3602645e+04   9.0379704e-10
   3.3602470e+04   8.8214414e-10
   3.3602296e+04   8.6124885e-10
   3.3602122e+04   8.4110763e-10
   3.3601947e+04   8.2167251e-10
   3.3601773e+04   8.0287954e-10
   3.3601599e+04   7.8475360e-10
   3.3601424e+04   7.6722451e-10
   3.3601250e+04   7.5028872e-10
   3.3601076e+04   7.3390183e-10
   3.3600901e+04   7.1804784e-10
   3.3600727e+04   7.0274986e-10
   3.3600553e+04   6.8788353e-10
   3.3600378e+04   6.7350214e-10
   3.3600204e+04   6.5957195e-10
   3.3600030e+04   6.4608052e-10
   3.3599855e+04   6.3301009e-10
   3.3599681e+04   6.2032157e-10
   3.3599507e+04   6.0802563e-10
   3.3599333e+04   5.9607785e-10
   3.3599158e+04   5.8451199e-10
   3.3598984e+04   5.7324989e-10
   3.3598810e+04   5.6235727e-10
   3.3598635e+04   5.5173999e-10
   3.3598461e+04   5.4146199e-10
   3.3598287e+04   5.3145399e-10
   3.3598112e+04   5.2173377e-10
   3.3597938e+04   5.1226579e-10
   3.3597764e+04   5.0308380e-10
   3.3597589e+04   4.9413629e-10
   3.3597415e+04   4.8540905e-10
   3.3597241e+04   4.7695181e-10
   3.3597066e+04   4.6867932e-10
   3.3596892e+04   4.6065551e-10
   3.3596718e+04   4.5285908e-10
   3.3596543e+04   4.4522075e-10
   3.3596369e+04   4.3782933e-10
   3.3596195e+04   4.3058357e-10
   3.3596021e+04   4.2353321e-10
   3.3595846e+04   4.1666759e-10
   3.3595672e+04   4.0996007e-10
   3.3595498e+04   4.0341597e-10
   3.3595323e+04   3.9704773e-10
   3.3595149e+04   3.9084469e-10
   3.3594975e+04   3.8475889e-10
   3.3594800e+04   3.7883829e-10
   3.3594626e+04   3.7303671e-10
   3.3594452e+04   3.6739678e-10
   3.3594277e+04   3.6188297e-10
   3.3594103e+04   3.5647396e-10
   3.3593929e+04   3.5122927e-10
   3.3593754e+04   3.4607162e-10
   3.3593580e+04   3.4106939e-10
   3.3593406e+04   3.3613556e-10
   3.3593231e+04   3.3132608e-10
   3.3593057e+04   3.2662717e-10
   3.3592883e+04   3.2204994e-10
   3.3592709e+04   3.1754244e-10
   3.3592534e+04   3.1315395e-10
   3.3592360e+04   3.0885849e-10
   3.3592186e+04   3.0463254e-10
   3.3592011e+04   3.0053471e-10
   3.3591837e+04   2.9649083e-10
   3.3591663e+04   2.9253910e-10
   3.3591488e+04   2.8867553e-10
   3.3591314e+04   2.8488212e-10
   3.3591140e+04   2.8117664e-10
   3.3590965e+04   2.7755465e-10
   3.3590791e+04   2.7400104e-10
   3.3590617e+04   2.7051805e-10
   3.3590442e+04   2.6710034e-10
   3.3590268e+04   2.6374902e-10
   3.3590094e+04   2.6046787e-10
   3.3589919e+04   2.5725599e-10
   3.3589745e+04   2.5409941e-10
   3.3589571e+04   2.5102254e-10
   3.3589396e+04   2.4799274e-10
   3.3589222e+04   2.4502600e-10
   3.3589048e+04   2.4206848e-10
   3.3588874e+04   2.3923952e-10
   3.3588699e+04   2.3642766e-10
   3.3588525e+04   2.3367019e-10
   3.3588351e+04   2.3095836e-10
   3.3588176e+04   2.2831870e-10
   3.3588002e+04   2.2570745e-10
   3.3587828e+04   2.2315305e-10
   3.3587653e+04   2.2063773e-10
   3.3587479e+04   2.1816504e-10
   3.3587305e+04   2.1578828e-10
   3.3587130e+04   2.1339019e-10
   3.3586956e+04   2.1107027e-10
   3.3586782e+04   2.0877167e-10
   3.3586607e+04   2.0651214e-10
   3.3586433e+04   2.0430591e-10
   3.3586259e+04   2.0212809e-10
   3.3586084e+04   1.9999291e-10
   3.3585910e+04   1.9787549e-10
   3.3585736e+04   1.9582558e-10
   3.3585562e+04   1.9381119e-10
   3.3585387e+04   1.9179680e-10
   3.3585213e+04   1.8985880e-10
   3.3585039e+04   1.8792790e-10
   3.3584864e+04   1.8604851e-10
   3.3584690e+04   1.8415314e-10
   3.3584516e+04   1.8233415e-10
   3.3584341e+04   1.8052937e-10
   3.3584167e+04   1.7875834e-10
   3.3583993e+04   1.7700863e-10
   3.3583818e+04   1.7529267e-10
   3.3583644e+04   1.7359625e-10
   3.3583470e+04   1.7193180e-10
   3.3583295e+04   1.7029045e-10
   3.3583121e+04   1.6868285e-10
   3.3582947e+04   1.6708768e-10
   3.3582772e+04   1.6553692e-10
   3.3582598e+04   1.6399859e-10
   3.3582424e+04   1.6247803e-10
   3.3582250e+04   1.6096990e-10
   3.3582075e+04   1.5953106e-10
   3.3581901e+04   1.5806556e-10
   3.3581727e+04   1.5664980e-10
   3.3581552e+04   1.5523405e-10
   3.3581378e+04   1.5385382e-10
   3.3581204e+04   1.5249313e-10
   3.3581029e+04   1.5114310e-10
   3.3580855e+04   1.4983925e-10
   3.3580681e+04   1.4851409e-10
   3.3580506e+04   1.4724755e-10
   3.3580332e+04   1.4596857e-10
   3.3580158e+04   1.4472867e-10
   3.3579983e+04   1.4348522e-10
   3.3579809e+04   1.4227908e-10
   3.3579635e+04   1.4108181e-10
   3.3579460e+04   1.3989165e-10
   3.3579286e+04   1.3873347e-10
   3.3579112e+04   1.3757528e-10
   3.3578938e+04   1.3645085e-10
   3.3578763e+04   1.3534418e-10
   3.3578589e+04   1.3423751e-10
   3.3578415e+04   1.3316281e-10
   3.3578240e+04   1.3208457e-10
   3.3578066e+04   1.3102941e-10
   3.3577892e+04   1.2997958e-10
   3.3577717e+04   1.2897061e-10
   3.3577543e+04   1.2795454e-10
   3.3577369e+04   1.2694734e-10
   3.3577194e+04   1.2597923e-10
   3.3577020e+04   1.2501289e-10
   3.3576846e+04   1.2405366e-10
   3.3576671e+04   1.2310153e-10
   3.3576497e+04   1.2216717e-10
   3.3576323e+04   1.2124346e-10
   3.3576148e+04   1.2034818e-10
   3.3575974e+04   1.1943158e-10
   3.3575800e+04   1.1856116e-10
   3.3575626e+04   1.1768364e-10
   3.3575451e+04   1.1679191e-10
   3.3575277e+04   1.1595347e-10
   3.3575103e+04   1.1510437e-10
   3.3574928e+04   1.1425527e-10
   3.3574754e+04   1.1344170e-10
   3.3574580e+04   1.1263523e-10
   3.3574405e+04   1.1185364e-10
   3.3574231e+04   1.1105072e-10
   3.3574057e+04   1.1026913e-10
   3.3573882e+04   1.0949464e-10
   3.3573708e+04   1.0876278e-10
   3.3573534e+04   1.0797407e-10
   3.3573359e+04   1.0723511e-10
   3.3573185e+04   1.0651746e-10
   3.3573011e+04   1.0579981e-10
   3.3572836e+04   1.0505374e-10
   3.3572662e+04   1.0435741e-10
   3.3572488e+04   1.0366108e-10
   3.3572314e+04   1.0294343e-10
   3.3572139e+04   1.0227552e-10
   3.3571965e+04   1.0162893e-10
   3.3571791e+04   1.0093970e-10
   3.3571616e+04   1.0027890e-10
   3.3571442e+04   9.9646513e-11
   3.3571268e+04   9.8964392e-11
   3.3571093e+04   9.8353325e-11
   3.3570919e+04   9.7699626e-11
   3.3570745e+04   9.7092112e-11
   3.3570570e+04   9.6470387e-11
   3.3570396e+04   9.5873531e-11
   3.3570222e+04   9.5244701e-11
   3.3570047e+04   9.4665609e-11
   3.3569873e+04   9.4079411e-11
   3.3569699e+04   9.3496766e-11
   3.3569524e+04   9.2910568e-11
   3.3569350e+04   9.2345687e-11
   3.3569176e+04   9.1773700e-11
   3.3569002e+04   9.1223029e-11
   3.3568827e+04   9.0661700e-11
   3.3568653e+04   9.0114582e-11
   3.3568479e+04   8.9581675e-11
   3.3568304e+04   8.9045216e-11
   3.3568130e+04   8.8530072e-11
   3.3567956e+04   8.8000718e-11
   3.3567781e+04   8.7513996e-11
   3.3567607e+04   8.6970431e-11
   3.3567433e+04   8.6451735e-11
   3.3567258e+04   8.5965013e-11
   3.3567084e+04   8.5460528e-11
   3.3566910e+04   8.4966700e-11
   3.3566735e+04   8.4494189e-11
   3.3566561e+04   8.4014573e-11
   3.3566387e+04   8.3534957e-11
   3.3566212e+04   8.3069551e-11
   3.3566038e+04   8.2586382e-11
   3.3565864e+04   8.2181373e-11
   3.3565690e+04   8.1691098e-11
   3.3565515e+04   8.1215035e-11
   3.3565341e+04   8.0781604e-11
   3.3565167e+04   8.0319751e-11
   3.3564992e+04   7.9928952e-11
   3.3564818e+04   7.9452889e-11
   3.3564644e+04   7.9062090e-11
   3.3564469e+04   7.8657081e-11
   3.3564295e+04   7.8202333e-11
   3.3564121e+04   7.7761797e-11
   3.3563946e+04   7.7363893e-11
   3.3563772e+04   7.6973095e-11
   3.3563598e+04   7.6532558e-11
   3.3563423e+04   7.6170181e-11
   3.3563249e+04   7.5765172e-11
   3.3563075e+04   7.5360163e-11
   3.3562900e+04   7.4990680e-11
   3.3562726e+04   7.4614093e-11
   3.3562552e+04   7.4223294e-11
   3.3562378e+04   7.3825390e-11
   3.3562203e+04   7.3477224e-11
   3.3562029e+04   7.3107742e-11
   3.3561855e+04   7.2702733e-11
   3.3561680e+04   7.2347461e-11
   3.3561506e+04   7.1999295e-11
   3.3561332e+04   7.1644024e-11
   3.3561157e+04   7.1274542e-11
   3.3560983e+04   7.0919270e-11
   3.3560809e+04   7.0620843e-11
   3.3560634e+04   7.0265571e-11
   3.3560460e+04   6.9867667e-11
   3.3560286e+04   6.9540818e-11
   3.3560111e+04   6.9249495e-11
   3.3559937e+04   6.8908435e-11
   3.3559763e+04   6.8567374e-11
   3.3559588e+04   6.8247630e-11
   3.3559414e+04   6.7913675e-11
   3.3559240e+04   6.7593930e-11
   3.3559066e+04   6.7274186e-11
   3.3558891e+04   6.6947337e-11
   3.3558717e+04   6.6606276e-11
   3.3558543e+04   6.6343375e-11
   3.3558368e+04   6.6052053e-11
   3.3558194e+04   6.5739414e-11
   3.3558020e+04   6.5412564e-11
   3.3557845e+04   6.5149663e-11
   3.3557671e+04   6.4822814e-11
   3.3557497e+04   6.4545702e-11
   3.3557322e+04   6.4247274e-11
   3.3557148e+04   6.3984373e-11
   3.3556974e+04   6.3693051e-11
   3.3556799e+04   6.3408834e-11
   3.3556625e+04   6.3117511e-11
   3.3556451e+04   6.2875927e-11
   3.3556276e+04   6.2577499e-11
   3.3556102e+04   6.2293282e-11
   3.3555928e+04   6.2023275e-11
   3.3555754e+04   6.1760375e-11
   3.3555579e+04   6.1497474e-11
   3.3555405e+04   6.1227468e-11
   3.3555231e+04   6.0992988e-11
   3.3555056e+04   6.0694560e-11
   3.3554882e+04   6.0449423e-11
   3.3554708e+04   6.0200733e-11
   3.3554533e+04   5.9952043e-11
   3.3554359e+04   5.9682037e-11
   3.3554185e+04   5.9433347e-11
   3.3554010e+04   5.9198868e-11
   3.3553836e+04   5.8975047e-11
   3.3553662e+04   5.8722804e-11
   3.3553487e+04   5.8484773e-11
   3.3553313e+04   5.8228977e-11
   3.3553139e+04   5.8012262e-11
   3.3552964e+04   5.7774230e-11
   3.3552790e+04   5.7525540e-11
   3.3552616e+04   5.7298166e-11
   3.3552442e+04   5.7045924e-11
   3.3552267e+04   5.6850524e-11
   3.3552093e+04   5.6605387e-11
   3.3551919e+04   5.6363803e-11
   3.3551744e+04   5.6171956e-11
   3.3551570e+04   5.5948135e-11
   3.3551396e+04   5.5738525e-11
   3.3551221e+04   5.5511151e-11
   3.3551047e+04   5.5301541e-11
   3.3550873e+04   5.5106142e-11
   3.3550698e+04   5.4878768e-11
   3.3550524e+04   5.4683369e-11
   3.3550350e+04   5.4455995e-11
   3.3550175e+04   5.4267701e-11
   3.3550001e+04   5.4033222e-11
   3.3549827e+04   5.3844929e-11
   3.3549652e+04   5.3670846e-11
   3.3549478e+04   5.3468341e-11
   3.3549304e+04   5.3233862e-11
   3.3549130e+04   5.3027804e-11
   3.3548955e+04   5.2850169e-11
   3.3548781e+04   5.2651217e-11
   3.3548607e+04   5.2430948e-11
   3.3548432e+04   5.2260418e-11
   3.3548258e+04   5.2075677e-11
   3.3548084e+04   5.1883831e-11
   3.3547909e+04   5.1670668e-11
   3.3547735e+04   5.1514348e-11
   3.3547561e+04   5.1329607e-11
   3.3547386e+04   5.1144866e-11
   3.3547212e+04   5.0953020e-11
   3.3547038e+04   5.0775384e-11
   3.3546863e+04   5.0597748e-11
   3.3546689e+04   5.0413007e-11
   3.3546515e+04   5.0228266e-11
   3.3546340e+04   5.0036419e-11
   3.3546166e+04   4.9880100e-11
   3.3545992e+04   4.9723781e-11
   3.3545817e+04   4.9539040e-11
   3.3545643e+04   4.9375615e-11
   3.3545469e+04   4.9205084e-11
   3.3545295e+04   4.9034554e-11
   3.3545120e+04   4.8828497e-11
   3.3544946e+04   4.8693494e-11
   3.3544772e+04   4.8515858e-11
   3.3544597e+04   4.8366644e-11
   3.3544423e+04   4.8231641e-11
   3.3544249e+04   4.8061111e-11
   3.3544074e+04   4.7890580e-11
   3.3543900e+04   4.7720050e-11
   3.3543726e+04   4.7561954e-11
   3.3543551e+04   4.7421622e-11
   3.3543377e+04   4.7290172e-11
   3.3543203e+04   4.7105431e-11
   3.3543028e+04   4.6945559e-11
   3.3542854e+04   4.6782134e-11
   3.3542680e+04   4.6664894e-11
   3.3542505e+04   4.6522786e-11
   3.3542331e+04   4.6355808e-11
   3.3542157e+04   4.6195936e-11
   3.3541983e+04   4.6071591e-11
   3.3541808e+04   4.5915272e-11
   3.3541634e+04   4.5730530e-11
   3.3541460e+04   4.5599080e-11
   3.3541285e+04   4.5449866e-11
   3.3541111e+04   4.5343285e-11
   3.3540937e+04   4.5197623e-11
   3.3540762e+04   4.5019988e-11
   3.3540588e+04   4.4895643e-11
   3.3540414e+04   4.4760640e-11
   3.3540239e+04   4.4645176e-11
   3.3540065e+04   4.4483528e-11
   3.3539891e+04   4.4366288e-11
   3.3539716e+04   4.4234838e-11
   3.3539542e+04   4.4085624e-11
   3.3539368e+04   4.3957726e-11
   3.3539193e+04   4.3852921e-11
   3.3539019e+04   4.3721471e-11
   3.3538845e+04   4.3568704e-11
   3.3538671e+04   4.3460346e-11
   3.3538496e+04   4.3325343e-11
   3.3538322e+04   4.3193893e-11
   3.3538148e+04   4.3053561e-11
   3.3537973e+04   4.2927439e-11
   3.3537799e+04   4.2831516e-11
   3.3537625e+04   4.2691184e-11
   3.3537450e+04   4.2557957e-11
   3.3537276e+04   4.2435389e-11
   3.3537102e+04   4.2323478e-11
   3.3536927e+04   4.2197357e-11
   3.3536753e+04   4.2074788e-11
   3.3536579e+04   4.1939785e-11
   3.3536404e+04   4.1826098e-11
   3.3536230e+04   4.1726622e-11
   3.3536056e+04   4.1623593e-11
   3.3535881e+04   4.1504578e-11
   3.3535707e+04   4.1367798e-11
   3.3535533e+04   4.1266546e-11
   3.3535359e+04   4.1152859e-11
   3.3535184e+04   4.1037396e-11
   3.3535010e+04   4.0927262e-11
   3.3534836e+04   4.0810022e-11
   3.3534661e+04   4.0699888e-11
   3.3534487e+04   4.0586201e-11
   3.3534313e+04   4.0474291e-11
   3.3534138e+04   4.0394355e-11
   3.3533964e+04   4.0259351e-11
   3.3533790e+04   4.0170534e-11
   3.3533615e+04   4.0042636e-11
   3.3533441e+04   3.9957371e-11
   3.3533267e+04   3.9857895e-11
   3.3533092e+04   3.9737102e-11
   3.3532918e+04   3.9641179e-11
   3.3532744e+04   3.9516834e-11
   3.3532569e+04   3.9427128e-11
   3.3532395e+04   3.9327652e-11
   3.3532221e+04   3.9253933e-11
   3.3532047e+04   3.9118042e-11
   3.3531872e+04   3.9028336e-11
   3.3531698e+04   3.8914649e-11
   3.3531524e+04   3.8860470e-11
   3.3531349e+04   3.8750336e-11
   3.3531175e+04   3.8640202e-11
   3.3531001e+04   3.8516745e-11
   3.3530826e+04   3.8470560e-11
   3.3530652e+04   3.8355097e-11
   3.3530478e+04   3.8260950e-11
   3.3530303e+04   3.8156145e-11
   3.3530129e+04   3.8061998e-11
   3.3529955e+04   3.7985615e-11
   3.3529780e+04   3.7884362e-11
   3.3529606e+04   3.7777781e-11
   3.3529432e+04   3.7697845e-11
   3.3529257e+04   3.7607251e-11
   3.3529083e+04   3.7536196e-11
   3.3528909e+04   3.7431391e-11
   3.3528735e+04   3.7330139e-11
   3.3528560e+04   3.7253756e-11
   3.3528386e+04   3.7161385e-11
   3.3528212e+04   3.7070791e-11
   3.3528037e+04   3.6996184e-11
   3.3527863e+04   3.6900261e-11
   3.3527689e+04   3.6777692e-11
   3.3527514e+04   3.6735059e-11
   3.3527340e+04   3.6653347e-11
   3.3527166e+04   3.6576964e-11
   3.3526991e+04   3.6477488e-11
   3.3526817e+04   3.6392223e-11
   3.3526643e+04   3.6328274e-11
   3.3526468e+04   3.6228798e-11
   3.3526294e+04   3.6125769e-11
   3.3526120e+04   3.6052938e-11
   3.3525945e+04   3.5988990e-11
   3.3525771e+04   3.5894843e-11
   3.3525597e+04   3.5827341e-11
   3.3525423e+04   3.5733194e-11
   3.3525248e+04   3.5646153e-11
   3.3525074e+04   3.5585757e-11
   3.3524900e+04   3.5505821e-11
   3.3524725e+04   3.5429437e-11
   3.3524551e+04   3.5353054e-11
   3.3524377e+04   3.5255354e-11
   3.3524202e+04   3.5193182e-11
   3.3524028e+04   3.5125680e-11
   3.3523854e+04   3.5043968e-11
   3.3523679e+04   3.4967584e-11
   3.3523505e+04   3.4894754e-11
   3.3523331e+04   3.4807712e-11
   3.3523156e+04   3.4747316e-11
   3.3522982e+04   3.4688696e-11
   3.3522808e+04   3.4587444e-11
   3.3522633e+04   3.4503955e-11
   3.3522459e+04   3.4448888e-11
   3.3522285e+04   3.4376058e-11
   3.3522111e+04   3.4303227e-11
   3.3521936e+04   3.4246384e-11
   3.3521762e+04   3.4159342e-11
   3.3521588e+04   3.4098946e-11
