   3.3878412e+04   3.6060044e-13
   3.3878238e+04   3.3750780e-13
   3.3878064e+04   3.5349501e-13
   3.3877889e+04   3.5882408e-13
   3.3877715e+04   3.2684966e-13
   3.3877541e+04   3.3040237e-13
   3.3877367e+04   3.5527137e-13
   3.3877192e+04   3.3040237e-13
   3.3877018e+04   2.9487524e-13
   3.3876844e+04   3.2684966e-13
   3.3876669e+04   3.5527137e-13
   3.3876495e+04   3.2862602e-13
   3.3876321e+04   2.9309888e-13
   3.3876146e+04   3.0198066e-13
   3.3875972e+04   3.2684966e-13
   3.3875798e+04   3.2684966e-13
   3.3875623e+04   3.5171865e-13
   3.3875449e+04   3.4994230e-13
   3.3875275e+04   3.2684966e-13
   3.3875100e+04   3.3750780e-13
   3.3874926e+04   3.1619152e-13
   3.3874752e+04   3.1974423e-13
   3.3874577e+04   3.3040237e-13
   3.3874403e+04   3.1619152e-13
   3.3874229e+04   2.9842795e-13
   3.3874055e+04   3.1441516e-13
   3.3873880e+04   3.0375702e-13
   3.3873706e+04   3.1263880e-13
   3.3873532e+04   2.9309888e-13
   3.3873357e+04   3.4816594e-13
   3.3873183e+04   3.2684966e-13
   3.3873009e+04   3.1263880e-13
   3.3872834e+04   2.7000624e-13
   3.3872660e+04   3.0553338e-13
   3.3872486e+04   3.4106051e-13
   3.3872311e+04   3.6948222e-13
   3.3872137e+04   3.3750780e-13
   3.3871963e+04   3.9790393e-13
   3.3871788e+04   3.6060044e-13
   3.3871614e+04   3.4461323e-13
   3.3871440e+04   3.4283687e-13
   3.3871265e+04   3.3928416e-13
   3.3871091e+04   3.3217873e-13
   3.3870917e+04   3.5527137e-13
   3.3870743e+04   3.5527137e-13
   3.3870568e+04   3.5349501e-13
   3.3870394e+04   3.7125858e-13
   3.3870220e+04   3.8369308e-13
   3.3870045e+04   3.8724579e-13
   3.3869871e+04   3.7658765e-13
   3.3869697e+04   3.7658765e-13
   3.3869522e+04   3.7303494e-13
   3.3869348e+04   3.6237680e-13
   3.3869174e+04   3.2684966e-13
   3.3868999e+04   3.8369308e-13
   3.3868825e+04   3.9079850e-13
   3.3868651e+04   3.4816594e-13
   3.3868476e+04   3.5882408e-13
   3.3868302e+04   3.4461323e-13
   3.3868128e+04   3.6060044e-13
   3.3867953e+04   3.1974423e-13
   3.3867779e+04   3.4106051e-13
   3.3867605e+04   3.3750780e-13
   3.3867431e+04   3.7658765e-13
   3.3867256e+04   3.7125858e-13
   3.3867082e+04   3.4461323e-13
   3.3866908e+04   3.7658765e-13
   3.3866733e+04   3.6948222e-13
   3.3866559e+04   3.6060044e-13
   3.3866385e+04   3.8014036e-13
   3.3866210e+04   3.9435122e-13
   3.3866036e+04   3.9168668e-13
   3.3865862e+04   3.8014036e-13
   3.3865687e+04   3.8014036e-13
   3.3865513e+04   3.6948222e-13
   3.3865339e+04   3.6948222e-13
   3.3865164e+04   3.4461323e-13
   3.3864990e+04   3.8724579e-13
   3.3864816e+04   3.7836401e-13
   3.3864641e+04   3.5882408e-13
   3.3864467e+04   3.9079850e-13
   3.3864293e+04   4.0678572e-13
   3.3864119e+04   3.3217873e-13
   3.3863944e+04   3.5171865e-13
   3.3863770e+04   3.6592951e-13
   3.3863596e+04   3.6237680e-13
   3.3863421e+04   3.7303494e-13
   3.3863247e+04   3.6060044e-13
   3.3863073e+04   3.5527137e-13
   3.3862898e+04   3.5349501e-13
   3.3862724e+04   3.2684966e-13
   3.3862550e+04   3.4461323e-13
   3.3862375e+04   3.4638958e-13
   3.3862201e+04   3.6948222e-13
   3.3862027e+04   3.6948222e-13
   3.3861852e+04   3.3573144e-13
   3.3861678e+04   3.1619152e-13
   3.3861504e+04   3.3217873e-13
   3.3861329e+04   3.8369308e-13
   3.3861155e+04   3.8191672e-13
   3.3860981e+04   3.5171865e-13
   3.3860807e+04   3.6948222e-13
   3.3860632e+04   3.7303494e-13
   3.3860458e+04   3.6770587e-13
   3.3860284e+04   3.5527137e-13
   3.3860109e+04   3.9079850e-13
   3.3859935e+04   3.8014036e-13
   3.3859761e+04   3.8902215e-13
   3.3859586e+04   3.3750780e-13
   3.3859412e+04   3.3573144e-13
   3.3859238e+04   3.5171865e-13
   3.3859063e+04   3.3040237e-13
   3.3858889e+04   3.6237680e-13
   3.3858715e+04   3.1441516e-13
   3.3858540e+04   3.8369308e-13
   3.3858366e+04   3.3395509e-13
   3.3858192e+04   3.3395509e-13
   3.3858017e+04   3.0730973e-13
   3.3857843e+04   3.7303494e-13
   3.3857669e+04   3.5704772e-13
   3.3857495e+04   3.1263880e-13
   3.3857320e+04   3.1796787e-13
   3.3857146e+04   3.1974423e-13
   3.3856972e+04   3.1441516e-13
   3.3856797e+04   3.2329694e-13
   3.3856623e+04   3.2507330e-13
   3.3856449e+04   3.4106051e-13
   3.3856274e+04   3.5527137e-13
   3.3856100e+04   3.3040237e-13
   3.3855926e+04   3.2684966e-13
   3.3855751e+04   3.3040237e-13
   3.3855577e+04   3.0198066e-13
   3.3855403e+04   2.7711167e-13
   3.3855228e+04   3.1619152e-13
   3.3855054e+04   3.1974423e-13
   3.3854880e+04   3.0908609e-13
   3.3854705e+04   2.9132252e-13
   3.3854531e+04   3.0908609e-13
   3.3854357e+04   3.0908609e-13
   3.3854183e+04   3.2329694e-13
   3.3854008e+04   2.9132252e-13
   3.3853834e+04   2.9842795e-13
   3.3853660e+04   3.2329694e-13
   3.3853485e+04   2.9842795e-13
   3.3853311e+04   3.3040237e-13
   3.3853137e+04   2.8421709e-13
   3.3852962e+04   2.9842795e-13
   3.3852788e+04   2.8421709e-13
   3.3852614e+04   2.9132252e-13
   3.3852439e+04   2.7711167e-13
   3.3852265e+04   3.0198066e-13
   3.3852091e+04   2.9842795e-13
   3.3851916e+04   3.0553338e-13
   3.3851742e+04   3.0198066e-13
   3.3851568e+04   3.0730973e-13
   3.3851393e+04   3.1619152e-13
   3.3851219e+04   2.8776981e-13
   3.3851045e+04   3.1974423e-13
   3.3850870e+04   2.9132252e-13
   3.3850696e+04   2.8776981e-13
   3.3850522e+04   2.7355895e-13
   3.3850348e+04   2.7711167e-13
   3.3850173e+04   3.2684966e-13
   3.3849999e+04   3.2684966e-13
   3.3849825e+04   2.9132252e-13
   3.3849650e+04   3.0553338e-13
   3.3849476e+04   3.0198066e-13
   3.3849302e+04   3.0908609e-13
   3.3849127e+04   2.6290081e-13
   3.3848953e+04   2.6645353e-13
   3.3848779e+04   2.5579538e-13
   3.3848604e+04   2.8066438e-13
   3.3848430e+04   2.4868996e-13
   3.3848256e+04   2.6645353e-13
   3.3848081e+04   2.8776981e-13
   3.3847907e+04   2.7355895e-13
   3.3847733e+04   2.6290081e-13
   3.3847558e+04   2.2382096e-13
   3.3847384e+04   2.7000624e-13
   3.3847210e+04   2.5934810e-13
   3.3847036e+04   2.4513724e-13
   3.3846861e+04   2.4513724e-13
   3.3846687e+04   2.9132252e-13
   3.3846513e+04   2.2382096e-13
   3.3846338e+04   2.1316282e-13
   3.3846164e+04   2.2382096e-13
   3.3845990e+04   2.3447910e-13
   3.3845815e+04   2.3803182e-13
   3.3845641e+04   1.9895197e-13
   3.3845467e+04   2.3447910e-13
   3.3845292e+04   2.4868996e-13
   3.3845118e+04   2.3447910e-13
   3.3844944e+04   2.1671553e-13
   3.3844769e+04   1.7763568e-13
   3.3844595e+04   2.2026825e-13
   3.3844421e+04   2.3092639e-13
   3.3844246e+04   2.0605739e-13
   3.3844072e+04   1.9184654e-13
   3.3843898e+04   1.8474111e-13
   3.3843724e+04   1.9895197e-13
   3.3843549e+04   1.4921397e-13
   3.3843375e+04   1.4921397e-13
   3.3843201e+04   1.4210855e-13
   3.3843026e+04   1.8474111e-13
   3.3842852e+04   1.2079227e-13
   3.3842678e+04   1.7053026e-13
   3.3842503e+04   2.4158453e-13
   3.3842329e+04   2.2737368e-13
   3.3842155e+04   1.9895197e-13
   3.3841980e+04   1.7053026e-13
   3.3841806e+04   1.4921397e-13
   3.3841632e+04   1.8474111e-13
   3.3841457e+04   1.9184654e-13
   3.3841283e+04   1.4210855e-13
   3.3841109e+04   1.5631940e-13
   3.3840934e+04   1.6342483e-13
   3.3840760e+04   1.4921397e-13
   3.3840586e+04   1.6342483e-13
   3.3840412e+04   1.3500312e-13
   3.3840237e+04   1.3500312e-13
   3.3840063e+04   1.3500312e-13
   3.3839889e+04   1.5631940e-13
   3.3839714e+04   1.8474111e-13
   3.3839540e+04   1.8474111e-13
   3.3839366e+04   1.5631940e-13
   3.3839191e+04   1.4210855e-13
   3.3839017e+04   1.9184654e-13
   3.3838843e+04   2.0605739e-13
   3.3838668e+04   1.3500312e-13
   3.3838494e+04   1.8474111e-13
   3.3838320e+04   1.2789769e-13
   3.3838145e+04   1.5631940e-13
   3.3837971e+04   1.4210855e-13
   3.3837797e+04   1.4210855e-13
   3.3837622e+04   1.6342483e-13
   3.3837448e+04   1.9184654e-13
   3.3837274e+04   1.7763568e-13
   3.3837100e+04   1.7763568e-13
   3.3836925e+04   1.9184654e-13
   3.3836751e+04   2.2737368e-13
   3.3836577e+04   1.9895197e-13
   3.3836402e+04   1.7053026e-13
   3.3836228e+04   2.2026825e-13
   3.3836054e+04   1.6342483e-13
   3.3835879e+04   1.4921397e-13
   3.3835705e+04   1.2079227e-13
   3.3835531e+04   2.0605739e-13
   3.3835356e+04   1.2079227e-13
   3.3835182e+04   1.5631940e-13
   3.3835008e+04   1.4210855e-13
   3.3834833e+04   1.7053026e-13
   3.3834659e+04   1.2789769e-13
   3.3834485e+04   1.4921397e-13
   3.3834310e+04   1.5631940e-13
   3.3834136e+04   1.9184654e-13
   3.3833962e+04   1.8474111e-13
   3.3833788e+04   1.4921397e-13
   3.3833613e+04   1.5631940e-13
   3.3833439e+04   2.0605739e-13
   3.3833265e+04   1.9895197e-13
   3.3833090e+04   1.1368684e-13
   3.3832916e+04   1.6342483e-13
   3.3832742e+04   1.9895197e-13
   3.3832567e+04   1.6342483e-13
   3.3832393e+04   1.4921397e-13
   3.3832219e+04   1.8474111e-13
   3.3832044e+04   1.4210855e-13
   3.3831870e+04   2.0605739e-13
   3.3831696e+04   1.1368684e-13
   3.3831521e+04   1.2789769e-13
   3.3831347e+04   1.3500312e-13
   3.3831173e+04   1.6342483e-13
   3.3830998e+04   1.7053026e-13
   3.3830824e+04   1.3500312e-13
   3.3830650e+04   1.6342483e-13
   3.3830476e+04   1.7053026e-13
   3.3830301e+04   1.4210855e-13
   3.3830127e+04   1.2789769e-13
   3.3829953e+04   1.3500312e-13
   3.3829778e+04   1.3500312e-13
   3.3829604e+04   1.5631940e-13
   3.3829430e+04   1.7053026e-13
   3.3829255e+04   1.5631940e-13
   3.3829081e+04   1.6342483e-13
   3.3828907e+04   9.2370556e-14
   3.3828732e+04   1.5631940e-13
   3.3828558e+04   1.4210855e-13
   3.3828384e+04   1.6342483e-13
   3.3828209e+04   9.2370556e-14
   3.3828035e+04   1.4210855e-13
   3.3827861e+04   1.4210855e-13
   3.3827686e+04   1.7053026e-13
   3.3827512e+04   1.5631940e-13
   3.3827338e+04   1.7763568e-13
   3.3827164e+04   1.1368684e-13
   3.3826989e+04   1.5631940e-13
   3.3826815e+04   9.2370556e-14
   3.3826641e+04   1.2789769e-13
   3.3826466e+04   1.4210855e-13
   3.3826292e+04   1.5631940e-13
   3.3826118e+04   1.4921397e-13
   3.3825943e+04   1.4210855e-13
   3.3825769e+04   1.9184654e-13
   3.3825595e+04   1.7763568e-13
   3.3825420e+04   1.6342483e-13
   3.3825246e+04   1.7053026e-13
   3.3825072e+04   1.9184654e-13
   3.3824897e+04   1.4210855e-13
   3.3824723e+04   1.3500312e-13
   3.3824549e+04   1.6342483e-13
   3.3824374e+04   2.1316282e-13
   3.3824200e+04   1.2789769e-13
   3.3824026e+04   1.7053026e-13
   3.3823852e+04   1.8474111e-13
   3.3823677e+04   1.6342483e-13
   3.3823503e+04   1.9895197e-13
   3.3823329e+04   1.8474111e-13
   3.3823154e+04   1.9184654e-13
   3.3822980e+04   1.9184654e-13
   3.3822806e+04   2.2026825e-13
   3.3822631e+04   2.3447910e-13
   3.3822457e+04   1.7053026e-13
   3.3822283e+04   2.2026825e-13
   3.3822108e+04   2.2026825e-13
   3.3821934e+04   2.2026825e-13
   3.3821760e+04   2.2737368e-13
   3.3821585e+04   2.3447910e-13
   3.3821411e+04   1.9895197e-13
   3.3821237e+04   2.2026825e-13
   3.3821062e+04   2.2026825e-13
   3.3820888e+04   2.2737368e-13
   3.3820714e+04   2.6290081e-13
   3.3820540e+04   1.7763568e-13
   3.3820365e+04   1.8474111e-13
   3.3820191e+04   2.2737368e-13
   3.3820017e+04   2.5579538e-13
   3.3819842e+04   2.5579538e-13
   3.3819668e+04   1.9895197e-13
   3.3819494e+04   2.4868996e-13
   3.3819319e+04   2.4158453e-13
   3.3819145e+04   2.7711167e-13
   3.3818971e+04   2.2737368e-13
   3.3818796e+04   2.7711167e-13
   3.3818622e+04   2.9132252e-13
   3.3818448e+04   2.6290081e-13
   3.3818273e+04   2.5579538e-13
   3.3818099e+04   2.4868996e-13
   3.3817925e+04   2.3447910e-13
   3.3817750e+04   2.6290081e-13
   3.3817576e+04   2.9132252e-13
   3.3817402e+04   2.8421709e-13
   3.3817228e+04   2.7711167e-13
   3.3817053e+04   2.7711167e-13
   3.3816879e+04   2.7000624e-13
   3.3816705e+04   2.9132252e-13
   3.3816530e+04   3.1974423e-13
   3.3816356e+04   2.7711167e-13
   3.3816182e+04   3.2684966e-13
   3.3816007e+04   2.7711167e-13
   3.3815833e+04   2.8421709e-13
   3.3815659e+04   2.7711167e-13
   3.3815484e+04   3.1263880e-13
   3.3815310e+04   3.1974423e-13
   3.3815136e+04   3.2684966e-13
   3.3814961e+04   3.2684966e-13
   3.3814787e+04   2.6290081e-13
   3.3814613e+04   3.4816594e-13
   3.3814438e+04   3.6948222e-13
   3.3814264e+04   3.0198066e-13
   3.3814090e+04   3.0198066e-13
   3.3813916e+04   3.4106051e-13
   3.3813741e+04   2.9132252e-13
   3.3813567e+04   2.9132252e-13
   3.3813393e+04   2.8776981e-13
   3.3813218e+04   3.6592951e-13
   3.3813044e+04   3.3750780e-13
   3.3812870e+04   3.4106051e-13
   3.3812695e+04   3.5171865e-13
   3.3812521e+04   3.5171865e-13
   3.3812347e+04   3.5882408e-13
   3.3812172e+04   3.3395509e-13
   3.3811998e+04   3.5171865e-13
   3.3811824e+04   3.1263880e-13
   3.3811649e+04   3.4106051e-13
   3.3811475e+04   3.3750780e-13
   3.3811301e+04   3.6948222e-13
   3.3811126e+04   3.9790393e-13
   3.3810952e+04   3.5882408e-13
   3.3810778e+04   3.4461323e-13
   3.3810604e+04   3.3395509e-13
   3.3810429e+04   3.1263880e-13
   3.3810255e+04   3.3750780e-13
   3.3810081e+04   3.3395509e-13
   3.3809906e+04   3.5171865e-13
   3.3809732e+04   3.5527137e-13
   3.3809558e+04   3.8014036e-13
   3.3809383e+04   3.6592951e-13
   3.3809209e+04   3.5882408e-13
   3.3809035e+04   3.6592951e-13
   3.3808860e+04   3.5171865e-13
   3.3808686e+04   3.8014036e-13
   3.3808512e+04   3.6592951e-13
   3.3808337e+04   3.6948222e-13
   3.3808163e+04   3.6237680e-13
   3.3807989e+04   3.4461323e-13
   3.3807814e+04   3.4106051e-13
   3.3807640e+04   3.4816594e-13
   3.3807466e+04   3.6415315e-13
   3.3807291e+04   3.7658765e-13
   3.3807117e+04   3.7658765e-13
   3.3806943e+04   3.9079850e-13
   3.3806769e+04   4.2632564e-13
   3.3806594e+04   4.1566750e-13
   3.3806420e+04   4.1389114e-13
   3.3806246e+04   3.9612758e-13
   3.3806071e+04   4.1566750e-13
   3.3805897e+04   4.1033843e-13
   3.3805723e+04   4.1922021e-13
   3.3805548e+04   4.2987836e-13
   3.3805374e+04   4.0323300e-13
   3.3805200e+04   3.9968029e-13
   3.3805025e+04   4.2099657e-13
   3.3804851e+04   3.6770587e-13
   3.3804677e+04   3.8369308e-13
   3.3804502e+04   3.9079850e-13
   3.3804328e+04   4.1211479e-13
   3.3804154e+04   4.3520743e-13
   3.3803979e+04   4.7073456e-13
   3.3803805e+04   4.5474735e-13
   3.3803631e+04   4.4586557e-13
   3.3803457e+04   4.8316906e-13
   3.3803282e+04   4.5297099e-13
   3.3803108e+04   4.5119464e-13
   3.3802934e+04   4.6185278e-13
   3.3802759e+04   4.7783999e-13
   3.3802585e+04   4.4586557e-13
   3.3802411e+04   4.3165471e-13
   3.3802236e+04   4.3520743e-13
   3.3802062e+04   4.8849813e-13
   3.3801888e+04   4.7251092e-13
   3.3801713e+04   4.5119464e-13
   3.3801539e+04   4.6362914e-13
   3.3801365e+04   5.0981441e-13
   3.3801190e+04   5.2224891e-13
   3.3801016e+04   5.1514348e-13
   3.3800842e+04   5.2402527e-13
   3.3800667e+04   5.0270899e-13
   3.3800493e+04   5.1336713e-13
   3.3800319e+04   5.0448534e-13
   3.3800145e+04   5.0448534e-13
   3.3799970e+04   5.5777605e-13
   3.3799796e+04   5.1691984e-13
   3.3799622e+04   5.2047255e-13
   3.3799447e+04   5.1514348e-13
   3.3799273e+04   5.0981441e-13
   3.3799099e+04   5.2047255e-13
   3.3798924e+04   5.1869620e-13
   3.3798750e+04   5.3645977e-13
   3.3798576e+04   5.7376326e-13
   3.3798401e+04   5.4001248e-13
   3.3798227e+04   5.1691984e-13
   3.3798053e+04   5.2935434e-13
   3.3797878e+04   5.5955240e-13
   3.3797704e+04   5.3468341e-13
   3.3797530e+04   5.4001248e-13
   3.3797355e+04   5.3113069e-13
   3.3797181e+04   5.5955240e-13
   3.3797007e+04   5.5244698e-13
   3.3796833e+04   5.5244698e-13
   3.3796658e+04   5.4356519e-13
   3.3796484e+04   5.2757798e-13
   3.3796310e+04   5.3113069e-13
   3.3796135e+04   5.4356519e-13
   3.3795961e+04   5.4356519e-13
   3.3795787e+04   5.5067062e-13
   3.3795612e+04   5.5067062e-13
   3.3795438e+04   5.6843419e-13
   3.3795264e+04   5.6488147e-13
   3.3795089e+04   5.5244698e-13
   3.3794915e+04   5.6488147e-13
   3.3794741e+04   5.7021055e-13
   3.3794566e+04   5.6132876e-13
   3.3794392e+04   5.6754601e-13
   3.3794218e+04   5.6354921e-13
   3.3794043e+04   5.5733196e-13
   3.3793869e+04   5.4800608e-13
   3.3793695e+04   5.2979843e-13
   3.3793521e+04   5.3779203e-13
   3.3793346e+04   5.4645177e-13
   3.3793172e+04   5.6021854e-13
   3.3792998e+04   5.4956040e-13
   3.3792823e+04   5.4334315e-13
   3.3792649e+04   5.2491345e-13
   3.3792475e+04   5.4356519e-13
   3.3792300e+04   5.7553962e-13
   3.3792126e+04   5.6932237e-13
   3.3791952e+04   5.4334315e-13
   3.3791777e+04   5.6288307e-13
   3.3791603e+04   5.9330318e-13
   3.3791429e+04   5.4578564e-13
   3.3791254e+04   5.3290705e-13
   3.3791080e+04   5.2935434e-13
   3.3790906e+04   5.8264504e-13
   3.3790731e+04   5.7531757e-13
   3.3790557e+04   5.6088467e-13
   3.3790383e+04   5.6110672e-13
   3.3790209e+04   5.3423932e-13
   3.3790034e+04   5.4511951e-13
   3.3789860e+04   5.3335114e-13
   3.3789686e+04   5.3290705e-13
   3.3789511e+04   5.3379523e-13
   3.3789337e+04   5.5244698e-13
   3.3789163e+04   5.5599969e-13
   3.3788988e+04   5.3024252e-13
   3.3788814e+04   5.8442140e-13
   3.3788640e+04   5.3645977e-13
   3.3788465e+04   5.5422333e-13
   3.3788291e+04   5.1869620e-13
   3.3788117e+04   5.0626170e-13
   3.3787942e+04   5.5422333e-13
   3.3787768e+04   5.0093263e-13
   3.3787594e+04   5.1514348e-13
   3.3787419e+04   5.5777605e-13
   3.3787245e+04   5.1336713e-13
   3.3787071e+04   4.9293902e-13
   3.3786897e+04   5.2580162e-13
   3.3786722e+04   5.4711791e-13
   3.3786548e+04   5.4356519e-13
   3.3786374e+04   5.6754601e-13
   3.3786199e+04   5.6399330e-13
   3.3786025e+04   5.8086869e-13
   3.3785851e+04   5.7376326e-13
   3.3785676e+04   5.3290705e-13
   3.3785502e+04   5.5777605e-13
   3.3785328e+04   5.3823612e-13
   3.3785153e+04   5.4711791e-13
   3.3784979e+04   5.2224891e-13
   3.3784805e+04   5.4711791e-13
   3.3784630e+04   5.3645977e-13
   3.3784456e+04   5.4800608e-13
   3.3784282e+04   5.3468341e-13
   3.3784107e+04   5.3823612e-13
   3.3783933e+04   5.4534155e-13
   3.3783759e+04   5.4356519e-13
   3.3783585e+04   5.5599969e-13
   3.3783410e+04   5.5777605e-13
   3.3783236e+04   5.8264504e-13
   3.3783062e+04   5.5777605e-13
   3.3782887e+04   5.4356519e-13
   3.3782713e+04   5.4711791e-13
   3.3782539e+04   5.3912430e-13
   3.3782364e+04   5.6754601e-13
   3.3782190e+04   5.9330318e-13
   3.3782016e+04   5.8086869e-13
   3.3781841e+04   5.7021055e-13
   3.3781667e+04   5.4711791e-13
   3.3781493e+04   5.4711791e-13
   3.3781318e+04   5.5511151e-13
   3.3781144e+04   5.8086869e-13
   3.3780970e+04   5.6488147e-13
   3.3780795e+04   5.3290705e-13
   3.3780621e+04   5.5067062e-13
   3.3780447e+04   5.4356519e-13
   3.3780273e+04   5.6132876e-13
   3.3780098e+04   5.1691984e-13
   3.3779924e+04   5.2402527e-13
   3.3779750e+04   5.2935434e-13
   3.3779575e+04   5.4534155e-13
   3.3779401e+04   5.2580162e-13
   3.3779227e+04   5.2846616e-13
   3.3779052e+04   5.0182081e-13
   3.3778878e+04   5.2580162e-13
   3.3778704e+04   5.2047255e-13
   3.3778529e+04   5.1869620e-13
   3.3778355e+04   4.9382720e-13
   3.3778181e+04   5.2935434e-13
   3.3778006e+04   5.2580162e-13
   3.3777832e+04   5.2935434e-13
   3.3777658e+04   5.7198690e-13
   3.3777483e+04   5.1514348e-13
   3.3777309e+04   5.6843419e-13
   3.3777135e+04   5.4001248e-13
   3.3776961e+04   5.6132876e-13
   3.3776786e+04   5.7909233e-13
   3.3776612e+04   5.6132876e-13
   3.3776438e+04   5.5422333e-13
   3.3776263e+04   5.6132876e-13
   3.3776089e+04   5.3290705e-13
   3.3775915e+04   5.3290705e-13
   3.3775740e+04   5.5067062e-13
   3.3775566e+04   5.5777605e-13
   3.3775392e+04   5.6488147e-13
   3.3775217e+04   5.4711791e-13
   3.3775043e+04   5.1869620e-13
   3.3774869e+04   5.3290705e-13
   3.3774694e+04   5.4001248e-13
   3.3774520e+04   5.3645977e-13
   3.3774346e+04   5.6132876e-13
   3.3774171e+04   5.5777605e-13
   3.3773997e+04   5.6843419e-13
   3.3773823e+04   5.5422333e-13
   3.3773649e+04   5.7553962e-13
   3.3773474e+04   5.8975047e-13
   3.3773300e+04   6.0040861e-13
   3.3773126e+04   5.6132876e-13
   3.3772951e+04   5.8264504e-13
   3.3772777e+04   5.6488147e-13
   3.3772603e+04   5.5777605e-13
   3.3772428e+04   5.7909233e-13
   3.3772254e+04   5.5067062e-13
   3.3772080e+04   5.9507954e-13
   3.3771905e+04   5.8797411e-13
   3.3771731e+04   5.9374727e-13
   3.3771557e+04   5.9241501e-13
   3.3771382e+04   6.0351724e-13
   3.3771208e+04   6.0618177e-13
   3.3771034e+04   6.1528560e-13
   3.3770859e+04   6.0151883e-13
   3.3770685e+04   6.1928240e-13
   3.3770511e+04   5.6155081e-13
   3.3770337e+04   5.4090066e-13
   3.3770162e+04   5.7198690e-13
   3.3769988e+04   5.6843419e-13
   3.3769814e+04   5.6044058e-13
   3.3769639e+04   5.6865623e-13
   3.3769465e+04   5.9885430e-13
   3.3769291e+04   6.0040861e-13
   3.3769116e+04   6.1950445e-13
   3.3768942e+04   5.7553962e-13
   3.3768768e+04   5.8619776e-13
   3.3768593e+04   5.9330318e-13
   3.3768419e+04   5.9352523e-13
   3.3768245e+04   6.1151084e-13
   3.3768070e+04   6.2549965e-13
   3.3767896e+04   5.9907634e-13
   3.3767722e+04   6.1306515e-13
   3.3767547e+04   6.1062266e-13
   3.3767373e+04   6.0040861e-13
   3.3767199e+04   5.9596772e-13
   3.3767025e+04   6.1284311e-13
   3.3766850e+04   6.0396133e-13
   3.3766676e+04   6.1106675e-13
   3.3766502e+04   6.5369932e-13
   3.3766327e+04   5.5422333e-13
   3.3766153e+04   6.1106675e-13
   3.3765979e+04   5.8264504e-13
   3.3765804e+04   6.1106675e-13
   3.3765630e+04   6.3238303e-13
   3.3765456e+04   5.9685590e-13
   3.3765281e+04   5.6843419e-13
   3.3765107e+04   5.9685590e-13
   3.3764933e+04   5.8975047e-13
   3.3764758e+04   5.8264504e-13
   3.3764584e+04   6.2527761e-13
   3.3764410e+04   6.3238303e-13
   3.3764235e+04   6.3238303e-13
   3.3764061e+04   6.2527761e-13
   3.3763887e+04   5.8975047e-13
   3.3763712e+04   5.6843419e-13
   3.3763538e+04   6.1106675e-13
   3.3763364e+04   5.6843419e-13
   3.3763190e+04   6.1106675e-13
   3.3763015e+04   6.0396133e-13
   3.3762841e+04   6.1817218e-13
   3.3762667e+04   6.1106675e-13
   3.3762492e+04   6.0751404e-13
   3.3762318e+04   5.9685590e-13
   3.3762144e+04   6.2527761e-13
   3.3761969e+04   6.1106675e-13
   3.3761795e+04   6.2172489e-13
   3.3761621e+04   5.9685590e-13
   3.3761446e+04   6.1461947e-13
   3.3761272e+04   6.3238303e-13
   3.3761098e+04   6.0396133e-13
   3.3760923e+04   5.9685590e-13
   3.3760749e+04   5.8619776e-13
   3.3760575e+04   5.8264504e-13
   3.3760400e+04   6.1106675e-13
   3.3760226e+04   6.2883032e-13
   3.3760052e+04   6.2527761e-13
   3.3759878e+04   6.4659389e-13
   3.3759703e+04   6.1106675e-13
   3.3759529e+04   6.0396133e-13
   3.3759355e+04   5.8619776e-13
   3.3759180e+04   5.8975047e-13
   3.3759006e+04   6.1817218e-13
   3.3758832e+04   6.1106675e-13
   3.3758657e+04   6.3948846e-13
   3.3758483e+04   6.3948846e-13
   3.3758309e+04   6.2172489e-13
   3.3758134e+04   6.1106675e-13
   3.3757960e+04   6.7146289e-13
   3.3757786e+04   6.0396133e-13
   3.3757611e+04   6.3948846e-13
   3.3757437e+04   6.3948846e-13
   3.3757263e+04   6.2172489e-13
   3.3757088e+04   6.3948846e-13
   3.3756914e+04   6.2527761e-13
   3.3756740e+04   6.1817218e-13
   3.3756566e+04   6.3238303e-13
   3.3756391e+04   6.2172489e-13
   3.3756217e+04   6.1817218e-13
   3.3756043e+04   5.9330318e-13
   3.3755868e+04   6.2172489e-13
   3.3755694e+04   6.3948846e-13
   3.3755520e+04   6.8212103e-13
   3.3755345e+04   6.6791017e-13
   3.3755171e+04   6.1106675e-13
   3.3754997e+04   6.6791017e-13
   3.3754822e+04   6.3948846e-13
   3.3754648e+04   6.3948846e-13
   3.3754474e+04   6.5369932e-13
   3.3754299e+04   6.1106675e-13
   3.3754125e+04   5.8264504e-13
   3.3753951e+04   6.5369932e-13
   3.3753776e+04   6.2527761e-13
   3.3753602e+04   6.9633188e-13
   3.3753428e+04   6.8212103e-13
   3.3753254e+04   6.5369932e-13
   3.3753079e+04   6.8212103e-13
   3.3752905e+04   6.5369932e-13
   3.3752731e+04   5.9685590e-13
   3.3752556e+04   6.3948846e-13
   3.3752382e+04   6.5369932e-13
   3.3752208e+04   6.2527761e-13
   3.3752033e+04   6.8212103e-13
   3.3751859e+04   6.8212103e-13
   3.3751685e+04   6.5369932e-13
   3.3751510e+04   6.5369932e-13
   3.3751336e+04   6.2527761e-13
   3.3751162e+04   6.3948846e-13
   3.3750987e+04   6.6791017e-13
   3.3750813e+04   6.3948846e-13
   3.3750639e+04   6.2527761e-13
   3.3750464e+04   6.2527761e-13
   3.3750290e+04   6.1106675e-13
   3.3750116e+04   6.5369932e-13
   3.3749942e+04   5.9685590e-13
   3.3749767e+04   5.9685590e-13
   3.3749593e+04   6.2527761e-13
   3.3749419e+04   6.2527761e-13
   3.3749244e+04   6.3948846e-13
   3.3749070e+04   6.8212103e-13
   3.3748896e+04   6.2527761e-13
   3.3748721e+04   6.5369932e-13
   3.3748547e+04   6.2527761e-13
   3.3748373e+04   6.3948846e-13
   3.3748198e+04   5.9685590e-13
   3.3748024e+04   6.1106675e-13
   3.3747850e+04   6.6791017e-13
   3.3747675e+04   6.3948846e-13
   3.3747501e+04   6.1106675e-13
   3.3747327e+04   6.3238303e-13
   3.3747152e+04   6.2527761e-13
   3.3746978e+04   6.2527761e-13
   3.3746804e+04   6.2527761e-13
   3.3746630e+04   5.6843419e-13
   3.3746455e+04   6.4659389e-13
   3.3746281e+04   6.2527761e-13
   3.3746107e+04   6.0396133e-13
   3.3745932e+04   6.1817218e-13
   3.3745758e+04   6.3948846e-13
   3.3745584e+04   6.4659389e-13
   3.3745409e+04   6.0396133e-13
   3.3745235e+04   6.1106675e-13
   3.3745061e+04   6.6791017e-13
   3.3744886e+04   6.3238303e-13
   3.3744712e+04   6.2527761e-13
   3.3744538e+04   6.5369932e-13
   3.3744363e+04   6.2527761e-13
   3.3744189e+04   6.1106675e-13
   3.3744015e+04   5.6843419e-13
   3.3743840e+04   6.2527761e-13
   3.3743666e+04   5.9685590e-13
   3.3743492e+04   6.5369932e-13
   3.3743318e+04   6.1106675e-13
   3.3743143e+04   6.1106675e-13
   3.3742969e+04   6.2527761e-13
   3.3742795e+04   6.2527761e-13
   3.3742620e+04   6.1106675e-13
   3.3742446e+04   6.2527761e-13
   3.3742272e+04   6.5369932e-13
   3.3742097e+04   5.9685590e-13
   3.3741923e+04   5.8264504e-13
   3.3741749e+04   5.9685590e-13
   3.3741574e+04   5.5422333e-13
   3.3741400e+04   6.1106675e-13
   3.3741226e+04   6.5369932e-13
   3.3741051e+04   5.9685590e-13
   3.3740877e+04   6.5369932e-13
   3.3740703e+04   6.5369932e-13
   3.3740528e+04   6.3948846e-13
   3.3740354e+04   6.5369932e-13
   3.3740180e+04   6.2527761e-13
   3.3740006e+04   5.8264504e-13
   3.3739831e+04   5.8264504e-13
   3.3739657e+04   5.9685590e-13
   3.3739483e+04   5.8264504e-13
   3.3739308e+04   5.9685590e-13
   3.3739134e+04   5.6843419e-13
   3.3738960e+04   6.5369932e-13
   3.3738785e+04   5.6843419e-13
   3.3738611e+04   5.9685590e-13
   3.3738437e+04   5.8264504e-13
   3.3738262e+04   5.9685590e-13
   3.3738088e+04   6.3948846e-13
   3.3737914e+04   6.5369932e-13
   3.3737739e+04   6.3948846e-13
   3.3737565e+04   6.5369932e-13
   3.3737391e+04   6.2527761e-13
   3.3737216e+04   6.1106675e-13
   3.3737042e+04   5.8264504e-13
   3.3736868e+04   6.1106675e-13
   3.3736694e+04   6.2527761e-13
   3.3736519e+04   5.8264504e-13
   3.3736345e+04   5.8264504e-13
   3.3736171e+04   5.9685590e-13
   3.3735996e+04   5.8264504e-13
   3.3735822e+04   5.8264504e-13
   3.3735648e+04   6.5369932e-13
   3.3735473e+04   5.8264504e-13
   3.3735299e+04   6.3948846e-13
   3.3735125e+04   6.2527761e-13
   3.3734950e+04   6.3948846e-13
   3.3734776e+04   5.9685590e-13
   3.3734602e+04   6.1106675e-13
   3.3734427e+04   6.2527761e-13
   3.3734253e+04   5.9685590e-13
   3.3734079e+04   5.8264504e-13
   3.3733904e+04   6.1106675e-13
   3.3733730e+04   6.1106675e-13
   3.3733556e+04   5.6843419e-13
   3.3733382e+04   5.8975047e-13
   3.3733207e+04   6.1817218e-13
   3.3733033e+04   6.1106675e-13
   3.3732859e+04   5.6843419e-13
   3.3732684e+04   6.6791017e-13
   3.3732510e+04   6.2527761e-13
   3.3732336e+04   6.2527761e-13
   3.3732161e+04   6.5369932e-13
   3.3731987e+04   6.3948846e-13
   3.3731813e+04   6.2527761e-13
   3.3731638e+04   6.5369932e-13
   3.3731464e+04   6.3948846e-13
   3.3731290e+04   6.3948846e-13
   3.3731115e+04   6.2527761e-13
   3.3730941e+04   6.2527761e-13
   3.3730767e+04   6.2527761e-13
   3.3730592e+04   6.1106675e-13
   3.3730418e+04   6.2527761e-13
   3.3730244e+04   6.5369932e-13
   3.3730070e+04   6.5369932e-13
   3.3729895e+04   6.1106675e-13
   3.3729721e+04   7.1054274e-13
   3.3729547e+04   6.5369932e-13
   3.3729372e+04   6.9633188e-13
   3.3729198e+04   6.9633188e-13
   3.3729024e+04   6.8212103e-13
   3.3728849e+04   6.3948846e-13
   3.3728675e+04   6.5369932e-13
   3.3728501e+04   6.6791017e-13
   3.3728326e+04   6.2527761e-13
   3.3728152e+04   6.6791017e-13
   3.3727978e+04   6.5369932e-13
   3.3727803e+04   7.1054274e-13
   3.3727629e+04   6.8212103e-13
   3.3727455e+04   6.5369932e-13
   3.3727280e+04   6.5369932e-13
   3.3727106e+04   7.1054274e-13
   3.3726932e+04   6.6791017e-13
   3.3726758e+04   7.1054274e-13
   3.3726583e+04   6.6791017e-13
   3.3726409e+04   6.8212103e-13
   3.3726235e+04   6.2527761e-13
   3.3726060e+04   6.9633188e-13
   3.3725886e+04   6.1106675e-13
   3.3725712e+04   6.5369932e-13
   3.3725537e+04   6.9633188e-13
   3.3725363e+04   6.8212103e-13
   3.3725189e+04   6.2527761e-13
   3.3725014e+04   7.1054274e-13
   3.3724840e+04   5.9685590e-13
   3.3724666e+04   7.3896445e-13
   3.3724491e+04   6.1106675e-13
   3.3724317e+04   7.5317530e-13
   3.3724143e+04   5.4001248e-13
   3.3723968e+04   8.3844043e-13
   3.3723794e+04   4.5474735e-13
   3.3723620e+04   9.6633812e-13
   3.3723446e+04   3.1263880e-13
   3.3723271e+04   1.1937118e-12
   3.3723097e+04   5.6843419e-14
   3.3722923e+04   1.4921397e-12
   3.3722748e+04   3.8369308e-13
   3.3722574e+04   2.1600499e-12
   3.3722400e+04   1.3926638e-12
   3.3722225e+04   3.5598191e-12
   3.3722051e+04   3.5527137e-12
   3.3721877e+04   6.9562134e-12
   3.3721702e+04   9.2725827e-12
   3.3721528e+04   1.6669333e-11
   3.3721354e+04   2.6496139e-11
   3.3721179e+04   4.8572701e-11
   3.3721005e+04   8.7524654e-11
   3.3720831e+04   1.6960655e-10
   3.3720656e+04   3.3633540e-10
   3.3720482e+04   7.0044592e-10
   3.3720308e+04   1.5152679e-09
   3.3720133e+04   3.4360781e-09
   3.3719959e+04   8.1848128e-09
   3.3719785e+04   2.0653118e-08
   3.3719611e+04   5.5739278e-08
   3.3719436e+04   1.6323462e-07
   3.3719262e+04   5.2936409e-07
   3.3719088e+04   1.9597641e-06
   3.3718913e+04   8.6951156e-06
   3.3718739e+04   5.0466918e-05
   3.3718565e+04   4.6799270e-04
   3.3718390e+04   2.2682849e-02
   3.3718216e+04   3.3902151e-01
   3.3718042e+04   1.8759125e+00
   3.3717867e+04   5.8525682e+00
   3.3717693e+04   1.2115473e+01
   3.3717519e+04   1.8540011e+01
   3.3717344e+04   2.3015937e+01
   3.3717170e+04   2.4993312e+01
   3.3716996e+04   2.5104823e+01
   3.3716821e+04   2.4786473e+01
   3.3716647e+04   2.5300913e+01
   3.3716473e+04   2.6104355e+01
   3.3716299e+04   2.5769209e+01
   3.3716124e+04   2.4656206e+01
   3.3715950e+04   2.4623239e+01
   3.3715776e+04   2.5889545e+01
   3.3715601e+04   2.6466877e+01
   3.3715427e+04   2.5544931e+01
   3.3715253e+04   2.4927492e+01
   3.3715078e+04   2.5748641e+01
   3.3714904e+04   2.6432952e+01
   3.3714730e+04   2.5549140e+01
   3.3714555e+04   2.4353244e+01
   3.3714381e+04   2.4932587e+01
   3.3714207e+04   2.7109083e+01
   3.3714032e+04   2.8329868e+01
   3.3713858e+04   2.6809104e+01
   3.3713684e+04   2.4045508e+01
   3.3713509e+04   2.3001955e+01
   3.3713335e+04   2.4517230e+01
   3.3713161e+04   2.7079114e+01
   3.3712987e+04   2.9021282e+01
   3.3712812e+04   2.9218458e+01
   3.3712638e+04   2.7204380e+01
   3.3712464e+04   2.4319892e+01
   3.3712289e+04   2.2893508e+01
   3.3712115e+04   2.3536844e+01
   3.3711941e+04   2.5247503e+01
   3.3711766e+04   2.7221890e+01
   3.3711592e+04   2.8737028e+01
   3.3711418e+04   2.9364494e+01
   3.3711243e+04   2.9700146e+01
   3.3711069e+04   2.9425318e+01
   3.3710895e+04   2.6612035e+01
   3.3710720e+04   2.1552178e+01
   3.3710546e+04   1.8402089e+01
   3.3710372e+04   2.0869495e+01
   3.3710197e+04   2.7808885e+01
   3.3710023e+04   3.3940102e+01
   3.3709849e+04   3.4776529e+01
   3.3709675e+04   3.0702503e+01
   3.3709500e+04   2.6026002e+01
   3.3709326e+04   2.4417600e+01
   3.3709152e+04   2.5486721e+01
   3.3708977e+04   2.6048217e+01
   3.3708803e+04   2.4609072e+01
   3.3708629e+04   2.2834972e+01
   3.3708454e+04   2.2927021e+01
   3.3708280e+04   2.5909381e+01
   3.3708106e+04   3.0944218e+01
   3.3707931e+04   3.4677631e+01
   3.3707757e+04   3.3878763e+01
   3.3707583e+04   2.9328824e+01
   3.3707408e+04   2.5121520e+01
   3.3707234e+04   2.4317987e+01
   3.3707060e+04   2.6014154e+01
   3.3706885e+04   2.6973055e+01
   3.3706711e+04   2.5922958e+01
   3.3706537e+04   2.4375350e+01
   3.3706363e+04   2.3971500e+01
   3.3706188e+04   2.5781708e+01
   3.3706014e+04   3.0033287e+01
   3.3705840e+04   3.4151414e+01
   3.3705665e+04   3.4330109e+01
   3.3705491e+04   3.0453195e+01
   3.3705317e+04   2.6392141e+01
   3.3705142e+04   2.5113600e+01
   3.3704968e+04   2.5990308e+01
   3.3704794e+04   2.6965822e+01
   3.3704619e+04   2.7441215e+01
   3.3704445e+04   2.8184692e+01
   3.3704271e+04   2.9213202e+01
   3.3704096e+04   2.9259161e+01
   3.3703922e+04   2.7725274e+01
   3.3703748e+04   2.6065579e+01
   3.3703573e+04   2.6387615e+01
   3.3703399e+04   2.8981232e+01
   3.3703225e+04   3.1703902e+01
   3.3703051e+04   3.1925589e+01
   3.3702876e+04   2.9346561e+01
   3.3702702e+04   2.6801209e+01
   3.3702528e+04   2.7397151e+01
   3.3702353e+04   3.0769834e+01
   3.3702179e+04   3.3145318e+01
   3.3702005e+04   3.1482701e+01
   3.3701830e+04   2.7034253e+01
   3.3701656e+04   2.4014845e+01
   3.3701482e+04   2.4678343e+01
   3.3701307e+04   2.7253434e+01
   3.3701133e+04   2.9338838e+01
   3.3700959e+04   3.0750926e+01
   3.3700784e+04   3.1894106e+01
   3.3700610e+04   3.2366075e+01
   3.3700436e+04   3.2162241e+01
   3.3700261e+04   3.1536572e+01
   3.3700087e+04   2.9863435e+01
   3.3699913e+04   2.7097458e+01
   3.3699739e+04   2.5042225e+01
   3.3699564e+04   2.5295486e+01
   3.3699390e+04   2.7936277e+01
   3.3699216e+04   3.2422423e+01
   3.3699041e+04   3.6835534e+01
   3.3698867e+04   3.7754209e+01
   3.3698693e+04   3.4175587e+01
   3.3698518e+04   2.9236058e+01
   3.3698344e+04   2.5858426e+01
   3.3698170e+04   2.3919849e+01
   3.3697995e+04   2.3401662e+01
   3.3697821e+04   2.6038063e+01
   3.3697647e+04   3.1024412e+01
   3.3697472e+04   3.3903111e+01
   3.3697298e+04   3.2812239e+01
   3.3697124e+04   3.0743938e+01
   3.3696949e+04   3.0485530e+01
   3.3696775e+04   3.2188681e+01
   3.3696601e+04   3.4561517e+01
   3.3696427e+04   3.5627188e+01
   3.3696252e+04   3.4998142e+01
   3.3696078e+04   3.4684807e+01
   3.3695904e+04   3.4812294e+01
   3.3695729e+04   3.2387154e+01
   3.3695555e+04   2.6824477e+01
   3.3695381e+04   2.1863177e+01
   3.3695206e+04   2.0659475e+01
   3.3695032e+04   2.3035194e+01
   3.3694858e+04   2.7069264e+01
   3.3694683e+04   3.0703442e+01
   3.3694509e+04   3.3306359e+01
   3.3694335e+04   3.6331718e+01
   3.3694160e+04   4.0489485e+01
   3.3693986e+04   4.3412248e+01
   3.3693812e+04   4.2456315e+01
   3.3693637e+04   3.8279952e+01
   3.3693463e+04   3.3564554e+01
   3.3693289e+04   2.9561606e+01
   3.3693115e+04   2.6017866e+01
   3.3692940e+04   2.3843830e+01
   3.3692766e+04   2.5065287e+01
   3.3692592e+04   2.9208327e+01
   3.3692417e+04   3.2302487e+01
   3.3692243e+04   3.1276583e+01
   3.3692069e+04   2.7993981e+01
   3.3691894e+04   2.7517968e+01
   3.3691720e+04   3.2226621e+01
   3.3691546e+04   3.8522213e+01
   3.3691371e+04   4.0946201e+01
   3.3691197e+04   3.8581721e+01
   3.3691023e+04   3.5141917e+01
   3.3690848e+04   3.4379666e+01
   3.3690674e+04   3.7100903e+01
   3.3690500e+04   4.0414693e+01
   3.3690325e+04   3.9821453e+01
   3.3690151e+04   3.4404660e+01
   3.3689977e+04   2.8313515e+01
   3.3689803e+04   2.5825954e+01
   3.3689628e+04   2.8288700e+01
   3.3689454e+04   3.5829181e+01
   3.3689280e+04   4.7265553e+01
   3.3689105e+04   5.8257438e+01
   3.3688931e+04   6.4229664e+01
   3.3688757e+04   6.5825464e+01
   3.3688582e+04   6.7853039e+01
   3.3688408e+04   7.2679110e+01
   3.3688234e+04   7.7942251e+01
   3.3688059e+04   7.9909614e+01
   3.3687885e+04   7.6464824e+01
   3.3687711e+04   6.8976580e+01
   3.3687536e+04   6.2705927e+01
   3.3687362e+04   6.2900017e+01
   3.3687188e+04   6.9552811e+01
   3.3687013e+04   7.6572160e+01
   3.3686839e+04   7.7116107e+01
   3.3686665e+04   7.0848927e+01
   3.3686491e+04   6.4219919e+01
   3.3686316e+04   6.2843880e+01
   3.3686142e+04   6.6100938e+01
   3.3685968e+04   6.9537000e+01
   3.3685793e+04   7.0374019e+01
   3.3685619e+04   6.9293447e+01
   3.3685445e+04   6.7757266e+01
   3.3685270e+04   6.6578475e+01
   3.3685096e+04   6.7679825e+01
   3.3684922e+04   7.3728198e+01
   3.3684747e+04   8.3724806e+01
   3.3684573e+04   9.1010744e+01
   3.3684399e+04   8.9143648e+01
   3.3684224e+04   7.9448764e+01
   3.3684050e+04   6.9135267e+01
   3.3683876e+04   6.3227668e+01
   3.3683701e+04   6.2628311e+01
   3.3683527e+04   6.6504310e+01
   3.3683353e+04   7.1737919e+01
   3.3683179e+04   7.4122288e+01
   3.3683004e+04   7.2822409e+01
   3.3682830e+04   7.0253515e+01
   3.3682656e+04   6.8446575e+01
   3.3682481e+04   6.8972863e+01
   3.3682307e+04   7.3415541e+01
   3.3682133e+04   8.0409661e+01
   3.3681958e+04   8.5848452e+01
   3.3681784e+04   8.7754226e+01
   3.3681610e+04   8.6532273e+01
   3.3681435e+04   8.1841790e+01
   3.3681261e+04   7.4575458e+01
   3.3681087e+04   6.8836113e+01
   3.3680912e+04   6.8162048e+01
   3.3680738e+04   7.2491573e+01
   3.3680564e+04   7.8757661e+01
   3.3680389e+04   8.2455250e+01
   3.3680215e+04   8.0639928e+01
   3.3680041e+04   7.4855907e+01
   3.3679867e+04   7.0546447e+01
   3.3679692e+04   7.2415397e+01
   3.3679518e+04   7.9152655e+01
   3.3679344e+04   8.4442104e+01
   3.3679169e+04   8.4265956e+01
   3.3678995e+04   8.0681408e+01
   3.3678821e+04   7.8258015e+01
   3.3678646e+04   7.9240177e+01
   3.3678472e+04   8.2232914e+01
   3.3678298e+04   8.4144790e+01
   3.3678123e+04   8.3035090e+01
   3.3677949e+04   7.9994463e+01
   3.3677775e+04   7.8316025e+01
   3.3677600e+04   7.9421288e+01
   3.3677426e+04   8.0993766e+01
   3.3677252e+04   8.1785060e+01
   3.3677077e+04   8.4534037e+01
   3.3676903e+04   8.9828728e+01
   3.3676729e+04   9.2487256e+01
   3.3676554e+04   8.8696269e+01
   3.3676380e+04   8.1337483e+01
   3.3676206e+04   7.5415836e+01
   3.3676032e+04   7.2879027e+01
   3.3675857e+04   7.3691887e+01
   3.3675683e+04   7.8556596e+01
   3.3675509e+04   8.7303653e+01
   3.3675334e+04   9.5768437e+01
   3.3675160e+04   9.8247995e+01
   3.3674986e+04   9.3379127e+01
   3.3674811e+04   8.5308062e+01
   3.3674637e+04   7.9929603e+01
   3.3674463e+04   8.1269172e+01
   3.3674288e+04   8.8900716e+01
   3.3674114e+04   9.7445346e+01
   3.3673940e+04   1.0116893e+02
   3.3673765e+04   9.8722911e+01
   3.3673591e+04   9.1702211e+01
   3.3673417e+04   8.2421615e+01
   3.3673242e+04   7.4979753e+01
   3.3673068e+04   7.4052740e+01
   3.3672894e+04   8.1029791e+01
   3.3672720e+04   9.2192726e+01
   3.3672545e+04   1.0012351e+02
   3.3672371e+04   1.0010461e+02
   3.3672197e+04   9.6549662e+01
   3.3672022e+04   9.6774394e+01
   3.3671848e+04   9.9481721e+01
   3.3671674e+04   9.8371061e+01
   3.3671499e+04   9.3489778e+01
   3.3671325e+04   9.0272099e+01
   3.3671151e+04   9.1517747e+01
   3.3670976e+04   9.5597486e+01
   3.3670802e+04   9.9292625e+01
   3.3670628e+04   1.0037166e+02
   3.3670453e+04   9.9224224e+01
   3.3670279e+04   9.8479661e+01
   3.3670105e+04   9.9662014e+01
   3.3669930e+04   1.0104782e+02
   3.3669756e+04   1.0108311e+02
   3.3669582e+04   1.0084646e+02
   3.3669408e+04   1.0040367e+02
   3.3669233e+04   9.7753214e+01
   3.3669059e+04   9.3300517e+01
   3.3668885e+04   9.0980345e+01
   3.3668710e+04   9.4471566e+01
   3.3668536e+04   1.0410171e+02
   3.3668362e+04   1.1663028e+02
   3.3668187e+04   1.2689585e+02
   3.3668013e+04   1.2972496e+02
   3.3667839e+04   1.2262687e+02
   3.3667664e+04   1.0915503e+02
   3.3667490e+04   9.7994018e+01
   3.3667316e+04   9.6104635e+01
   3.3667141e+04   1.0262845e+02
   3.3666967e+04   1.1035127e+02
   3.3666793e+04   1.1357340e+02
   3.3666618e+04   1.1300211e+02
   3.3666444e+04   1.1217496e+02
   3.3666270e+04   1.1272316e+02
   3.3666096e+04   1.1504793e+02
   3.3665921e+04   1.2016812e+02
   3.3665747e+04   1.2813209e+02
   3.3665573e+04   1.3559302e+02
   3.3665398e+04   1.3786137e+02
   3.3665224e+04   1.3461100e+02
   3.3665050e+04   1.3069288e+02
   3.3664875e+04   1.3047319e+02
   3.3664701e+04   1.3491950e+02
   3.3664527e+04   1.4266253e+02
   3.3664352e+04   1.5013617e+02
   3.3664178e+04   1.5418688e+02
   3.3664004e+04   1.5571072e+02
   3.3663829e+04   1.5671190e+02
   3.3663655e+04   1.5630149e+02
   3.3663481e+04   1.5295646e+02
   3.3663306e+04   1.4770493e+02
   3.3663132e+04   1.4308710e+02
   3.3662958e+04   1.3992633e+02
   3.3662784e+04   1.3674614e+02
   3.3662609e+04   1.3319657e+02
   3.3662435e+04   1.3248236e+02
   3.3662261e+04   1.3886623e+02
   3.3662086e+04   1.5250276e+02
   3.3661912e+04   1.6757942e+02
   3.3661738e+04   1.7643294e+02
   3.3661563e+04   1.7504990e+02
   3.3661389e+04   1.6586033e+02
   3.3661215e+04   1.5654591e+02
   3.3661040e+04   1.5383715e+02
   3.3660866e+04   1.5804140e+02
   3.3660692e+04   1.6546915e+02
   3.3660517e+04   1.7348410e+02
   3.3660343e+04   1.8060668e+02
   3.3660169e+04   1.8552755e+02
   3.3659994e+04   1.8819855e+02
   3.3659820e+04   1.8903732e+02
   3.3659646e+04   1.8718109e+02
   3.3659472e+04   1.8162025e+02
   3.3659297e+04   1.7357149e+02
   3.3659123e+04   1.6661120e+02
   3.3658949e+04   1.6349498e+02
   3.3658774e+04   1.6378307e+02
   3.3658600e+04   1.6573504e+02
   3.3658426e+04   1.6769376e+02
   3.3658251e+04   1.6765365e+02
   3.3658077e+04   1.6593596e+02
   3.3657903e+04   1.6723716e+02
   3.3657728e+04   1.7541999e+02
   3.3657554e+04   1.8718567e+02
   3.3657380e+04   1.9517711e+02
   3.3657205e+04   1.9617511e+02
   3.3657031e+04   1.9186921e+02
   3.3656857e+04   1.8417988e+02
   3.3656682e+04   1.7453155e+02
   3.3656508e+04   1.6589351e+02
   3.3656334e+04   1.6230965e+02
   3.3656160e+04   1.6480579e+02
   3.3655985e+04   1.6900093e+02
   3.3655811e+04   1.7072282e+02
   3.3655637e+04   1.7205097e+02
   3.3655462e+04   1.7826387e+02
   3.3655288e+04   1.9145291e+02
   3.3655114e+04   2.0701006e+02
   3.3654939e+04   2.1469126e+02
   3.3654765e+04   2.0740648e+02
   3.3654591e+04   1.9049252e+02
   3.3654416e+04   1.7731874e+02
   3.3654242e+04   1.7432067e+02
   3.3654068e+04   1.7618999e+02
   3.3653893e+04   1.7767962e+02
   3.3653719e+04   1.8167703e+02
   3.3653545e+04   1.9131709e+02
   3.3653370e+04   2.0226929e+02
   3.3653196e+04   2.0898931e+02
   3.3653022e+04   2.1285382e+02
   3.3652848e+04   2.1759921e+02
   3.3652673e+04   2.2232547e+02
   3.3652499e+04   2.2581082e+02
   3.3652325e+04   2.3064801e+02
   3.3652150e+04   2.3623206e+02
   3.3651976e+04   2.3548405e+02
   3.3651802e+04   2.2515242e+02
   3.3651627e+04   2.1266048e+02
   3.3651453e+04   2.0784185e+02
   3.3651279e+04   2.1264714e+02
   3.3651104e+04   2.2029497e+02
   3.3650930e+04   2.2166965e+02
   3.3650756e+04   2.1440428e+02
   3.3650581e+04   2.0531548e+02
   3.3650407e+04   1.9972486e+02
   3.3650233e+04   1.9358642e+02
   3.3650058e+04   1.8415932e+02
   3.3649884e+04   1.7995545e+02
   3.3649710e+04   1.8817879e+02
   3.3649536e+04   2.0082307e+02
   3.3649361e+04   2.0495686e+02
   3.3649187e+04   1.9921896e+02
   3.3649013e+04   1.9136507e+02
   3.3648838e+04   1.8581287e+02
   3.3648664e+04   1.8114373e+02
   3.3648490e+04   1.7722918e+02
   3.3648315e+04   1.7768961e+02
   3.3648141e+04   1.8410459e+02
   3.3647967e+04   1.9259309e+02
   3.3647792e+04   1.9740200e+02
   3.3647618e+04   1.9558673e+02
   3.3647444e+04   1.8839483e+02
   3.3647269e+04   1.7965517e+02
   3.3647095e+04   1.7355731e+02
   3.3646921e+04   1.7327904e+02
   3.3646746e+04   1.7962786e+02
   3.3646572e+04   1.8950365e+02
   3.3646398e+04   1.9599003e+02
   3.3646224e+04   1.9258899e+02
   3.3646049e+04   1.8081758e+02
   3.3645875e+04   1.7187766e+02
   3.3645701e+04   1.7460366e+02
   3.3645526e+04   1.8376486e+02
   3.3645352e+04   1.8858179e+02
   3.3645178e+04   1.8805543e+02
   3.3645003e+04   1.8746788e+02
   3.3644829e+04   1.8654821e+02
   3.3644655e+04   1.8250849e+02
   3.3644480e+04   1.7906920e+02
   3.3644306e+04   1.8161557e+02
   3.3644132e+04   1.8634459e+02
   3.3643957e+04   1.8349604e+02
   3.3643783e+04   1.7058195e+02
   3.3643609e+04   1.5597575e+02
   3.3643434e+04   1.4882825e+02
   3.3643260e+04   1.4906958e+02
   3.3643086e+04   1.5040012e+02
   3.3642912e+04   1.5049313e+02
   3.3642737e+04   1.5129230e+02
   3.3642563e+04   1.5205306e+02
   3.3642389e+04   1.5120673e+02
   3.3642214e+04   1.5147880e+02
   3.3642040e+04   1.5527065e+02
   3.3641866e+04   1.5986252e+02
   3.3641691e+04   1.6161994e+02
   3.3641517e+04   1.5993780e+02
   3.3641343e+04   1.5744036e+02
   3.3641168e+04   1.5960627e+02
   3.3640994e+04   1.6924480e+02
   3.3640820e+04   1.8045970e+02
   3.3640645e+04   1.8530715e+02
   3.3640471e+04   1.8557553e+02
   3.3640297e+04   1.9036171e+02
   3.3640122e+04   2.0246477e+02
   3.3639948e+04   2.1345614e+02
   3.3639774e+04   2.1332709e+02
   3.3639600e+04   2.0111704e+02
   3.3639425e+04   1.8436402e+02
   3.3639251e+04   1.7157478e+02
   3.3639077e+04   1.6664521e+02
   3.3638902e+04   1.6674425e+02
   3.3638728e+04   1.6585157e+02
   3.3638554e+04   1.6244823e+02
   3.3638379e+04   1.5952455e+02
   3.3638205e+04   1.5689866e+02
   3.3638031e+04   1.5122389e+02
   3.3637856e+04   1.4398675e+02
   3.3637682e+04   1.4144859e+02
   3.3637508e+04   1.4521653e+02
   3.3637333e+04   1.4925416e+02
   3.3637159e+04   1.4769861e+02
   3.3636985e+04   1.4096704e+02
   3.3636810e+04   1.3417464e+02
   3.3636636e+04   1.3308294e+02
   3.3636462e+04   1.3873950e+02
   3.3636288e+04   1.4381179e+02
   3.3636113e+04   1.3984530e+02
   3.3635939e+04   1.2877341e+02
   3.3635765e+04   1.2147654e+02
   3.3635590e+04   1.2504780e+02
   3.3635416e+04   1.3432930e+02
   3.3635242e+04   1.3791356e+02
   3.3635067e+04   1.3267127e+02
   3.3634893e+04   1.2613005e+02
   3.3634719e+04   1.2361191e+02
   3.3634544e+04   1.2275419e+02
   3.3634370e+04   1.2124535e+02
   3.3634196e+04   1.2086665e+02
   3.3634021e+04   1.2319452e+02
   3.3633847e+04   1.2632603e+02
   3.3633673e+04   1.2692978e+02
   3.3633498e+04   1.2401897e+02
   3.3633324e+04   1.1923687e+02
   3.3633150e+04   1.1443817e+02
   3.3632975e+04   1.1162396e+02
   3.3632801e+04   1.1330573e+02
   3.3632627e+04   1.1949859e+02
   3.3632453e+04   1.2582277e+02
   3.3632278e+04   1.2590371e+02
   3.3632104e+04   1.1685194e+02
   3.3631930e+04   1.0507927e+02
   3.3631755e+04   1.0219527e+02
   3.3631581e+04   1.1079154e+02
   3.3631407e+04   1.2087743e+02
   3.3631232e+04   1.2253624e+02
   3.3631058e+04   1.1552103e+02
   3.3630884e+04   1.0702812e+02
   3.3630709e+04   1.0370085e+02
   3.3630535e+04   1.0367778e+02
   3.3630361e+04   9.8154442e+01
   3.3630186e+04   8.4405090e+01
   3.3630012e+04   7.1229479e+01
   3.3629838e+04   6.6641509e+01
   3.3629663e+04   6.7709168e+01
   3.3629489e+04   6.7433034e+01
   3.3629315e+04   6.4208901e+01
   3.3629141e+04   6.0442689e+01
   3.3628966e+04   5.8309407e+01
   3.3628792e+04   5.9178542e+01
   3.3628618e+04   6.2664423e+01
   3.3628443e+04   6.6237905e+01
   3.3628269e+04   6.7359559e+01
   3.3628095e+04   6.4613602e+01
   3.3627920e+04   5.8528505e+01
   3.3627746e+04   5.3204394e+01
   3.3627572e+04   5.3918480e+01
   3.3627397e+04   6.0909692e+01
   3.3627223e+04   6.7576924e+01
   3.3627049e+04   6.7130931e+01
   3.3626874e+04   6.0177848e+01
   3.3626700e+04   5.3386715e+01
   3.3626526e+04   5.2080121e+01
   3.3626351e+04   5.6302270e+01
   3.3626177e+04   6.1671013e+01
   3.3626003e+04   6.3138875e+01
   3.3625829e+04   6.0157441e+01
   3.3625654e+04   5.6516440e+01
   3.3625480e+04   5.4733188e+01
   3.3625306e+04   5.4799415e+01
   3.3625131e+04   5.6434349e+01
   3.3624957e+04   5.8077433e+01
   3.3624783e+04   5.7669588e+01
   3.3624608e+04   5.6300807e+01
   3.3624434e+04   5.6040228e+01
   3.3624260e+04   5.6052096e+01
   3.3624085e+04   5.5287066e+01
   3.3623911e+04   5.4636677e+01
   3.3623737e+04   5.4397315e+01
   3.3623562e+04   5.4242889e+01
   3.3623388e+04   5.4855847e+01
   3.3623214e+04   5.6146268e+01
   3.3623039e+04   5.6229107e+01
   3.3622865e+04   5.4057792e+01
   3.3622691e+04   5.1293116e+01
   3.3622517e+04   5.0960757e+01
   3.3622342e+04   5.3956999e+01
   3.3622168e+04   5.6780882e+01
   3.3621994e+04   5.5426301e+01
   3.3621819e+04   5.1532929e+01
   3.3621645e+04   5.0067687e+01
   3.3621471e+04   5.1725132e+01
   3.3621296e+04   5.3240818e+01
   3.3621122e+04   5.3323155e+01
   3.3620948e+04   5.2965780e+01
   3.3620773e+04   5.2296524e+01
   3.3620599e+04   5.0966963e+01
   3.3620425e+04   4.9957777e+01
   3.3620250e+04   5.0644182e+01
   3.3620076e+04   5.2404537e+01
   3.3619902e+04   5.2882879e+01
   3.3619727e+04   5.1165839e+01
   3.3619553e+04   4.9123266e+01
   3.3619379e+04   4.9023599e+01
   3.3619205e+04   5.0830775e+01
   3.3619030e+04   5.2118462e+01
   3.3618856e+04   5.0866055e+01
   3.3618682e+04   4.8518339e+01
   3.3618507e+04   4.8419829e+01
   3.3618333e+04   5.0427579e+01
   3.3618159e+04   5.0855240e+01
   3.3617984e+04   4.9011252e+01
   3.3617810e+04   4.8186383e+01
   3.3617636e+04   4.9192674e+01
   3.3617461e+04   4.9518768e+01
   3.3617287e+04   4.8689678e+01
   3.3617113e+04   4.8336737e+01
   3.3616938e+04   4.8548346e+01
   3.3616764e+04   4.8462561e+01
   3.3616590e+04   4.8129487e+01
   3.3616415e+04   4.7338160e+01
   3.3616241e+04   4.4182376e+01
   3.3616067e+04   3.6312279e+01
   3.3615893e+04   2.4146103e+01
   3.3615718e+04   1.1933469e+01
   3.3615544e+04   3.9787878e+00
   3.3615370e+04   7.6753425e-01
   3.3615195e+04   5.7312363e-02
   3.3615021e+04   1.2002198e-03
   3.3614847e+04   1.4748374e-04
   3.3614672e+04   2.9430332e-05
   3.3614498e+04   7.7773257e-06
   3.3614324e+04   2.4864419e-06
   3.3614149e+04   9.1413904e-07
   3.3613975e+04   3.7426946e-07
   3.3613801e+04   1.6694855e-07
   3.3613626e+04   7.9867450e-08
   3.3613452e+04   4.0501545e-08
   3.3613278e+04   2.1575426e-08
   3.3613103e+04   1.1990263e-08
   3.3612929e+04   6.9110713e-09
   3.3612755e+04   4.1141757e-09
   3.3612581e+04   2.5185987e-09
   3.3612406e+04   1.5820536e-09
   3.3612232e+04   1.0155377e-09
   3.3612058e+04   6.6624617e-10
   3.3611883e+04   4.4420090e-10
   3.3611709e+04   3.0222447e-10
   3.3611535e+04   2.0773228e-10
   3.3611360e+04   1.4589885e-10
   3.3611186e+04   1.0270185e-10
   3.3611012e+04   7.4297013e-11
   3.3610837e+04   5.3228533e-11
   3.3610663e+04   3.9635850e-11
   3.3610489e+04   2.8687275e-11
   3.3610314e+04   2.1978863e-11
   3.3610140e+04   1.5990764e-11
   3.3609966e+04   1.2704504e-11
   3.3609791e+04   9.1375796e-12
   3.3609617e+04   7.6685325e-12
   3.3609443e+04   5.3290705e-12
   3.3609269e+04   4.7712945e-12
   3.3609094e+04   3.1157299e-12
   3.3608920e+04   3.0588865e-12
   3.3608746e+04   1.8598456e-12
   3.3608571e+04   2.0348168e-12
   3.3608397e+04   1.0871304e-12
   3.3608223e+04   1.4281909e-12
   3.3608048e+04   6.0040861e-13
   3.3607874e+04   1.0365042e-12
   3.3607700e+04   2.8155256e-13
   3.3607525e+04   7.7271523e-13
   3.3607351e+04   1.2967405e-13
   3.3607177e+04   6.6080474e-13
   3.3607002e+04   3.5527137e-15
   3.3606828e+04   5.3113069e-13
   3.3606654e+04   1.2079227e-13
   3.3606479e+04   4.8672177e-13
   3.3606305e+04   1.8474111e-13
   3.3606131e+04   4.4408921e-13
   3.3605957e+04   2.1405100e-13
   3.3605782e+04   4.0678572e-13
   3.3605608e+04   2.5401903e-13
   3.3605434e+04   4.1033843e-13
   3.3605259e+04   3.2329694e-13
   3.3605085e+04   3.9257486e-13
   3.3604911e+04   3.3750780e-13
   3.3604736e+04   3.8369308e-13
   3.3604562e+04   3.1619152e-13
   3.3604388e+04   3.4461323e-13
   3.3604213e+04   3.2684966e-13
   3.3604039e+04   3.6859404e-13
   3.3603865e+04   3.1175063e-13
   3.3603690e+04   3.3040237e-13
   3.3603516e+04   3.0375702e-13
   3.3603342e+04   3.1441516e-13
   3.3603167e+04   3.2684966e-13
   3.3602993e+04   3.4106051e-13
   3.3602819e+04   2.8510527e-13
   3.3602645e+04   3.1086245e-13
   3.3602470e+04   3.1619152e-13
   3.3602296e+04   3.4816594e-13
   3.3602122e+04   3.1619152e-13
   3.3601947e+04   3.2329694e-13
   3.3601773e+04   3.1974423e-13
   3.3601599e+04   3.4638958e-13
   3.3601424e+04   3.1796787e-13
   3.3601250e+04   2.8066438e-13
   3.3601076e+04   3.1086245e-13
   3.3600901e+04   3.1263880e-13
   3.3600727e+04   3.2240877e-13
   3.3600553e+04   3.0997427e-13
   3.3600378e+04   3.0553338e-13
   3.3600204e+04   2.7888802e-13
   3.3600030e+04   2.7711167e-13
   3.3599855e+04   3.1619152e-13
   3.3599681e+04   3.0198066e-13
   3.3599507e+04   3.1974423e-13
   3.3599333e+04   3.3395509e-13
   3.3599158e+04   3.0198066e-13
   3.3598984e+04   3.3928416e-13
   3.3598810e+04   3.2152059e-13
   3.3598635e+04   3.3395509e-13
   3.3598461e+04   3.1086245e-13
   3.3598287e+04   3.1441516e-13
   3.3598112e+04   3.1974423e-13
   3.3597938e+04   3.4106051e-13
   3.3597764e+04   3.2152059e-13
   3.3597589e+04   3.4106051e-13
   3.3597415e+04   3.2862602e-13
   3.3597241e+04   3.4461323e-13
   3.3597066e+04   3.3573144e-13
   3.3596892e+04   3.5704772e-13
   3.3596718e+04   3.6948222e-13
   3.3596543e+04   3.8191672e-13
   3.3596369e+04   3.4994230e-13
   3.3596195e+04   3.2507330e-13
   3.3596021e+04   3.9257486e-13
   3.3595846e+04   3.1263880e-13
   3.3595672e+04   3.2152059e-13
   3.3595498e+04   3.4994230e-13
   3.3595323e+04   3.4106051e-13
   3.3595149e+04   3.4461323e-13
   3.3594975e+04   3.4106051e-13
   3.3594800e+04   3.3040237e-13
   3.3594626e+04   3.5171865e-13
   3.3594452e+04   3.2684966e-13
   3.3594277e+04   3.6060044e-13
   3.3594103e+04   3.4461323e-13
   3.3593929e+04   3.3217873e-13
   3.3593754e+04   3.6237680e-13
   3.3593580e+04   3.3129055e-13
   3.3593406e+04   3.1841196e-13
   3.3593231e+04   3.3884007e-13
   3.3593057e+04   3.4905412e-13
   3.3592883e+04   3.4505732e-13
   3.3592709e+04   3.3706371e-13
   3.3592534e+04   3.6171066e-13
   3.3592360e+04   3.4172665e-13
   3.3592186e+04   3.3284486e-13
   3.3592011e+04   3.6926018e-13
   3.3591837e+04   3.6148862e-13
   3.3591663e+04   3.6060044e-13
   3.3591488e+04   3.1263880e-13
   3.3591314e+04   3.5083048e-13
   3.3591140e+04   3.7458925e-13
   3.3590965e+04   3.6037839e-13
   3.3590791e+04   3.3040237e-13
   3.3590617e+04   3.4683367e-13
   3.3590442e+04   3.6415315e-13
   3.3590268e+04   3.4283687e-13
   3.3590094e+04   3.0730973e-13
   3.3589919e+04   3.6037839e-13
   3.3589745e+04   3.6370906e-13
   3.3589571e+04   3.1774583e-13
   3.3589396e+04   3.4949821e-13
   3.3589222e+04   3.6037839e-13
   3.3589048e+04   3.5216274e-13
   3.3588874e+04   3.2329694e-13
   3.3588699e+04   3.1707970e-13
   3.3588525e+04   3.0730973e-13
   3.3588351e+04   3.3040237e-13
   3.3588176e+04   3.1974423e-13
   3.3588002e+04   2.8421709e-13
   3.3587828e+04   3.3040237e-13
   3.3587653e+04   3.4461323e-13
   3.3587479e+04   3.6237680e-13
   3.3587305e+04   3.4816594e-13
   3.3587130e+04   3.3040237e-13
   3.3586956e+04   3.4106051e-13
   3.3586782e+04   3.5882408e-13
   3.3586607e+04   3.1263880e-13
   3.3586433e+04   3.3750780e-13
   3.3586259e+04   3.0908609e-13
   3.3586084e+04   3.3040237e-13
   3.3585910e+04   3.2329694e-13
   3.3585736e+04   3.5171865e-13
   3.3585562e+04   3.5882408e-13
   3.3585387e+04   3.5171865e-13
   3.3585213e+04   3.1263880e-13
   3.3585039e+04   3.4106051e-13
   3.3584864e+04   4.0856207e-13
   3.3584690e+04   3.4106051e-13
   3.3584516e+04   3.4106051e-13
   3.3584341e+04   3.6415315e-13
   3.3584167e+04   3.6592951e-13
   3.3583993e+04   3.5527137e-13
   3.3583818e+04   3.5527137e-13
   3.3583644e+04   3.1974423e-13
   3.3583470e+04   3.3750780e-13
   3.3583295e+04   3.2152059e-13
   3.3583121e+04   3.2862602e-13
   3.3582947e+04   3.5882408e-13
   3.3582772e+04   3.4283687e-13
   3.3582598e+04   3.6237680e-13
   3.3582424e+04   3.3040237e-13
   3.3582250e+04   3.4638958e-13
   3.3582075e+04   3.5349501e-13
   3.3581901e+04   3.7836401e-13
   3.3581727e+04   3.8902215e-13
   3.3581552e+04   3.9079850e-13
   3.3581378e+04   4.1211479e-13
   3.3581204e+04   3.9079850e-13
   3.3581029e+04   3.9257486e-13
   3.3580855e+04   3.7836401e-13
   3.3580681e+04   4.0145665e-13
   3.3580506e+04   3.7481129e-13
   3.3580332e+04   3.4816594e-13
   3.3580158e+04   3.9612758e-13
   3.3579983e+04   4.1922021e-13
   3.3579809e+04   3.6237680e-13
   3.3579635e+04   3.4638958e-13
   3.3579460e+04   3.6770587e-13
   3.3579286e+04   3.8902215e-13
   3.3579112e+04   3.6415315e-13
   3.3578938e+04   3.5349501e-13
   3.3578763e+04   4.0145665e-13
   3.3578589e+04   4.0856207e-13
   3.3578415e+04   3.4994230e-13
   3.3578240e+04   3.6770587e-13
   3.3578066e+04   3.6592951e-13
   3.3577892e+04   3.7303494e-13
   3.3577717e+04   3.4994230e-13
   3.3577543e+04   3.3928416e-13
   3.3577369e+04   3.4994230e-13
   3.3577194e+04   3.7658765e-13
   3.3577020e+04   3.8369308e-13
   3.3576846e+04   3.6237680e-13
   3.3576671e+04   3.7658765e-13
   3.3576497e+04   3.6237680e-13
   3.3576323e+04   3.6948222e-13
   3.3576148e+04   3.1974423e-13
   3.3575974e+04   3.4106051e-13
   3.3575800e+04   3.6237680e-13
   3.3575626e+04   3.7658765e-13
   3.3575451e+04   3.1263880e-13
   3.3575277e+04   3.4816594e-13
   3.3575103e+04   3.3395509e-13
   3.3574928e+04   3.4106051e-13
   3.3574754e+04   3.4106051e-13
   3.3574580e+04   3.2684966e-13
   3.3574405e+04   3.2684966e-13
   3.3574231e+04   3.4106051e-13
   3.3574057e+04   3.1974423e-13
   3.3573882e+04   3.1263880e-13
   3.3573708e+04   3.6237680e-13
   3.3573534e+04   3.1263880e-13
   3.3573359e+04   3.1974423e-13
   3.3573185e+04   3.3395509e-13
   3.3573011e+04   3.7658765e-13
   3.3572836e+04   3.1263880e-13
   3.3572662e+04   3.1974423e-13
   3.3572488e+04   3.0553338e-13
   3.3572314e+04   3.3395509e-13
   3.3572139e+04   3.3395509e-13
   3.3571965e+04   3.1263880e-13
   3.3571791e+04   3.1974423e-13
   3.3571616e+04   3.3395509e-13
   3.3571442e+04   2.9842795e-13
   3.3571268e+04   2.7711167e-13
   3.3571093e+04   2.6290081e-13
   3.3570919e+04   2.7711167e-13
   3.3570745e+04   2.9842795e-13
   3.3570570e+04   2.7711167e-13
   3.3570396e+04   2.5579538e-13
   3.3570222e+04   2.7711167e-13
   3.3570047e+04   2.5579538e-13
   3.3569873e+04   2.7711167e-13
   3.3569699e+04   2.5579538e-13
   3.3569524e+04   2.7000624e-13
   3.3569350e+04   2.9132252e-13
   3.3569176e+04   2.3447910e-13
   3.3569002e+04   2.8421709e-13
   3.3568827e+04   3.0198066e-13
   3.3568653e+04   2.7355895e-13
   3.3568479e+04   2.2737368e-13
   3.3568304e+04   2.7711167e-13
   3.3568130e+04   3.3395509e-13
   3.3567956e+04   3.3040237e-13
   3.3567781e+04   2.8066438e-13
   3.3567607e+04   3.3040237e-13
   3.3567433e+04   3.2684966e-13
   3.3567258e+04   2.9487524e-13
   3.3567084e+04   3.0908609e-13
   3.3566910e+04   2.8776981e-13
   3.3566735e+04   3.1263880e-13
   3.3566561e+04   2.9487524e-13
   3.3566387e+04   2.7000624e-13
   3.3566212e+04   2.8421709e-13
   3.3566038e+04   2.9132252e-13
   3.3565864e+04   2.9842795e-13
   3.3565690e+04   2.6290081e-13
   3.3565515e+04   2.9842795e-13
   3.3565341e+04   2.5579538e-13
   3.3565167e+04   3.0553338e-13
   3.3564992e+04   2.9842795e-13
   3.3564818e+04   3.1974423e-13
   3.3564644e+04   2.7711167e-13
   3.3564469e+04   2.9842795e-13
   3.3564295e+04   1.9895197e-13
   3.3564121e+04   2.4868996e-13
   3.3563946e+04   2.1316282e-13
   3.3563772e+04   2.1316282e-13
   3.3563598e+04   2.0605739e-13
   3.3563423e+04   2.6290081e-13
   3.3563249e+04   2.4158453e-13
   3.3563075e+04   2.0605739e-13
   3.3562900e+04   2.0605739e-13
   3.3562726e+04   2.2737368e-13
   3.3562552e+04   2.8421709e-13
   3.3562378e+04   1.9895197e-13
   3.3562203e+04   2.6290081e-13
   3.3562029e+04   2.4868996e-13
   3.3561855e+04   2.7000624e-13
   3.3561680e+04   2.4158453e-13
   3.3561506e+04   2.4158453e-13
   3.3561332e+04   2.0605739e-13
   3.3561157e+04   2.4868996e-13
   3.3560983e+04   2.4158453e-13
   3.3560809e+04   2.4158453e-13
   3.3560634e+04   2.6290081e-13
   3.3560460e+04   2.4868996e-13
   3.3560286e+04   2.2737368e-13
   3.3560111e+04   2.2737368e-13
   3.3559937e+04   2.2737368e-13
   3.3559763e+04   2.2737368e-13
   3.3559588e+04   2.6290081e-13
   3.3559414e+04   2.5579538e-13
   3.3559240e+04   2.1316282e-13
   3.3559066e+04   2.4868996e-13
   3.3558891e+04   2.4158453e-13
   3.3558717e+04   2.2737368e-13
   3.3558543e+04   2.4158453e-13
   3.3558368e+04   2.6290081e-13
   3.3558194e+04   2.7000624e-13
   3.3558020e+04   2.3447910e-13
   3.3557845e+04   2.3447910e-13
   3.3557671e+04   2.7711167e-13
   3.3557497e+04   2.8421709e-13
   3.3557322e+04   2.4868996e-13
   3.3557148e+04   2.7000624e-13
   3.3556974e+04   2.9132252e-13
   3.3556799e+04   2.2026825e-13
   3.3556625e+04   2.5579538e-13
   3.3556451e+04   2.7000624e-13
   3.3556276e+04   2.9842795e-13
   3.3556102e+04   2.4158453e-13
   3.3555928e+04   2.3447910e-13
   3.3555754e+04   2.5579538e-13
   3.3555579e+04   2.7000624e-13
   3.3555405e+04   2.3447910e-13
   3.3555231e+04   2.2026825e-13
   3.3555056e+04   2.6290081e-13
   3.3554882e+04   2.6645353e-13
   3.3554708e+04   2.6290081e-13
   3.3554533e+04   2.4158453e-13
   3.3554359e+04   2.8066438e-13
   3.3554185e+04   2.3447910e-13
   3.3554010e+04   2.9132252e-13
   3.3553836e+04   2.7000624e-13
   3.3553662e+04   2.5579538e-13
   3.3553487e+04   2.4868996e-13
   3.3553313e+04   3.1974423e-13
   3.3553139e+04   2.5579538e-13
   3.3552964e+04   2.7000624e-13
   3.3552790e+04   2.9132252e-13
   3.3552616e+04   2.9842795e-13
   3.3552442e+04   3.1263880e-13
   3.3552267e+04   2.9842795e-13
   3.3552093e+04   2.8421709e-13
   3.3551919e+04   2.7000624e-13
   3.3551744e+04   2.3447910e-13
   3.3551570e+04   2.4158453e-13
   3.3551396e+04   2.6290081e-13
   3.3551221e+04   2.2737368e-13
   3.3551047e+04   2.2737368e-13
   3.3550873e+04   2.6290081e-13
   3.3550698e+04   2.9132252e-13
   3.3550524e+04   2.9132252e-13
   3.3550350e+04   2.6290081e-13
   3.3550175e+04   2.6290081e-13
   3.3550001e+04   2.3447910e-13
   3.3549827e+04   2.7000624e-13
   3.3549652e+04   2.4158453e-13
   3.3549478e+04   2.7000624e-13
   3.3549304e+04   2.5579538e-13
   3.3549130e+04   2.4158453e-13
   3.3548955e+04   2.6290081e-13
   3.3548781e+04   2.0605739e-13
   3.3548607e+04   1.9184654e-13
   3.3548432e+04   2.1316282e-13
   3.3548258e+04   2.7000624e-13
   3.3548084e+04   2.4158453e-13
   3.3547909e+04   2.5579538e-13
   3.3547735e+04   2.4158453e-13
   3.3547561e+04   2.6290081e-13
   3.3547386e+04   2.2026825e-13
   3.3547212e+04   2.2026825e-13
   3.3547038e+04   2.6290081e-13
   3.3546863e+04   2.0605739e-13
   3.3546689e+04   2.1316282e-13
   3.3546515e+04   2.4158453e-13
   3.3546340e+04   2.2737368e-13
   3.3546166e+04   2.2026825e-13
   3.3545992e+04   2.4868996e-13
   3.3545817e+04   2.7711167e-13
   3.3545643e+04   2.4868996e-13
   3.3545469e+04   2.2026825e-13
   3.3545295e+04   2.3447910e-13
   3.3545120e+04   2.7000624e-13
   3.3544946e+04   2.4158453e-13
   3.3544772e+04   2.7000624e-13
   3.3544597e+04   2.8421709e-13
   3.3544423e+04   2.9132252e-13
   3.3544249e+04   2.4158453e-13
   3.3544074e+04   2.7711167e-13
   3.3543900e+04   2.8421709e-13
   3.3543726e+04   2.8066438e-13
   3.3543551e+04   2.7000624e-13
   3.3543377e+04   2.5934810e-13
   3.3543203e+04   2.8776981e-13
   3.3543028e+04   2.9132252e-13
   3.3542854e+04   2.7355895e-13
   3.3542680e+04   2.8421709e-13
   3.3542505e+04   2.9487524e-13
   3.3542331e+04   2.3447910e-13
   3.3542157e+04   3.0908609e-13
   3.3541983e+04   3.0198066e-13
   3.3541808e+04   3.0908609e-13
   3.3541634e+04   2.7711167e-13
   3.3541460e+04   2.7000624e-13
   3.3541285e+04   2.9487524e-13
   3.3541111e+04   3.1263880e-13
   3.3540937e+04   3.2329694e-13
   3.3540762e+04   2.6290081e-13
   3.3540588e+04   2.6290081e-13
   3.3540414e+04   2.7711167e-13
   3.3540239e+04   3.2684966e-13
   3.3540065e+04   3.0553338e-13
   3.3539891e+04   3.3040237e-13
   3.3539716e+04   3.3395509e-13
   3.3539542e+04   3.0553338e-13
   3.3539368e+04   3.2329694e-13
   3.3539193e+04   3.0375702e-13
   3.3539019e+04   3.2329694e-13
   3.3538845e+04   2.7355895e-13
   3.3538671e+04   3.3395509e-13
   3.3538496e+04   3.1974423e-13
   3.3538322e+04   3.3040237e-13
   3.3538148e+04   2.9487524e-13
   3.3537973e+04   2.7711167e-13
   3.3537799e+04   3.0553338e-13
   3.3537625e+04   2.9132252e-13
   3.3537450e+04   2.7000624e-13
   3.3537276e+04   3.1974423e-13
   3.3537102e+04   3.3040237e-13
   3.3536927e+04   2.5934810e-13
   3.3536753e+04   2.9842795e-13
   3.3536579e+04   2.8066438e-13
   3.3536404e+04   2.9842795e-13
   3.3536230e+04   2.9487524e-13
   3.3536056e+04   2.9132252e-13
   3.3535881e+04   2.8776981e-13
   3.3535707e+04   2.9487524e-13
   3.3535533e+04   2.9487524e-13
   3.3535359e+04   3.2684966e-13
   3.3535184e+04   2.8776981e-13
   3.3535010e+04   2.5579538e-13
   3.3534836e+04   2.6645353e-13
   3.3534661e+04   2.8066438e-13
   3.3534487e+04   2.5224267e-13
   3.3534313e+04   2.9132252e-13
   3.3534138e+04   3.1619152e-13
   3.3533964e+04   3.2684966e-13
   3.3533790e+04   2.8776981e-13
   3.3533615e+04   2.9132252e-13
   3.3533441e+04   3.3040237e-13
   3.3533267e+04   2.9842795e-13
   3.3533092e+04   2.9132252e-13
   3.3532918e+04   3.0553338e-13
   3.3532744e+04   3.1974423e-13
   3.3532569e+04   3.2507330e-13
   3.3532395e+04   3.0198066e-13
   3.3532221e+04   3.0553338e-13
   3.3532047e+04   2.7711167e-13
   3.3531872e+04   2.7888802e-13
   3.3531698e+04   2.8776981e-13
   3.3531524e+04   3.1619152e-13
   3.3531349e+04   3.0464520e-13
   3.3531175e+04   2.8066438e-13
   3.3531001e+04   2.8776981e-13
   3.3530826e+04   3.1974423e-13
   3.3530652e+04   3.2684966e-13
   3.3530478e+04   3.3750780e-13
   3.3530303e+04   3.1619152e-13
   3.3530129e+04   3.1796787e-13
   3.3529955e+04   3.2329694e-13
   3.3529780e+04   3.2684966e-13
   3.3529606e+04   3.2507330e-13
   3.3529432e+04   2.8599345e-13
   3.3529257e+04   3.0198066e-13
   3.3529083e+04   3.4461323e-13
   3.3528909e+04   2.9132252e-13
   3.3528735e+04   3.0198066e-13
   3.3528560e+04   3.1441516e-13
   3.3528386e+04   3.1263880e-13
   3.3528212e+04   3.3573144e-13
   3.3528037e+04   3.1263880e-13
   3.3527863e+04   3.2329694e-13
   3.3527689e+04   3.0020431e-13
   3.3527514e+04   3.4106051e-13
   3.3527340e+04   3.4106051e-13
   3.3527166e+04   3.3928416e-13
   3.3526991e+04   3.2329694e-13
   3.3526817e+04   3.2862602e-13
   3.3526643e+04   3.4816594e-13
   3.3526468e+04   3.4283687e-13
   3.3526294e+04   3.1619152e-13
   3.3526120e+04   3.2684966e-13
   3.3525945e+04   3.6592951e-13
   3.3525771e+04   3.4283687e-13
   3.3525597e+04   3.4106051e-13
   3.3525423e+04   3.7658765e-13
   3.3525248e+04   3.5882408e-13
   3.3525074e+04   3.4283687e-13
   3.3524900e+04   3.2329694e-13
   3.3524725e+04   3.4638958e-13
   3.3524551e+04   3.8014036e-13
   3.3524377e+04   3.5882408e-13
   3.3524202e+04   3.9079850e-13
   3.3524028e+04   3.5349501e-13
   3.3523854e+04   3.6237680e-13
   3.3523679e+04   3.1974423e-13
   3.3523505e+04   3.4106051e-13
   3.3523331e+04   2.9665159e-13
   3.3523156e+04   3.6592951e-13
   3.3522982e+04   3.6770587e-13
   3.3522808e+04   3.4106051e-13
   3.3522633e+04   3.0020431e-13
   3.3522459e+04   2.7000624e-13
   3.3522285e+04   3.1796787e-13
   3.3522111e+04   3.0908609e-13
   3.3521936e+04   3.2862602e-13
   3.3521762e+04   3.4106051e-13
   3.3521588e+04   3.4106051e-13
