   3.3878412e+04   4.5119464e-13
   3.3878238e+04   4.5474735e-13
   3.3878064e+04   4.5119464e-13
   3.3877889e+04   4.4764192e-13
   3.3877715e+04   4.4586557e-13
   3.3877541e+04   4.7073456e-13
   3.3877367e+04   4.9737992e-13
   3.3877192e+04   5.0803806e-13
   3.3877018e+04   5.3113069e-13
   3.3876844e+04   4.7961635e-13
   3.3876669e+04   4.8316906e-13
   3.3876495e+04   4.9915627e-13
   3.3876321e+04   4.4053650e-13
   3.3876146e+04   4.5474735e-13
   3.3875972e+04   4.9915627e-13
   3.3875798e+04   5.3113069e-13
   3.3875623e+04   4.7606363e-13
   3.3875449e+04   4.9205084e-13
   3.3875275e+04   4.8672177e-13
   3.3875100e+04   5.3290705e-13
   3.3874926e+04   4.9382720e-13
   3.3874752e+04   4.9205084e-13
   3.3874577e+04   5.0093263e-13
   3.3874403e+04   5.2224891e-13
   3.3874229e+04   5.4711791e-13
   3.3874055e+04   5.0803806e-13
   3.3873880e+04   5.0448534e-13
   3.3873706e+04   4.8316906e-13
   3.3873532e+04   4.8672177e-13
   3.3873357e+04   4.7961635e-13
   3.3873183e+04   4.7783999e-13
   3.3873009e+04   5.2224891e-13
   3.3872834e+04   5.1514348e-13
   3.3872660e+04   4.9027449e-13
   3.3872486e+04   4.5830006e-13
   3.3872311e+04   5.0093263e-13
   3.3872137e+04   4.9027449e-13
   3.3871963e+04   4.6895821e-13
   3.3871788e+04   4.7961635e-13
   3.3871614e+04   5.1869620e-13
   3.3871440e+04   5.4001248e-13
   3.3871265e+04   5.0448534e-13
   3.3871091e+04   4.9737992e-13
   3.3870917e+04   5.0093263e-13
   3.3870743e+04   4.9027449e-13
   3.3870568e+04   4.7783999e-13
   3.3870394e+04   5.3290705e-13
   3.3870220e+04   5.2224891e-13
   3.3870045e+04   5.4001248e-13
   3.3869871e+04   5.0448534e-13
   3.3869697e+04   5.0448534e-13
   3.3869522e+04   5.3290705e-13
   3.3869348e+04   5.0093263e-13
   3.3869174e+04   5.0803806e-13
   3.3868999e+04   5.4711791e-13
   3.3868825e+04   5.5599969e-13
   3.3868651e+04   6.2350125e-13
   3.3868476e+04   5.8619776e-13
   3.3868302e+04   5.7553962e-13
   3.3868128e+04   5.3290705e-13
   3.3867953e+04   5.8264504e-13
   3.3867779e+04   5.6132876e-13
   3.3867605e+04   5.8264504e-13
   3.3867431e+04   6.0040861e-13
   3.3867256e+04   6.0218497e-13
   3.3867082e+04   5.6665783e-13
   3.3866908e+04   5.5599969e-13
   3.3866733e+04   5.5244698e-13
   3.3866559e+04   5.6488147e-13
   3.3866385e+04   5.5777605e-13
   3.3866210e+04   5.7376326e-13
   3.3866036e+04   5.8797411e-13
   3.3865862e+04   6.1461947e-13
   3.3865687e+04   6.0751404e-13
   3.3865513e+04   6.0396133e-13
   3.3865339e+04   6.0396133e-13
   3.3865164e+04   5.9152683e-13
   3.3864990e+04   6.0929040e-13
   3.3864816e+04   6.0396133e-13
   3.3864641e+04   6.1461947e-13
   3.3864467e+04   6.2527761e-13
   3.3864293e+04   6.2350125e-13
   3.3864119e+04   6.1994854e-13
   3.3863944e+04   6.3060668e-13
   3.3863770e+04   6.0751404e-13
   3.3863596e+04   5.9330318e-13
   3.3863421e+04   5.8442140e-13
   3.3863247e+04   6.4481753e-13
   3.3863073e+04   6.8212103e-13
   3.3862898e+04   6.3593575e-13
   3.3862724e+04   6.5014660e-13
   3.3862550e+04   5.9507954e-13
   3.3862375e+04   6.8212103e-13
   3.3862201e+04   6.3948846e-13
   3.3862027e+04   6.1817218e-13
   3.3861852e+04   6.3948846e-13
   3.3861678e+04   6.7323924e-13
   3.3861504e+04   6.5547567e-13
   3.3861329e+04   6.3238303e-13
   3.3861155e+04   6.5725203e-13
   3.3860981e+04   7.1054274e-13
   3.3860807e+04   6.4659389e-13
   3.3860632e+04   6.5192296e-13
   3.3860458e+04   6.5547567e-13
   3.3860284e+04   7.0699002e-13
   3.3860109e+04   6.7146289e-13
   3.3859935e+04   6.7501560e-13
   3.3859761e+04   6.7146289e-13
   3.3859586e+04   6.5192296e-13
   3.3859412e+04   6.2172489e-13
   3.3859238e+04   6.5369932e-13
   3.3859063e+04   6.5902839e-13
   3.3858889e+04   6.9633188e-13
   3.3858715e+04   6.7323924e-13
   3.3858540e+04   6.2705396e-13
   3.3858366e+04   6.7501560e-13
   3.3858192e+04   6.4304118e-13
   3.3858017e+04   6.5014660e-13
   3.3857843e+04   6.5014660e-13
   3.3857669e+04   6.4304118e-13
   3.3857495e+04   7.0166095e-13
   3.3857320e+04   6.6968653e-13
   3.3857146e+04   6.5902839e-13
   3.3856972e+04   6.3593575e-13
   3.3856797e+04   6.6791017e-13
   3.3856623e+04   6.4659389e-13
   3.3856449e+04   6.1817218e-13
   3.3856274e+04   6.6791017e-13
   3.3856100e+04   6.9633188e-13
   3.3855926e+04   6.6791017e-13
   3.3855751e+04   6.6080474e-13
   3.3855577e+04   6.7501560e-13
   3.3855403e+04   6.4304118e-13
   3.3855228e+04   6.8212103e-13
   3.3855054e+04   6.8567374e-13
   3.3854880e+04   6.8567374e-13
   3.3854705e+04   7.4251716e-13
   3.3854531e+04   7.2475359e-13
   3.3854357e+04   7.2120088e-13
   3.3854183e+04   7.1409545e-13
   3.3854008e+04   7.2120088e-13
   3.3853834e+04   6.9633188e-13
   3.3853660e+04   7.0699002e-13
   3.3853485e+04   7.0343731e-13
   3.3853311e+04   7.1409545e-13
   3.3853137e+04   7.2475359e-13
   3.3852962e+04   7.3185902e-13
   3.3852788e+04   7.3185902e-13
   3.3852614e+04   7.0699002e-13
   3.3852439e+04   7.3185902e-13
   3.3852265e+04   7.3541173e-13
   3.3852091e+04   7.4606987e-13
   3.3851916e+04   7.9580786e-13
   3.3851742e+04   7.9580786e-13
   3.3851568e+04   7.5317530e-13
   3.3851393e+04   7.1054274e-13
   3.3851219e+04   7.4251716e-13
   3.3851045e+04   7.1054274e-13
   3.3850870e+04   7.4606987e-13
   3.3850696e+04   7.1054274e-13
   3.3850522e+04   7.5317530e-13
   3.3850348e+04   7.2830630e-13
   3.3850173e+04   6.8922645e-13
   3.3849999e+04   7.3541173e-13
   3.3849825e+04   7.3541173e-13
   3.3849650e+04   6.8922645e-13
   3.3849476e+04   6.9277917e-13
   3.3849302e+04   7.1409545e-13
   3.3849127e+04   7.3541173e-13
   3.3848953e+04   7.3185902e-13
   3.3848779e+04   6.8922645e-13
   3.3848604e+04   6.9277917e-13
   3.3848430e+04   7.1409545e-13
   3.3848256e+04   6.9988459e-13
   3.3848081e+04   7.2830630e-13
   3.3847907e+04   6.9277917e-13
   3.3847733e+04   7.2475359e-13
   3.3847558e+04   6.9988459e-13
   3.3847384e+04   6.8212103e-13
   3.3847210e+04   7.1764816e-13
   3.3847036e+04   6.8212103e-13
   3.3846861e+04   6.8922645e-13
   3.3846687e+04   7.0343731e-13
   3.3846513e+04   6.8922645e-13
   3.3846338e+04   7.2475359e-13
   3.3846164e+04   7.1054274e-13
   3.3845990e+04   6.8212103e-13
   3.3845815e+04   6.8922645e-13
   3.3845641e+04   7.2830630e-13
   3.3845467e+04   6.9277917e-13
   3.3845292e+04   6.7146289e-13
   3.3845118e+04   7.1409545e-13
   3.3844944e+04   7.3541173e-13
   3.3844769e+04   6.9633188e-13
   3.3844595e+04   6.8922645e-13
   3.3844421e+04   6.9633188e-13
   3.3844246e+04   6.9988459e-13
   3.3844072e+04   6.8212103e-13
   3.3843898e+04   6.7501560e-13
   3.3843724e+04   7.1764816e-13
   3.3843549e+04   7.3185902e-13
   3.3843375e+04   6.8212103e-13
   3.3843201e+04   6.3948846e-13
   3.3843026e+04   6.3238303e-13
   3.3842852e+04   6.5369932e-13
   3.3842678e+04   6.6791017e-13
   3.3842503e+04   6.6791017e-13
   3.3842329e+04   6.4659389e-13
   3.3842155e+04   6.8212103e-13
   3.3841980e+04   6.6080474e-13
   3.3841806e+04   6.0396133e-13
   3.3841632e+04   6.4659389e-13
   3.3841457e+04   6.5369932e-13
   3.3841283e+04   6.6791017e-13
   3.3841109e+04   6.5369932e-13
   3.3840934e+04   6.6791017e-13
   3.3840760e+04   6.7501560e-13
   3.3840586e+04   7.0343731e-13
   3.3840412e+04   6.2527761e-13
   3.3840237e+04   6.4659389e-13
   3.3840063e+04   6.8212103e-13
   3.3839889e+04   6.7501560e-13
   3.3839714e+04   6.5369932e-13
   3.3839540e+04   6.1817218e-13
   3.3839366e+04   6.2527761e-13
   3.3839191e+04   6.6791017e-13
   3.3839017e+04   6.3238303e-13
   3.3838843e+04   6.3948846e-13
   3.3838668e+04   6.7501560e-13
   3.3838494e+04   6.1817218e-13
   3.3838320e+04   6.4659389e-13
   3.3838145e+04   6.2527761e-13
   3.3837971e+04   7.0343731e-13
   3.3837797e+04   6.6791017e-13
   3.3837622e+04   6.6080474e-13
   3.3837448e+04   6.6791017e-13
   3.3837274e+04   6.7501560e-13
   3.3837100e+04   6.5369932e-13
   3.3836925e+04   6.6080474e-13
   3.3836751e+04   6.6791017e-13
   3.3836577e+04   6.1817218e-13
   3.3836402e+04   6.2527761e-13
   3.3836228e+04   5.6132876e-13
   3.3836054e+04   6.6080474e-13
   3.3835879e+04   6.3238303e-13
   3.3835705e+04   6.3238303e-13
   3.3835531e+04   6.0396133e-13
   3.3835356e+04   6.3948846e-13
   3.3835182e+04   6.8922645e-13
   3.3835008e+04   6.5369932e-13
   3.3834833e+04   6.0396133e-13
   3.3834659e+04   6.1817218e-13
   3.3834485e+04   6.3238303e-13
   3.3834310e+04   6.2527761e-13
   3.3834136e+04   6.1106675e-13
   3.3833962e+04   6.5369932e-13
   3.3833788e+04   6.7501560e-13
   3.3833613e+04   6.7501560e-13
   3.3833439e+04   6.3948846e-13
   3.3833265e+04   6.2527761e-13
   3.3833090e+04   6.1817218e-13
   3.3832916e+04   6.1817218e-13
   3.3832742e+04   6.1817218e-13
   3.3832567e+04   6.5369932e-13
   3.3832393e+04   6.9633188e-13
   3.3832219e+04   7.0343731e-13
   3.3832044e+04   6.3238303e-13
   3.3831870e+04   6.1817218e-13
   3.3831696e+04   6.2527761e-13
   3.3831521e+04   6.2527761e-13
   3.3831347e+04   6.5369932e-13
   3.3831173e+04   6.3238303e-13
   3.3830998e+04   6.3238303e-13
   3.3830824e+04   6.3238303e-13
   3.3830650e+04   5.8975047e-13
   3.3830476e+04   5.8975047e-13
   3.3830301e+04   6.3948846e-13
   3.3830127e+04   6.2527761e-13
   3.3829953e+04   6.0396133e-13
   3.3829778e+04   6.3238303e-13
   3.3829604e+04   6.8212103e-13
   3.3829430e+04   6.6791017e-13
   3.3829255e+04   6.4659389e-13
   3.3829081e+04   6.3238303e-13
   3.3828907e+04   6.6080474e-13
   3.3828732e+04   6.3948846e-13
   3.3828558e+04   5.7553962e-13
   3.3828384e+04   6.2527761e-13
   3.3828209e+04   6.5369932e-13
   3.3828035e+04   6.0396133e-13
   3.3827861e+04   5.7553962e-13
   3.3827686e+04   6.0396133e-13
   3.3827512e+04   6.0396133e-13
   3.3827338e+04   5.9685590e-13
   3.3827164e+04   5.8975047e-13
   3.3826989e+04   6.0396133e-13
   3.3826815e+04   6.6080474e-13
   3.3826641e+04   5.7553962e-13
   3.3826466e+04   5.8975047e-13
   3.3826292e+04   6.1106675e-13
   3.3826118e+04   5.6843419e-13
   3.3825943e+04   5.6132876e-13
   3.3825769e+04   5.8264504e-13
   3.3825595e+04   5.8975047e-13
   3.3825420e+04   6.0396133e-13
   3.3825246e+04   5.6843419e-13
   3.3825072e+04   5.6132876e-13
   3.3824897e+04   5.7553962e-13
   3.3824723e+04   5.8264504e-13
   3.3824549e+04   5.4711791e-13
   3.3824374e+04   5.4001248e-13
   3.3824200e+04   5.0448534e-13
   3.3824026e+04   5.7553962e-13
   3.3823852e+04   5.4001248e-13
   3.3823677e+04   4.9027449e-13
   3.3823503e+04   5.4001248e-13
   3.3823329e+04   5.5422333e-13
   3.3823154e+04   5.0448534e-13
   3.3822980e+04   4.9737992e-13
   3.3822806e+04   5.2580162e-13
   3.3822631e+04   5.6132876e-13
   3.3822457e+04   5.4001248e-13
   3.3822283e+04   4.8316906e-13
   3.3822108e+04   5.1869620e-13
   3.3821934e+04   5.4711791e-13
   3.3821760e+04   5.7553962e-13
   3.3821585e+04   5.5422333e-13
   3.3821411e+04   5.7553962e-13
   3.3821237e+04   6.1817218e-13
   3.3821062e+04   5.9685590e-13
   3.3820888e+04   5.2580162e-13
   3.3820714e+04   5.6132876e-13
   3.3820540e+04   5.7553962e-13
   3.3820365e+04   5.5422333e-13
   3.3820191e+04   5.3290705e-13
   3.3820017e+04   5.4001248e-13
   3.3819842e+04   6.3238303e-13
   3.3819668e+04   5.8264504e-13
   3.3819494e+04   4.6185278e-13
   3.3819319e+04   5.6132876e-13
   3.3819145e+04   5.7553962e-13
   3.3818971e+04   5.6132876e-13
   3.3818796e+04   5.0448534e-13
   3.3818622e+04   5.1869620e-13
   3.3818448e+04   5.3290705e-13
   3.3818273e+04   5.6132876e-13
   3.3818099e+04   4.9737992e-13
   3.3817925e+04   5.3290705e-13
   3.3817750e+04   5.3290705e-13
   3.3817576e+04   5.3290705e-13
   3.3817402e+04   4.9737992e-13
   3.3817228e+04   4.8316906e-13
   3.3817053e+04   5.4001248e-13
   3.3816879e+04   5.1159077e-13
   3.3816705e+04   4.9027449e-13
   3.3816530e+04   4.7606363e-13
   3.3816356e+04   5.0448534e-13
   3.3816182e+04   4.7606363e-13
   3.3816007e+04   4.6895821e-13
   3.3815833e+04   4.5474735e-13
   3.3815659e+04   5.1869620e-13
   3.3815484e+04   4.8316906e-13
   3.3815310e+04   4.4764192e-13
   3.3815136e+04   5.0448534e-13
   3.3814961e+04   4.9737992e-13
   3.3814787e+04   4.5474735e-13
   3.3814613e+04   4.6895821e-13
   3.3814438e+04   4.7606363e-13
   3.3814264e+04   5.0448534e-13
   3.3814090e+04   4.7606363e-13
   3.3813916e+04   4.2632564e-13
   3.3813741e+04   5.1159077e-13
   3.3813567e+04   4.8316906e-13
   3.3813393e+04   4.9027449e-13
   3.3813218e+04   4.3698378e-13
   3.3813044e+04   4.7251092e-13
   3.3812870e+04   4.9027449e-13
   3.3812695e+04   4.7251092e-13
   3.3812521e+04   4.5474735e-13
   3.3812347e+04   4.5119464e-13
   3.3812172e+04   4.5474735e-13
   3.3811998e+04   4.2277293e-13
   3.3811824e+04   4.0500936e-13
   3.3811649e+04   4.4408921e-13
   3.3811475e+04   4.7606363e-13
   3.3811301e+04   4.1922021e-13
   3.3811126e+04   4.2632564e-13
   3.3810952e+04   4.2632564e-13
   3.3810778e+04   4.4408921e-13
   3.3810604e+04   4.4408921e-13
   3.3810429e+04   4.2277293e-13
   3.3810255e+04   4.3343107e-13
   3.3810081e+04   4.6540549e-13
   3.3809906e+04   4.6185278e-13
   3.3809732e+04   3.9790393e-13
   3.3809558e+04   4.2987836e-13
   3.3809383e+04   4.2632564e-13
   3.3809209e+04   4.4764192e-13
   3.3809035e+04   4.1566750e-13
   3.3808860e+04   4.1922021e-13
   3.3808686e+04   4.5830006e-13
   3.3808512e+04   4.4764192e-13
   3.3808337e+04   4.1566750e-13
   3.3808163e+04   4.3698378e-13
   3.3807989e+04   4.4764192e-13
   3.3807814e+04   4.5119464e-13
   3.3807640e+04   4.0500936e-13
   3.3807466e+04   4.2277293e-13
   3.3807291e+04   4.5474735e-13
   3.3807117e+04   4.4408921e-13
   3.3806943e+04   4.3520743e-13
   3.3806769e+04   4.6540549e-13
   3.3806594e+04   4.5119464e-13
   3.3806420e+04   4.1389114e-13
   3.3806246e+04   4.0856207e-13
   3.3806071e+04   4.1211479e-13
   3.3805897e+04   4.6185278e-13
   3.3805723e+04   4.3698378e-13
   3.3805548e+04   4.0323300e-13
   3.3805374e+04   3.9790393e-13
   3.3805200e+04   4.1922021e-13
   3.3805025e+04   4.1033843e-13
   3.3804851e+04   3.9612758e-13
   3.3804677e+04   4.1922021e-13
   3.3804502e+04   4.5830006e-13
   3.3804328e+04   4.1566750e-13
   3.3804154e+04   3.7481129e-13
   3.3803979e+04   4.1211479e-13
   3.3803805e+04   4.0145665e-13
   3.3803631e+04   3.8369308e-13
   3.3803457e+04   3.6592951e-13
   3.3803282e+04   3.9257486e-13
   3.3803108e+04   4.0678572e-13
   3.3802934e+04   3.8724579e-13
   3.3802759e+04   3.6770587e-13
   3.3802585e+04   4.0323300e-13
   3.3802411e+04   3.8902215e-13
   3.3802236e+04   3.9257486e-13
   3.3802062e+04   3.7658765e-13
   3.3801888e+04   3.5349501e-13
   3.3801713e+04   4.2277293e-13
   3.3801539e+04   3.9257486e-13
   3.3801365e+04   3.6770587e-13
   3.3801190e+04   4.0678572e-13
   3.3801016e+04   4.3165471e-13
   3.3800842e+04   4.1211479e-13
   3.3800667e+04   3.7481129e-13
   3.3800493e+04   3.9612758e-13
   3.3800319e+04   4.2987836e-13
   3.3800145e+04   3.9968029e-13
   3.3799970e+04   4.1566750e-13
   3.3799796e+04   3.9257486e-13
   3.3799622e+04   4.1922021e-13
   3.3799447e+04   3.8902215e-13
   3.3799273e+04   3.6237680e-13
   3.3799099e+04   3.9612758e-13
   3.3798924e+04   4.1922021e-13
   3.3798750e+04   3.9079850e-13
   3.3798576e+04   3.2152059e-13
   3.3798401e+04   3.9079850e-13
   3.3798227e+04   3.8902215e-13
   3.3798053e+04   3.8724579e-13
   3.3797878e+04   3.6415315e-13
   3.3797704e+04   3.6060044e-13
   3.3797530e+04   4.1389114e-13
   3.3797355e+04   3.8191672e-13
   3.3797181e+04   3.5882408e-13
   3.3797007e+04   3.7836401e-13
   3.3796833e+04   3.7658765e-13
   3.3796658e+04   3.7125858e-13
   3.3796484e+04   3.3217873e-13
   3.3796310e+04   3.6948222e-13
   3.3796135e+04   4.0145665e-13
   3.3795961e+04   3.5349501e-13
   3.3795787e+04   3.4106051e-13
   3.3795612e+04   3.6415315e-13
   3.3795438e+04   3.5704772e-13
   3.3795264e+04   3.3040237e-13
   3.3795089e+04   2.9487524e-13
   3.3794915e+04   3.2507330e-13
   3.3794741e+04   3.3395509e-13
   3.3794566e+04   3.3217873e-13
   3.3794392e+04   3.1352698e-13
   3.3794218e+04   3.0464520e-13
   3.3794043e+04   3.3129055e-13
   3.3793869e+04   3.3173464e-13
   3.3793695e+04   3.0153657e-13
   3.3793521e+04   3.2462921e-13
   3.3793346e+04   3.5638159e-13
   3.3793172e+04   3.2396308e-13
   3.3792998e+04   2.8999025e-13
   3.3792823e+04   3.1175063e-13
   3.3792649e+04   3.1619152e-13
   3.3792475e+04   2.8843594e-13
   3.3792300e+04   2.7067237e-13
   3.3792126e+04   2.9598546e-13
   3.3791952e+04   3.0753178e-13
   3.3791777e+04   2.8710367e-13
   3.3791603e+04   2.7600144e-13
   3.3791429e+04   3.0486724e-13
   3.3791254e+04   2.7400304e-13
   3.3791080e+04   2.7222669e-13
   3.3790906e+04   2.7222669e-13
   3.3790731e+04   2.6978419e-13
   3.3790557e+04   3.0886405e-13
   3.3790383e+04   2.7533531e-13
   3.3790209e+04   2.7178260e-13
   3.3790034e+04   2.9976022e-13
   3.3789860e+04   2.9176661e-13
   3.3789686e+04   2.5868196e-13
   3.3789511e+04   2.4513724e-13
   3.3789337e+04   2.7045033e-13
   3.3789163e+04   2.8421709e-13
   3.3788988e+04   2.9132252e-13
   3.3788814e+04   2.8776981e-13
   3.3788640e+04   2.6822988e-13
   3.3788465e+04   2.7888802e-13
   3.3788291e+04   2.5401903e-13
   3.3788117e+04   2.6201263e-13
   3.3787942e+04   2.5224267e-13
   3.3787768e+04   2.8066438e-13
   3.3787594e+04   2.7533531e-13
   3.3787419e+04   2.4691360e-13
   3.3787245e+04   2.6112446e-13
   3.3787071e+04   2.4957814e-13
   3.3786897e+04   2.4069635e-13
   3.3786722e+04   2.2559732e-13
   3.3786548e+04   2.6112446e-13
   3.3786374e+04   2.6378899e-13
   3.3786199e+04   2.4336089e-13
   3.3786025e+04   2.2382096e-13
   3.3785851e+04   2.4868996e-13
   3.3785676e+04   2.3447910e-13
   3.3785502e+04   2.3891999e-13
   3.3785328e+04   2.1938007e-13
   3.3785153e+04   2.4336089e-13
   3.3784979e+04   2.5224267e-13
   3.3784805e+04   2.3447910e-13
   3.3784630e+04   2.2915003e-13
   3.3784456e+04   2.3625546e-13
   3.3784282e+04   2.0605739e-13
   3.3784107e+04   2.1493918e-13
   3.3783933e+04   1.7408297e-13
   3.3783759e+04   1.8474111e-13
   3.3783585e+04   2.1671553e-13
   3.3783410e+04   1.7941204e-13
   3.3783236e+04   1.9184654e-13
   3.3783062e+04   1.7941204e-13
   3.3782887e+04   1.5276669e-13
   3.3782713e+04   1.7585933e-13
   3.3782539e+04   1.7053026e-13
   3.3782364e+04   1.9007018e-13
   3.3782190e+04   2.0783375e-13
   3.3782016e+04   1.9184654e-13
   3.3781841e+04   1.9717561e-13
   3.3781667e+04   2.0605739e-13
   3.3781493e+04   1.9539925e-13
   3.3781318e+04   1.8651747e-13
   3.3781144e+04   1.6697754e-13
   3.3780970e+04   2.0250468e-13
   3.3780795e+04   2.0961011e-13
   3.3780621e+04   2.1138646e-13
   3.3780447e+04   2.3447910e-13
   3.3780273e+04   2.4158453e-13
   3.3780098e+04   2.2026825e-13
   3.3779924e+04   2.1671553e-13
   3.3779750e+04   2.1849189e-13
   3.3779575e+04   2.2026825e-13
   3.3779401e+04   2.3891999e-13
   3.3779227e+04   2.2382096e-13
   3.3779052e+04   2.2382096e-13
   3.3778878e+04   2.2559732e-13
   3.3778704e+04   2.2915003e-13
   3.3778529e+04   2.2026825e-13
   3.3778355e+04   2.1671553e-13
   3.3778181e+04   2.4513724e-13
   3.3778006e+04   2.4513724e-13
   3.3777832e+04   2.2026825e-13
   3.3777658e+04   2.6290081e-13
   3.3777483e+04   2.5579538e-13
   3.3777309e+04   2.8421709e-13
   3.3777135e+04   2.3092639e-13
   3.3776961e+04   2.5579538e-13
   3.3776786e+04   2.4513724e-13
   3.3776612e+04   2.6290081e-13
   3.3776438e+04   2.6290081e-13
   3.3776263e+04   2.1671553e-13
   3.3776089e+04   2.7000624e-13
   3.3775915e+04   2.4513724e-13
   3.3775740e+04   2.5579538e-13
   3.3775566e+04   2.3803182e-13
   3.3775392e+04   2.5224267e-13
   3.3775217e+04   2.8066438e-13
   3.3775043e+04   2.4868996e-13
   3.3774869e+04   2.5224267e-13
   3.3774694e+04   2.4868996e-13
   3.3774520e+04   2.4158453e-13
   3.3774346e+04   2.4868996e-13
   3.3774171e+04   2.4158453e-13
   3.3773997e+04   2.5579538e-13
   3.3773823e+04   2.7355895e-13
   3.3773649e+04   2.4513724e-13
   3.3773474e+04   2.4158453e-13
   3.3773300e+04   2.3803182e-13
   3.3773126e+04   2.2382096e-13
   3.3772951e+04   2.3447910e-13
   3.3772777e+04   2.3803182e-13
   3.3772603e+04   2.3447910e-13
   3.3772428e+04   2.3092639e-13
   3.3772254e+04   2.2204460e-13
   3.3772080e+04   2.0250468e-13
   3.3771905e+04   2.0072832e-13
   3.3771731e+04   1.8829382e-13
   3.3771557e+04   1.9717561e-13
   3.3771382e+04   2.0250468e-13
   3.3771208e+04   2.1183055e-13
   3.3771034e+04   2.1205260e-13
   3.3770859e+04   1.9473312e-13
   3.3770685e+04   1.8252067e-13
   3.3770511e+04   1.8918200e-13
   3.3770337e+04   1.7763568e-13
   3.3770162e+04   1.6631141e-13
   3.3769988e+04   1.5210055e-13
   3.3769814e+04   1.8718360e-13
   3.3769639e+04   1.6142643e-13
   3.3769465e+04   1.6409096e-13
   3.3769291e+04   1.9295676e-13
   3.3769116e+04   1.9251267e-13
   3.3768942e+04   1.9495516e-13
   3.3768768e+04   2.0738966e-13
   3.3768593e+04   2.2160052e-13
   3.3768419e+04   2.1338487e-13
   3.3768245e+04   2.2404301e-13
   3.3768070e+04   2.1493918e-13
   3.3767896e+04   2.2915003e-13
   3.3767722e+04   2.2959412e-13
   3.3767547e+04   2.0561330e-13
   3.3767373e+04   1.8540725e-13
   3.3767199e+04   1.8829382e-13
   3.3767025e+04   2.2692959e-13
   3.3766850e+04   1.7763568e-13
   3.3766676e+04   2.4158453e-13
   3.3766502e+04   2.2737368e-13
   3.3766327e+04   2.3447910e-13
   3.3766153e+04   2.4868996e-13
   3.3765979e+04   2.0605739e-13
   3.3765804e+04   2.7000624e-13
   3.3765630e+04   2.3447910e-13
   3.3765456e+04   2.2026825e-13
   3.3765281e+04   2.1316282e-13
   3.3765107e+04   2.0605739e-13
   3.3764933e+04   2.2737368e-13
   3.3764758e+04   1.9895197e-13
   3.3764584e+04   2.2026825e-13
   3.3764410e+04   1.9895197e-13
   3.3764235e+04   2.2737368e-13
   3.3764061e+04   2.1316282e-13
   3.3763887e+04   2.1316282e-13
   3.3763712e+04   2.1316282e-13
   3.3763538e+04   1.7053026e-13
   3.3763364e+04   2.0605739e-13
   3.3763190e+04   1.7763568e-13
   3.3763015e+04   2.2026825e-13
   3.3762841e+04   1.8474111e-13
   3.3762667e+04   1.8474111e-13
   3.3762492e+04   2.0605739e-13
   3.3762318e+04   2.2737368e-13
   3.3762144e+04   2.0605739e-13
   3.3761969e+04   1.7763568e-13
   3.3761795e+04   2.1316282e-13
   3.3761621e+04   1.8474111e-13
   3.3761446e+04   1.9895197e-13
   3.3761272e+04   1.7053026e-13
   3.3761098e+04   1.6697754e-13
   3.3760923e+04   2.0250468e-13
   3.3760749e+04   1.8474111e-13
   3.3760575e+04   1.7053026e-13
   3.3760400e+04   2.0605739e-13
   3.3760226e+04   1.9539925e-13
   3.3760052e+04   1.9895197e-13
   3.3759878e+04   1.6342483e-13
   3.3759703e+04   1.7408297e-13
   3.3759529e+04   1.9184654e-13
   3.3759355e+04   1.5276669e-13
   3.3759180e+04   1.2079227e-13
   3.3759006e+04   1.3500312e-13
   3.3758832e+04   1.1723955e-13
   3.3758657e+04   1.6697754e-13
   3.3758483e+04   1.2079227e-13
   3.3758309e+04   1.4210855e-13
   3.3758134e+04   1.9539925e-13
   3.3757960e+04   1.2079227e-13
   3.3757786e+04   1.3855583e-13
   3.3757611e+04   1.2789769e-13
   3.3757437e+04   1.3500312e-13
   3.3757263e+04   1.3145041e-13
   3.3757088e+04   1.0302870e-13
   3.3756914e+04   1.6697754e-13
   3.3756740e+04   1.7763568e-13
   3.3756566e+04   1.5276669e-13
   3.3756391e+04   1.4566126e-13
   3.3756217e+04   1.3145041e-13
   3.3756043e+04   1.3855583e-13
   3.3755868e+04   1.7053026e-13
   3.3755694e+04   1.1368684e-13
   3.3755520e+04   1.5631940e-13
   3.3755345e+04   1.7053026e-13
   3.3755171e+04   1.5631940e-13
   3.3754997e+04   1.7053026e-13
   3.3754822e+04   9.9475983e-14
   3.3754648e+04   1.8474111e-13
   3.3754474e+04   1.2789769e-13
   3.3754299e+04   9.9475983e-14
   3.3754125e+04   1.4210855e-13
   3.3753951e+04   1.4210855e-13
   3.3753776e+04   1.7053026e-13
   3.3753602e+04   1.5631940e-13
   3.3753428e+04   1.7053026e-13
   3.3753254e+04   1.4210855e-13
   3.3753079e+04   1.2789769e-13
   3.3752905e+04   1.8474111e-13
   3.3752731e+04   1.4210855e-13
   3.3752556e+04   1.5631940e-13
   3.3752382e+04   1.1368684e-13
   3.3752208e+04   1.1368684e-13
   3.3752033e+04   1.7053026e-13
   3.3751859e+04   1.2789769e-13
   3.3751685e+04   1.2789769e-13
   3.3751510e+04   9.9475983e-14
   3.3751336e+04   1.2789769e-13
   3.3751162e+04   1.4210855e-13
   3.3750987e+04   1.8474111e-13
   3.3750813e+04   1.2789769e-13
   3.3750639e+04   1.5631940e-13
   3.3750464e+04   1.2789769e-13
   3.3750290e+04   1.4210855e-13
   3.3750116e+04   1.4210855e-13
   3.3749942e+04   1.2789769e-13
   3.3749767e+04   1.4210855e-13
   3.3749593e+04   1.4210855e-13
   3.3749419e+04   1.2789769e-13
   3.3749244e+04   1.2789769e-13
   3.3749070e+04   1.4210855e-13
   3.3748896e+04   1.7053026e-13
   3.3748721e+04   1.1368684e-13
   3.3748547e+04   1.7053026e-13
   3.3748373e+04   1.5631940e-13
   3.3748198e+04   9.9475983e-14
   3.3748024e+04   1.2789769e-13
   3.3747850e+04   1.2789769e-13
   3.3747675e+04   1.1368684e-13
   3.3747501e+04   1.5631940e-13
   3.3747327e+04   8.5265128e-14
   3.3747152e+04   1.4210855e-13
   3.3746978e+04   1.9895197e-13
   3.3746804e+04   8.5265128e-14
   3.3746630e+04   1.4210855e-13
   3.3746455e+04   1.4210855e-13
   3.3746281e+04   2.0605739e-13
   3.3746107e+04   1.3500312e-13
   3.3745932e+04   1.2789769e-13
   3.3745758e+04   1.8474111e-13
   3.3745584e+04   1.8474111e-13
   3.3745409e+04   1.8474111e-13
   3.3745235e+04   1.7053026e-13
   3.3745061e+04   1.9895197e-13
   3.3744886e+04   1.8474111e-13
   3.3744712e+04   1.9184654e-13
   3.3744538e+04   1.7053026e-13
   3.3744363e+04   1.9895197e-13
   3.3744189e+04   1.9895197e-13
   3.3744015e+04   2.1316282e-13
   3.3743840e+04   2.1316282e-13
   3.3743666e+04   1.4210855e-13
   3.3743492e+04   2.5579538e-13
   3.3743318e+04   1.7053026e-13
   3.3743143e+04   1.5631940e-13
   3.3742969e+04   1.8474111e-13
   3.3742795e+04   1.7053026e-13
   3.3742620e+04   2.1316282e-13
   3.3742446e+04   1.9895197e-13
   3.3742272e+04   2.5579538e-13
   3.3742097e+04   1.9895197e-13
   3.3741923e+04   1.9895197e-13
   3.3741749e+04   1.8474111e-13
   3.3741574e+04   2.1316282e-13
   3.3741400e+04   2.2737368e-13
   3.3741226e+04   1.7053026e-13
   3.3741051e+04   1.7053026e-13
   3.3740877e+04   1.9895197e-13
   3.3740703e+04   2.1316282e-13
   3.3740528e+04   1.9895197e-13
   3.3740354e+04   1.9895197e-13
   3.3740180e+04   2.2737368e-13
   3.3740006e+04   2.2737368e-13
   3.3739831e+04   2.1316282e-13
   3.3739657e+04   1.9895197e-13
   3.3739483e+04   2.5579538e-13
   3.3739308e+04   2.5579538e-13
   3.3739134e+04   2.2737368e-13
   3.3738960e+04   1.9895197e-13
   3.3738785e+04   2.1316282e-13
   3.3738611e+04   2.5579538e-13
   3.3738437e+04   2.4158453e-13
   3.3738262e+04   2.2737368e-13
   3.3738088e+04   1.9895197e-13
   3.3737914e+04   2.4158453e-13
   3.3737739e+04   2.2737368e-13
   3.3737565e+04   1.9895197e-13
   3.3737391e+04   2.2737368e-13
   3.3737216e+04   2.9842795e-13
   3.3737042e+04   2.4158453e-13
   3.3736868e+04   2.5579538e-13
   3.3736694e+04   2.4158453e-13
   3.3736519e+04   2.2737368e-13
   3.3736345e+04   2.7000624e-13
   3.3736171e+04   2.4158453e-13
   3.3735996e+04   2.8421709e-13
   3.3735822e+04   2.7000624e-13
   3.3735648e+04   2.1316282e-13
   3.3735473e+04   2.4158453e-13
   3.3735299e+04   2.5579538e-13
   3.3735125e+04   2.8421709e-13
   3.3734950e+04   2.1316282e-13
   3.3734776e+04   1.8474111e-13
   3.3734602e+04   2.5579538e-13
   3.3734427e+04   2.2737368e-13
   3.3734253e+04   2.4158453e-13
   3.3734079e+04   2.1316282e-13
   3.3733904e+04   2.5579538e-13
   3.3733730e+04   2.5579538e-13
   3.3733556e+04   2.4158453e-13
   3.3733382e+04   2.1316282e-13
   3.3733207e+04   2.7000624e-13
   3.3733033e+04   3.2684966e-13
   3.3732859e+04   2.7000624e-13
   3.3732684e+04   2.8421709e-13
   3.3732510e+04   2.5579538e-13
   3.3732336e+04   2.8421709e-13
   3.3732161e+04   2.4158453e-13
   3.3731987e+04   2.1316282e-13
   3.3731813e+04   2.7000624e-13
   3.3731638e+04   2.5579538e-13
   3.3731464e+04   2.8421709e-13
   3.3731290e+04   3.4106051e-13
   3.3731115e+04   3.1263880e-13
   3.3730941e+04   2.8421709e-13
   3.3730767e+04   3.1263880e-13
   3.3730592e+04   3.1263880e-13
   3.3730418e+04   2.5579538e-13
   3.3730244e+04   2.7000624e-13
   3.3730070e+04   2.2737368e-13
   3.3729895e+04   2.7000624e-13
   3.3729721e+04   2.2737368e-13
   3.3729547e+04   2.5579538e-13
   3.3729372e+04   2.1316282e-13
   3.3729198e+04   2.7000624e-13
   3.3729024e+04   1.9895197e-13
   3.3728849e+04   3.1263880e-13
   3.3728675e+04   2.4158453e-13
   3.3728501e+04   3.1263880e-13
   3.3728326e+04   1.8474111e-13
   3.3728152e+04   3.1263880e-13
   3.3727978e+04   1.9895197e-13
   3.3727803e+04   3.2684966e-13
   3.3727629e+04   1.4210855e-13
   3.3727455e+04   3.6948222e-13
   3.3727280e+04   1.2789769e-13
   3.3727106e+04   3.5527137e-13
   3.3726932e+04   7.1054274e-14
   3.3726758e+04   4.2632564e-13
   3.3726583e+04   2.8421709e-14
   3.3726409e+04   5.2580162e-13
   3.3726235e+04   8.5265128e-14
   3.3726060e+04   5.9685590e-13
   3.3725886e+04   2.7000624e-13
   3.3725712e+04   7.3896445e-13
   3.3725537e+04   4.6895821e-13
   3.3725363e+04   1.0373924e-12
   3.3725189e+04   7.6738615e-13
   3.3725014e+04   1.4210855e-12
   3.3724840e+04   1.3073986e-12
   3.3724666e+04   2.0889956e-12
   3.3724491e+04   2.1032065e-12
   3.3724317e+04   3.1121772e-12
   3.3724143e+04   3.3963943e-12
   3.3723968e+04   4.7890580e-12
   3.3723794e+04   5.5422333e-12
   3.3723620e+04   7.5601747e-12
   3.3723446e+04   9.2086339e-12
   3.3723271e+04   1.2420287e-11
   3.3723097e+04   1.5560886e-11
   3.3722923e+04   2.0889956e-11
   3.3722748e+04   2.6943781e-11
   3.3722574e+04   3.6280312e-11
   3.3722400e+04   4.7833737e-11
   3.3722225e+04   6.4787287e-11
   3.3722051e+04   8.7041485e-11
   3.3721877e+04   1.1888801e-10
   3.3721702e+04   1.6149215e-10
   3.3721528e+04   2.2073010e-10
   3.3721354e+04   2.9858427e-10
   3.3721179e+04   3.9828052e-10
   3.3721005e+04   5.0841464e-10
   3.3720831e+04   5.8700067e-10
   3.3720656e+04   4.8518700e-10
   3.3720482e+04   2.4540725e-10
   3.3720308e+04   2.9717313e-09
   3.3720133e+04   1.1942056e-08
   3.3719959e+04   4.1139089e-08
   3.3719785e+04   1.4046746e-07
   3.3719611e+04   5.0924864e-07
   3.3719436e+04   2.0731698e-06
   3.3719262e+04   1.0067096e-05
   3.3719088e+04   5.8435837e-05
   3.3718913e+04   1.6511009e-02
   3.3718739e+04   2.0906081e-01
   3.3718565e+04   1.0833213e+00
   3.3718390e+04   3.2178314e+00
   3.3718216e+04   6.3736902e+00
   3.3718042e+04   9.4203881e+00
   3.3717867e+04   1.1549386e+01
   3.3717693e+04   1.2774232e+01
   3.3717519e+04   1.3507100e+01
   3.3717344e+04   1.4810040e+01
   3.3717170e+04   1.7970767e+01
   3.3716996e+04   2.2428207e+01
   3.3716821e+04   2.5489545e+01
   3.3716647e+04   2.5437704e+01
   3.3716473e+04   2.3844557e+01
   3.3716299e+04   2.3633476e+01
   3.3716124e+04   2.5468335e+01
   3.3715950e+04   2.7257874e+01
   3.3715776e+04   2.7172060e+01
   3.3715601e+04   2.5789713e+01
   3.3715427e+04   2.4640286e+01
   3.3715253e+04   2.4148117e+01
   3.3715078e+04   2.4185305e+01
   3.3714904e+04   2.5054897e+01
   3.3714730e+04   2.6660784e+01
   3.3714555e+04   2.7947337e+01
   3.3714381e+04   2.7847951e+01
   3.3714207e+04   2.6285423e+01
   3.3714032e+04   2.4389906e+01
   3.3713858e+04   2.3610794e+01
   3.3713684e+04   2.4260125e+01
   3.3713509e+04   2.5482121e+01
   3.3713335e+04   2.6639492e+01
   3.3713161e+04   2.7731343e+01
   3.3712987e+04   2.8332150e+01
   3.3712812e+04   2.7452893e+01
   3.3712638e+04   2.5407963e+01
   3.3712464e+04   2.4338868e+01
   3.3712289e+04   2.5304255e+01
   3.3712115e+04   2.6601670e+01
   3.3711941e+04   2.6568224e+01
   3.3711766e+04   2.5917596e+01
   3.3711592e+04   2.5927657e+01
   3.3711418e+04   2.6375582e+01
   3.3711243e+04   2.6502552e+01
   3.3711069e+04   2.6643931e+01
   3.3710895e+04   2.7546458e+01
   3.3710720e+04   2.8600983e+01
   3.3710546e+04   2.8342434e+01
   3.3710372e+04   2.6684310e+01
   3.3710197e+04   2.5151172e+01
   3.3710023e+04   2.4758501e+01
   3.3709849e+04   2.5027796e+01
   3.3709675e+04   2.5540016e+01
   3.3709500e+04   2.6751771e+01
   3.3709326e+04   2.8286255e+01
   3.3709152e+04   2.8702338e+01
   3.3708977e+04   2.8057576e+01
   3.3708803e+04   2.8049417e+01
   3.3708629e+04   2.8902939e+01
   3.3708454e+04   2.8791240e+01
   3.3708280e+04   2.6864709e+01
   3.3708106e+04   2.4607862e+01
   3.3707931e+04   2.3735571e+01
   3.3707757e+04   2.4642069e+01
   3.3707583e+04   2.7063122e+01
   3.3707408e+04   3.0011905e+01
   3.3707234e+04   3.1241132e+01
   3.3707060e+04   2.9421817e+01
   3.3706885e+04   2.6489515e+01
   3.3706711e+04   2.5579438e+01
   3.3706537e+04   2.7077357e+01
   3.3706363e+04   2.8437371e+01
   3.3706188e+04   2.8060244e+01
   3.3706014e+04   2.7490046e+01
   3.3705840e+04   2.8277647e+01
   3.3705665e+04   2.9143286e+01
   3.3705491e+04   2.8810602e+01
   3.3705317e+04   2.8436926e+01
   3.3705142e+04   2.8605042e+01
   3.3704968e+04   2.7589897e+01
   3.3704794e+04   2.4762199e+01
   3.3704619e+04   2.2759005e+01
   3.3704445e+04   2.4680975e+01
   3.3704271e+04   3.0197089e+01
   3.3704096e+04   3.5264265e+01
   3.3703922e+04   3.5976900e+01
   3.3703748e+04   3.2305047e+01
   3.3703573e+04   2.7507527e+01
   3.3703399e+04   2.4500952e+01
   3.3703225e+04   2.3915474e+01
   3.3703051e+04   2.5241811e+01
   3.3702876e+04   2.7823091e+01
   3.3702702e+04   3.0210993e+01
   3.3702528e+04   3.0664861e+01
   3.3702353e+04   2.9298752e+01
   3.3702179e+04   2.8178110e+01
   3.3702005e+04   2.8563357e+01
   3.3701830e+04   2.9518974e+01
   3.3701656e+04   2.9915912e+01
   3.3701482e+04   3.0084070e+01
   3.3701307e+04   3.0656887e+01
   3.3701133e+04   3.1450355e+01
   3.3700959e+04   3.1736273e+01
   3.3700784e+04   3.0472786e+01
   3.3700610e+04   2.7304257e+01
   3.3700436e+04   2.3957436e+01
   3.3700261e+04   2.3196808e+01
   3.3700087e+04   2.6259391e+01
   3.3699913e+04   3.1606024e+01
   3.3699739e+04   3.5737195e+01
   3.3699564e+04   3.6059284e+01
   3.3699390e+04   3.3280073e+01
   3.3699216e+04   3.0018305e+01
   3.3699041e+04   2.7817375e+01
   3.3698867e+04   2.6699364e+01
   3.3698693e+04   2.6708696e+01
   3.3698518e+04   2.8428503e+01
   3.3698344e+04   3.1364096e+01
   3.3698170e+04   3.3004664e+01
   3.3697995e+04   3.1725376e+01
   3.3697821e+04   2.9536584e+01
   3.3697647e+04   2.9228144e+01
   3.3697472e+04   3.0393755e+01
   3.3697298e+04   3.0833373e+01
   3.3697124e+04   3.0205546e+01
   3.3696949e+04   3.0175841e+01
   3.3696775e+04   3.1731678e+01
   3.3696601e+04   3.3601445e+01
   3.3696427e+04   3.3634580e+01
   3.3696252e+04   3.1495847e+01
   3.3696078e+04   2.9074918e+01
   3.3695904e+04   2.8148031e+01
   3.3695729e+04   2.8978714e+01
   3.3695555e+04   3.1066643e+01
   3.3695381e+04   3.3432647e+01
   3.3695206e+04   3.4202113e+01
   3.3695032e+04   3.2172746e+01
   3.3694858e+04   2.9229302e+01
   3.3694683e+04   2.8564349e+01
   3.3694509e+04   3.0352025e+01
   3.3694335e+04   3.2155394e+01
   3.3694160e+04   3.2641197e+01
   3.3693986e+04   3.2373807e+01
   3.3693812e+04   3.2596281e+01
   3.3693637e+04   3.4038630e+01
   3.3693463e+04   3.5711008e+01
   3.3693289e+04   3.5904879e+01
   3.3693115e+04   3.4535588e+01
   3.3692940e+04   3.2626023e+01
   3.3692766e+04   3.0308885e+01
   3.3692592e+04   2.7591367e+01
   3.3692417e+04   2.6107232e+01
   3.3692243e+04   2.7598290e+01
   3.3692069e+04   3.1213673e+01
   3.3691894e+04   3.4366847e+01
   3.3691720e+04   3.5613394e+01
   3.3691546e+04   3.5473587e+01
   3.3691371e+04   3.5288539e+01
   3.3691197e+04   3.5726998e+01
   3.3691023e+04   3.6251876e+01
   3.3690848e+04   3.6253657e+01
   3.3690674e+04   3.5600090e+01
   3.3690500e+04   3.3870520e+01
   3.3690325e+04   3.1354450e+01
   3.3690151e+04   3.0482481e+01
   3.3689977e+04   3.3663428e+01
   3.3689803e+04   4.0121340e+01
   3.3689628e+04   4.6302463e+01
   3.3689454e+04   4.9277000e+01
   3.3689280e+04   4.9719054e+01
   3.3689105e+04   5.1315497e+01
   3.3688931e+04   5.6412050e+01
   3.3688757e+04   6.2824715e+01
   3.3688582e+04   6.6724061e+01
   3.3688408e+04   6.7589530e+01
   3.3688234e+04   6.7650094e+01
   3.3688059e+04   6.8492276e+01
   3.3687885e+04   7.0587368e+01
   3.3687711e+04   7.3132035e+01
   3.3687536e+04   7.3920493e+01
   3.3687362e+04   7.2181793e+01
   3.3687188e+04   6.9750688e+01
   3.3687013e+04   6.8436308e+01
   3.3686839e+04   6.8557621e+01
   3.3686665e+04   6.9215380e+01
   3.3686491e+04   6.9399399e+01
   3.3686316e+04   6.9540359e+01
   3.3686142e+04   6.9924149e+01
   3.3685968e+04   6.9004685e+01
   3.3685793e+04   6.7015079e+01
   3.3685619e+04   6.7474663e+01
   3.3685445e+04   7.1467419e+01
   3.3685270e+04   7.5168191e+01
   3.3685096e+04   7.5508462e+01
   3.3684922e+04   7.4106781e+01
   3.3684747e+04   7.3875496e+01
   3.3684573e+04   7.4591494e+01
   3.3684399e+04   7.4187510e+01
   3.3684224e+04   7.3135175e+01
   3.3684050e+04   7.3957118e+01
   3.3683876e+04   7.6270371e+01
   3.3683701e+04   7.6565653e+01
   3.3683527e+04   7.3926973e+01
   3.3683353e+04   7.1327996e+01
   3.3683179e+04   7.0120182e+01
   3.3683004e+04   6.8809775e+01
   3.3682830e+04   6.8096593e+01
   3.3682656e+04   7.0755045e+01
   3.3682481e+04   7.5707148e+01
   3.3682307e+04   7.8093795e+01
   3.3682133e+04   7.6598282e+01
   3.3681958e+04   7.5688381e+01
   3.3681784e+04   7.8415720e+01
   3.3681610e+04   8.1733184e+01
   3.3681435e+04   8.1607515e+01
   3.3681261e+04   7.8680740e+01
   3.3681087e+04   7.6236502e+01
   3.3680912e+04   7.5072453e+01
   3.3680738e+04   7.3710691e+01
   3.3680564e+04   7.3042499e+01
   3.3680389e+04   7.5892538e+01
   3.3680215e+04   8.1321885e+01
   3.3680041e+04   8.4542115e+01
   3.3679867e+04   8.2982521e+01
   3.3679692e+04   7.8661146e+01
   3.3679518e+04   7.4932113e+01
   3.3679344e+04   7.3033319e+01
   3.3679169e+04   7.2034390e+01
   3.3678995e+04   7.1870312e+01
   3.3678821e+04   7.4450265e+01
   3.3678646e+04   8.0340712e+01
   3.3678472e+04   8.6778138e+01
   3.3678298e+04   9.0193765e+01
   3.3678123e+04   8.9387697e+01
   3.3677949e+04   8.6360080e+01
   3.3677775e+04   8.4140769e+01
   3.3677600e+04   8.3723815e+01
   3.3677426e+04   8.3799558e+01
   3.3677252e+04   8.2549328e+01
   3.3677077e+04   7.9329076e+01
   3.3676903e+04   7.5833720e+01
   3.3676729e+04   7.4824843e+01
   3.3676554e+04   7.7253795e+01
   3.3676380e+04   8.1852157e+01
   3.3676206e+04   8.6665779e+01
   3.3676032e+04   8.9874052e+01
   3.3675857e+04   9.0089866e+01
   3.3675683e+04   8.7347464e+01
   3.3675509e+04   8.3964062e+01
   3.3675334e+04   8.2259407e+01
   3.3675160e+04   8.2027100e+01
   3.3674986e+04   8.3385287e+01
   3.3674811e+04   8.8371811e+01
   3.3674637e+04   9.5530827e+01
   3.3674463e+04   9.8534447e+01
   3.3674288e+04   9.4249767e+01
   3.3674114e+04   8.7326755e+01
   3.3673940e+04   8.4052314e+01
   3.3673765e+04   8.5221270e+01
   3.3673591e+04   8.7022542e+01
   3.3673417e+04   8.6755375e+01
   3.3673242e+04   8.5995719e+01
   3.3673068e+04   8.7950661e+01
   3.3672894e+04   9.2169553e+01
   3.3672720e+04   9.4666183e+01
   3.3672545e+04   9.4000380e+01
   3.3672371e+04   9.2833313e+01
   3.3672197e+04   9.2891248e+01
   3.3672022e+04   9.2812889e+01
   3.3671848e+04   9.1086137e+01
   3.3671674e+04   8.8994304e+01
   3.3671499e+04   9.0625231e+01
   3.3671325e+04   9.8149936e+01
   3.3671151e+04   1.0697407e+02
   3.3670976e+04   1.1011530e+02
   3.3670802e+04   1.0643032e+02
   3.3670628e+04   9.9639799e+01
   3.3670453e+04   9.3148869e+01
   3.3670279e+04   8.9723291e+01
   3.3670105e+04   9.0415724e+01
   3.3669930e+04   9.2469074e+01
   3.3669756e+04   9.3487696e+01
   3.3669582e+04   9.5436291e+01
   3.3669408e+04   1.0061792e+02
   3.3669233e+04   1.0714282e+02
   3.3669059e+04   1.1093088e+02
   3.3668885e+04   1.1020295e+02
   3.3668710e+04   1.0690814e+02
   3.3668536e+04   1.0446727e+02
   3.3668362e+04   1.0454865e+02
   3.3668187e+04   1.0626573e+02
   3.3668013e+04   1.0846002e+02
   3.3667839e+04   1.1128589e+02
   3.3667664e+04   1.1461024e+02
   3.3667490e+04   1.1626710e+02
   3.3667316e+04   1.1366211e+02
   3.3667141e+04   1.0772994e+02
   3.3666967e+04   1.0368417e+02
   3.3666793e+04   1.0559248e+02
   3.3666618e+04   1.1180382e+02
   3.3666444e+04   1.1753128e+02
   3.3666270e+04   1.1952206e+02
   3.3666096e+04   1.1800001e+02
   3.3665921e+04   1.1678437e+02
   3.3665747e+04   1.2018223e+02
   3.3665573e+04   1.2813362e+02
   3.3665398e+04   1.3634503e+02
   3.3665224e+04   1.4109505e+02
   3.3665050e+04   1.4241052e+02
   3.3664875e+04   1.4287278e+02
   3.3664701e+04   1.4358682e+02
   3.3664527e+04   1.4286084e+02
   3.3664352e+04   1.4021873e+02
   3.3664178e+04   1.3848230e+02
   3.3664004e+04   1.4018137e+02
   3.3663829e+04   1.4538531e+02
   3.3663655e+04   1.5251966e+02
   3.3663481e+04   1.5755818e+02
   3.3663306e+04   1.5560520e+02
   3.3663132e+04   1.4716477e+02
   3.3662958e+04   1.3927952e+02
   3.3662784e+04   1.3793698e+02
   3.3662609e+04   1.4201818e+02
   3.3662435e+04   1.4631158e+02
   3.3662261e+04   1.4846040e+02
   3.3662086e+04   1.5046064e+02
   3.3661912e+04   1.5447363e+02
   3.3661738e+04   1.6002573e+02
   3.3661563e+04   1.6500328e+02
   3.3661389e+04   1.6732187e+02
   3.3661215e+04   1.6604257e+02
   3.3661040e+04   1.6346082e+02
   3.3660866e+04   1.6482982e+02
   3.3660692e+04   1.7166242e+02
   3.3660517e+04   1.7810166e+02
   3.3660343e+04   1.7907816e+02
   3.3660169e+04   1.7742798e+02
   3.3659994e+04   1.7797775e+02
   3.3659820e+04   1.7987886e+02
   3.3659646e+04   1.7953877e+02
   3.3659472e+04   1.7700540e+02
   3.3659297e+04   1.7539831e+02
   3.3659123e+04   1.7599855e+02
   3.3658949e+04   1.7598966e+02
   3.3658774e+04   1.7167702e+02
   3.3658600e+04   1.6439904e+02
   3.3658426e+04   1.5995683e+02
   3.3658251e+04   1.6098887e+02
   3.3658077e+04   1.6578027e+02
   3.3657903e+04   1.7390217e+02
   3.3657728e+04   1.8482472e+02
   3.3657554e+04   1.9319924e+02
   3.3657380e+04   1.9348007e+02
   3.3657205e+04   1.8698934e+02
   3.3657031e+04   1.7931951e+02
   3.3656857e+04   1.7329972e+02
   3.3656682e+04   1.6875799e+02
   3.3656508e+04   1.6718114e+02
   3.3656334e+04   1.7089024e+02
   3.3656160e+04   1.7738495e+02
   3.3655985e+04   1.8041799e+02
   3.3655811e+04   1.7850405e+02
   3.3655637e+04   1.7675327e+02
   3.3655462e+04   1.7859801e+02
   3.3655288e+04   1.8296086e+02
   3.3655114e+04   1.8997779e+02
   3.3654939e+04   1.9958271e+02
   3.3654765e+04   2.0543921e+02
   3.3654591e+04   2.0070848e+02
   3.3654416e+04   1.8802906e+02
   3.3654242e+04   1.7648191e+02
   3.3654068e+04   1.7204732e+02
   3.3653893e+04   1.7564561e+02
   3.3653719e+04   1.8620145e+02
   3.3653545e+04   2.0045286e+02
   3.3653370e+04   2.1180519e+02
   3.3653196e+04   2.1511003e+02
   3.3653022e+04   2.1287223e+02
   3.3652848e+04   2.1208060e+02
   3.3652673e+04   2.1541570e+02
   3.3652499e+04   2.1980987e+02
   3.3652325e+04   2.2272240e+02
   3.3652150e+04   2.2518160e+02
   3.3651976e+04   2.2750716e+02
   3.3651802e+04   2.2695807e+02
   3.3651627e+04   2.2256784e+02
   3.3651453e+04   2.1766811e+02
   3.3651279e+04   2.1505868e+02
   3.3651104e+04   2.1320454e+02
   3.3650930e+04   2.0888479e+02
   3.3650756e+04   2.0229390e+02
   3.3650581e+04   1.9792295e+02
   3.3650407e+04   1.9904598e+02
   3.3650233e+04   2.0286048e+02
   3.3650058e+04   2.0378041e+02
   3.3649884e+04   2.0022098e+02
   3.3649710e+04   1.9546274e+02
   3.3649536e+04   1.9219717e+02
   3.3649361e+04   1.8876168e+02
   3.3649187e+04   1.8333029e+02
   3.3649013e+04   1.7964447e+02
   3.3648838e+04   1.8282893e+02
   3.3648664e+04   1.9074732e+02
   3.3648490e+04   1.9581647e+02
   3.3648315e+04   1.9467011e+02
   3.3648141e+04   1.9036359e+02
   3.3647967e+04   1.8555805e+02
   3.3647792e+04   1.8020174e+02
   3.3647618e+04   1.7671237e+02
   3.3647444e+04   1.7930078e+02
   3.3647269e+04   1.8631841e+02
   3.3647095e+04   1.9112769e+02
   3.3646921e+04   1.9069709e+02
   3.3646746e+04   1.8705633e+02
   3.3646572e+04   1.8305359e+02
   3.3646398e+04   1.8040981e+02
   3.3646224e+04   1.7859413e+02
   3.3646049e+04   1.7672937e+02
   3.3645875e+04   1.7802841e+02
   3.3645701e+04   1.8527135e+02
   3.3645526e+04   1.9260714e+02
   3.3645352e+04   1.9172003e+02
   3.3645178e+04   1.8370453e+02
   3.3645003e+04   1.7674728e+02
   3.3644829e+04   1.7573138e+02
   3.3644655e+04   1.7837838e+02
   3.3644480e+04   1.7842278e+02
   3.3644306e+04   1.7237002e+02
   3.3644132e+04   1.6416056e+02
   3.3643957e+04   1.6034348e+02
   3.3643783e+04   1.6227183e+02
   3.3643609e+04   1.6658694e+02
   3.3643434e+04   1.6956100e+02
   3.3643260e+04   1.6850129e+02
   3.3643086e+04   1.6332299e+02
   3.3642912e+04   1.5765890e+02
   3.3642737e+04   1.5530148e+02
   3.3642563e+04   1.5625839e+02
   3.3642389e+04   1.5795109e+02
   3.3642214e+04   1.5859176e+02
   3.3642040e+04   1.5789881e+02
   3.3641866e+04   1.5598429e+02
   3.3641691e+04   1.5388654e+02
   3.3641517e+04   1.5487730e+02
   3.3641343e+04   1.6179082e+02
   3.3641168e+04   1.7175356e+02
   3.3640994e+04   1.7794012e+02
   3.3640820e+04   1.7867814e+02
   3.3640645e+04   1.7944229e+02
   3.3640471e+04   1.8451168e+02
   3.3640297e+04   1.9260007e+02
   3.3640122e+04   2.0010523e+02
   3.3639948e+04   2.0336345e+02
   3.3639774e+04   2.0006489e+02
   3.3639600e+04   1.9182259e+02
   3.3639425e+04   1.8286878e+02
   3.3639251e+04   1.7620222e+02
   3.3639077e+04   1.7260618e+02
   3.3638902e+04   1.7065453e+02
   3.3638728e+04   1.6734380e+02
   3.3638554e+04   1.6155719e+02
   3.3638379e+04   1.5571164e+02
   3.3638205e+04   1.5277486e+02
   3.3638031e+04   1.5293253e+02
   3.3637856e+04   1.5292737e+02
   3.3637682e+04   1.4928398e+02
   3.3637508e+04   1.4307819e+02
   3.3637333e+04   1.3892131e+02
   3.3637159e+04   1.3884452e+02
   3.3636985e+04   1.4086317e+02
   3.3636810e+04   1.4267515e+02
   3.3636636e+04   1.4265397e+02
   3.3636462e+04   1.3954641e+02
   3.3636288e+04   1.3483645e+02
   3.3636113e+04   1.3184456e+02
   3.3635939e+04   1.3101092e+02
   3.3635765e+04   1.3033410e+02
   3.3635590e+04   1.2946824e+02
   3.3635416e+04   1.2965749e+02
   3.3635242e+04   1.3096270e+02
   3.3635067e+04   1.3136043e+02
   3.3634893e+04   1.2893392e+02
   3.3634719e+04   1.2488543e+02
   3.3634544e+04   1.2243612e+02
   3.3634370e+04   1.2274143e+02
   3.3634196e+04   1.2413961e+02
   3.3634021e+04   1.2448482e+02
   3.3633847e+04   1.2294414e+02
   3.3633673e+04   1.2082909e+02
   3.3633498e+04   1.2016543e+02
   3.3633324e+04   1.2052918e+02
   3.3633150e+04   1.1951670e+02
   3.3632975e+04   1.1718196e+02
   3.3632801e+04   1.1662336e+02
   3.3632627e+04   1.1853037e+02
   3.3632453e+04   1.1927831e+02
   3.3632278e+04   1.1669882e+02
   3.3632104e+04   1.1322916e+02
   3.3631930e+04   1.1180906e+02
   3.3631755e+04   1.1287245e+02
   3.3631581e+04   1.1507738e+02
   3.3631407e+04   1.1565129e+02
   3.3631232e+04   1.1179512e+02
   3.3631058e+04   1.0385297e+02
   3.3630884e+04   9.5173319e+01
   3.3630709e+04   8.8799550e+01
   3.3630535e+04   8.6248303e+01
   3.3630361e+04   8.7591061e+01
   3.3630186e+04   9.0323363e+01
   3.3630012e+04   9.0472499e+01
   3.3629838e+04   8.6375240e+01
   3.3629663e+04   7.9459536e+01
   3.3629489e+04   7.1973933e+01
   3.3629315e+04   6.6224695e+01
   3.3629141e+04   6.4300121e+01
   3.3628966e+04   6.5989331e+01
   3.3628792e+04   6.8045911e+01
   3.3628618e+04   6.6952413e+01
   3.3628443e+04   6.2001596e+01
   3.3628269e+04   5.6055039e+01
   3.3628095e+04   5.3871552e+01
   3.3627920e+04   5.7977853e+01
   3.3627746e+04   6.5053184e+01
   3.3627572e+04   6.8296562e+01
   3.3627397e+04   6.4606995e+01
   3.3627223e+04   5.7786000e+01
   3.3627049e+04   5.3757760e+01
   3.3626874e+04   5.4550110e+01
   3.3626700e+04   5.8064749e+01
   3.3626526e+04   6.1469379e+01
   3.3626351e+04   6.2771967e+01
   3.3626177e+04   6.1067971e+01
   3.3626003e+04   5.7719921e+01
   3.3625829e+04   5.5510872e+01
   3.3625654e+04   5.5147496e+01
   3.3625480e+04   5.5263175e+01
   3.3625306e+04   5.5964757e+01
   3.3625131e+04   5.8343060e+01
   3.3624957e+04   6.0716670e+01
   3.3624783e+04   5.9681955e+01
   3.3624608e+04   5.5178439e+01
   3.3624434e+04   5.1352083e+01
   3.3624260e+04   5.1806551e+01
   3.3624085e+04   5.5616258e+01
   3.3623911e+04   5.8679214e+01
   3.3623737e+04   5.8409122e+01
   3.3623562e+04   5.5830570e+01
   3.3623388e+04   5.3168741e+01
   3.3623214e+04   5.1720126e+01
   3.3623039e+04   5.2183365e+01
   3.3622865e+04   5.4299086e+01
   3.3622691e+04   5.6074030e+01
   3.3622517e+04   5.5589830e+01
   3.3622342e+04   5.3525793e+01
   3.3622168e+04   5.2209076e+01
   3.3621994e+04   5.2319261e+01
   3.3621819e+04   5.2470947e+01
   3.3621645e+04   5.2084654e+01
   3.3621471e+04   5.2302653e+01
   3.3621296e+04   5.3511309e+01
   3.3621122e+04   5.4081203e+01
   3.3620948e+04   5.2618243e+01
   3.3620773e+04   5.0167562e+01
   3.3620599e+04   4.9232608e+01
   3.3620425e+04   5.0908603e+01
   3.3620250e+04   5.3315698e+01
   3.3620076e+04   5.3539689e+01
   3.3619902e+04   5.1203988e+01
   3.3619727e+04   4.8870335e+01
   3.3619553e+04   4.8853901e+01
   3.3619379e+04   5.0722009e+01
   3.3619205e+04   5.2039608e+01
   3.3619030e+04   5.1289225e+01
   3.3618856e+04   4.9564994e+01
   3.3618682e+04   4.8794761e+01
   3.3618507e+04   4.9274414e+01
   3.3618333e+04   4.9985162e+01
   3.3618159e+04   5.0111562e+01
   3.3617984e+04   4.9538260e+01
   3.3617810e+04   4.8801158e+01
   3.3617636e+04   4.8566047e+01
   3.3617461e+04   4.8861203e+01
   3.3617287e+04   4.9090913e+01
   3.3617113e+04   4.8743405e+01
   3.3616938e+04   4.7835586e+01
   3.3616764e+04   4.6097935e+01
   3.3616590e+04   4.2237929e+01
   3.3616415e+04   3.5885229e+01
   3.3616241e+04   2.9377901e+01
   3.3616067e+04   2.5310489e+01
   3.3615893e+04   2.3642448e+01
   3.3615718e+04   2.2496266e+01
   3.3615544e+04   1.9945581e+01
   3.3615370e+04   1.5038338e+01
   3.3615195e+04   8.8161077e+00
   3.3615021e+04   3.6795411e+00
   3.3614847e+04   9.7762168e-01
   3.3614672e+04   1.3276765e-01
   3.3614498e+04   3.5764738e-03
   3.3614324e+04   1.8353535e-04
   3.3614149e+04   2.6107027e-05
   3.3613975e+04   5.7780499e-06
   3.3613801e+04   1.6710700e-06
   3.3613626e+04   5.7944468e-07
   3.3613452e+04   2.2908805e-07
   3.3613278e+04   1.0001123e-07
   3.3613103e+04   4.7183238e-08
   3.3612929e+04   2.3691713e-08
   3.3612755e+04   1.2523640e-08
   3.3612581e+04   6.9101209e-09
   3.3612406e+04   3.9562322e-09
   3.3612232e+04   2.3367652e-09
   3.3612058e+04   1.4200341e-09
   3.3611883e+04   8.8298968e-10
   3.3611709e+04   5.6232885e-10
   3.3611535e+04   3.6381875e-10
   3.3611360e+04   2.4081137e-10
   3.3611186e+04   1.6060331e-10
   3.3611012e+04   1.0997248e-10
   3.3610837e+04   7.4946716e-11
   3.3610663e+04   5.3020699e-11
   3.3610489e+04   3.6585845e-11
   3.3610314e+04   2.6819436e-11
   3.3610140e+04   1.8461677e-11
   3.3609966e+04   1.4191315e-11
   3.3609791e+04   9.5301544e-12
   3.3609617e+04   7.8506091e-12
   3.3609443e+04   4.9631410e-12
   3.3609269e+04   4.5226045e-12
   3.3609094e+04   2.5668356e-12
   3.3608920e+04   2.7764457e-12
   3.3608746e+04   1.2452261e-12
   3.3608571e+04   1.7843504e-12
   3.3608397e+04   5.0537352e-13
   3.3608223e+04   1.2416734e-12
   3.3608048e+04   1.0125234e-13
   3.3607874e+04   8.9617203e-13
   3.3607700e+04   1.3677948e-13
   3.3607525e+04   7.4251716e-13
   3.3607351e+04   2.7711167e-13
   3.3607177e+04   6.0396133e-13
   3.3607002e+04   3.3839598e-13
   3.3606828e+04   5.6044058e-13
   3.3606654e+04   3.9257486e-13
   3.3606479e+04   4.9382720e-13
   3.3606305e+04   3.9079850e-13
   3.3606131e+04   5.0626170e-13
   3.3605957e+04   4.2099657e-13
   3.3605782e+04   4.9027449e-13
   3.3605608e+04   4.4941828e-13
   3.3605434e+04   4.8672177e-13
   3.3605259e+04   5.1159077e-13
   3.3605085e+04   4.5830006e-13
   3.3604911e+04   4.7783999e-13
   3.3604736e+04   4.9027449e-13
   3.3604562e+04   4.7073456e-13
   3.3604388e+04   4.8672177e-13
   3.3604213e+04   4.8849813e-13
   3.3604039e+04   4.4764192e-13
   3.3603865e+04   4.8139270e-13
   3.3603690e+04   4.4941828e-13
   3.3603516e+04   4.6895821e-13
   3.3603342e+04   4.3165471e-13
   3.3603167e+04   4.4053650e-13
   3.3602993e+04   4.5119464e-13
   3.3602819e+04   4.4941828e-13
   3.3602645e+04   4.5830006e-13
   3.3602470e+04   4.7251092e-13
   3.3602296e+04   4.5830006e-13
   3.3602122e+04   4.5297099e-13
   3.3601947e+04   4.6185278e-13
   3.3601773e+04   4.4053650e-13
   3.3601599e+04   4.1922021e-13
   3.3601424e+04   3.9435122e-13
   3.3601250e+04   4.1744386e-13
   3.3601076e+04   4.2632564e-13
   3.3600901e+04   4.3076653e-13
   3.3600727e+04   4.4408921e-13
   3.3600553e+04   4.5830006e-13
   3.3600378e+04   4.4586557e-13
   3.3600204e+04   4.2099657e-13
   3.3600030e+04   4.4053650e-13
   3.3599855e+04   4.1566750e-13
   3.3599681e+04   4.2987836e-13
   3.3599507e+04   3.7303494e-13
   3.3599333e+04   4.3165471e-13
   3.3599158e+04   4.1922021e-13
   3.3598984e+04   4.0323300e-13
   3.3598810e+04   4.1566750e-13
   3.3598635e+04   4.1389114e-13
   3.3598461e+04   4.0856207e-13
   3.3598287e+04   4.1033843e-13
   3.3598112e+04   4.1566750e-13
   3.3597938e+04   3.9079850e-13
   3.3597764e+04   4.2810200e-13
   3.3597589e+04   4.4408921e-13
   3.3597415e+04   4.2454928e-13
   3.3597241e+04   4.1566750e-13
   3.3597066e+04   3.9968029e-13
   3.3596892e+04   4.4231285e-13
   3.3596718e+04   3.7836401e-13
   3.3596543e+04   4.0678572e-13
   3.3596369e+04   4.0856207e-13
   3.3596195e+04   4.2099657e-13
   3.3596021e+04   4.0145665e-13
   3.3595846e+04   3.9612758e-13
   3.3595672e+04   4.0678572e-13
   3.3595498e+04   3.8724579e-13
   3.3595323e+04   3.8724579e-13
   3.3595149e+04   3.7481129e-13
   3.3594975e+04   4.1922021e-13
   3.3594800e+04   3.9612758e-13
   3.3594626e+04   4.3165471e-13
   3.3594452e+04   4.0500936e-13
   3.3594277e+04   4.1566750e-13
   3.3594103e+04   4.5652371e-13
   3.3593929e+04   3.9790393e-13
   3.3593754e+04   3.8546943e-13
   3.3593580e+04   4.3964832e-13
   3.3593406e+04   4.3787196e-13
   3.3593231e+04   4.0945025e-13
   3.3593057e+04   4.2410520e-13
   3.3592883e+04   4.1877612e-13
   3.3592709e+04   4.4186876e-13
   3.3592534e+04   4.2033044e-13
   3.3592360e+04   4.0745185e-13
   3.3592186e+04   4.2321702e-13
   3.3592011e+04   4.1833204e-13
   3.3591837e+04   4.5474735e-13
   3.3591663e+04   4.5186077e-13
   3.3591488e+04   4.9449334e-13
   3.3591314e+04   5.0204285e-13
   3.3591140e+04   4.4786397e-13
   3.3590965e+04   4.3276493e-13
   3.3590791e+04   4.5186077e-13
   3.3590617e+04   4.2743586e-13
   3.3590442e+04   4.2854609e-13
   3.3590268e+04   4.4453330e-13
   3.3590094e+04   4.3565151e-13
   3.3589919e+04   4.5807802e-13
   3.3589745e+04   4.3320902e-13
   3.3589571e+04   4.1744386e-13
   3.3589396e+04   4.3876014e-13
   3.3589222e+04   4.2232884e-13
   3.3589048e+04   4.0367709e-13
   3.3588874e+04   4.3631765e-13
   3.3588699e+04   3.9612758e-13
   3.3588525e+04   4.3920423e-13
   3.3588351e+04   3.9079850e-13
   3.3588176e+04   3.9790393e-13
   3.3588002e+04   4.1211479e-13
   3.3587828e+04   4.1211479e-13
   3.3587653e+04   3.9435122e-13
   3.3587479e+04   4.2277293e-13
   3.3587305e+04   4.0856207e-13
   3.3587130e+04   4.0500936e-13
   3.3586956e+04   4.0856207e-13
   3.3586782e+04   3.8369308e-13
   3.3586607e+04   4.2632564e-13
   3.3586433e+04   4.2987836e-13
   3.3586259e+04   3.9079850e-13
   3.3586084e+04   4.0500936e-13
   3.3585910e+04   4.4408921e-13
   3.3585736e+04   4.2632564e-13
   3.3585562e+04   3.9435122e-13
   3.3585387e+04   4.1211479e-13
   3.3585213e+04   4.1566750e-13
   3.3585039e+04   4.4408921e-13
   3.3584864e+04   4.0500936e-13
   3.3584690e+04   4.2277293e-13
   3.3584516e+04   4.1922021e-13
   3.3584341e+04   4.2987836e-13
   3.3584167e+04   3.9790393e-13
   3.3583993e+04   3.7303494e-13
   3.3583818e+04   4.2810200e-13
   3.3583644e+04   3.8724579e-13
   3.3583470e+04   4.1566750e-13
   3.3583295e+04   4.1033843e-13
   3.3583121e+04   4.4408921e-13
   3.3582947e+04   4.5474735e-13
   3.3582772e+04   3.6948222e-13
   3.3582598e+04   3.9435122e-13
   3.3582424e+04   3.9968029e-13
   3.3582250e+04   4.1211479e-13
   3.3582075e+04   3.9079850e-13
   3.3581901e+04   3.8191672e-13
   3.3581727e+04   3.7481129e-13
   3.3581552e+04   4.0145665e-13
   3.3581378e+04   3.5882408e-13
   3.3581204e+04   3.6592951e-13
   3.3581029e+04   3.7481129e-13
   3.3580855e+04   3.7658765e-13
   3.3580681e+04   3.7303494e-13
   3.3580506e+04   3.5171865e-13
   3.3580332e+04   3.8014036e-13
   3.3580158e+04   3.8191672e-13
   3.3579983e+04   3.6060044e-13
   3.3579809e+04   3.4816594e-13
   3.3579635e+04   3.7836401e-13
   3.3579460e+04   3.6415315e-13
   3.3579286e+04   3.1086245e-13
   3.3579112e+04   3.0730973e-13
   3.3578938e+04   3.4461323e-13
   3.3578763e+04   3.1796787e-13
   3.3578589e+04   3.4461323e-13
   3.3578415e+04   3.0020431e-13
   3.3578240e+04   3.4994230e-13
   3.3578066e+04   3.2862602e-13
   3.3577892e+04   2.8599345e-13
   3.3577717e+04   3.0553338e-13
   3.3577543e+04   3.0730973e-13
   3.3577369e+04   3.4994230e-13
   3.3577194e+04   3.0553338e-13
   3.3577020e+04   3.4106051e-13
   3.3576846e+04   3.6948222e-13
   3.3576671e+04   3.3395509e-13
   3.3576497e+04   3.0553338e-13
   3.3576323e+04   3.4816594e-13
   3.3576148e+04   3.2684966e-13
   3.3575974e+04   3.1974423e-13
   3.3575800e+04   2.7711167e-13
   3.3575626e+04   2.7000624e-13
   3.3575451e+04   3.2684966e-13
   3.3575277e+04   3.3395509e-13
   3.3575103e+04   3.0553338e-13
   3.3574928e+04   2.7000624e-13
   3.3574754e+04   3.1974423e-13
   3.3574580e+04   3.4106051e-13
   3.3574405e+04   2.6290081e-13
   3.3574231e+04   2.7000624e-13
   3.3574057e+04   3.0553338e-13
   3.3573882e+04   3.3395509e-13
   3.3573708e+04   2.9132252e-13
   3.3573534e+04   2.7711167e-13
   3.3573359e+04   3.1974423e-13
   3.3573185e+04   2.7711167e-13
   3.3573011e+04   2.9132252e-13
   3.3572836e+04   2.4868996e-13
   3.3572662e+04   3.1263880e-13
   3.3572488e+04   2.9132252e-13
   3.3572314e+04   3.3395509e-13
   3.3572139e+04   2.4868996e-13
   3.3571965e+04   3.2684966e-13
   3.3571791e+04   3.4106051e-13
   3.3571616e+04   2.9842795e-13
   3.3571442e+04   3.1263880e-13
   3.3571268e+04   3.3395509e-13
   3.3571093e+04   3.6237680e-13
   3.3570919e+04   2.9132252e-13
   3.3570745e+04   3.3395509e-13
   3.3570570e+04   3.2684966e-13
   3.3570396e+04   3.6948222e-13
   3.3570222e+04   3.3395509e-13
   3.3570047e+04   2.7000624e-13
   3.3569873e+04   3.3395509e-13
   3.3569699e+04   3.1974423e-13
   3.3569524e+04   3.2684966e-13
   3.3569350e+04   3.4106051e-13
   3.3569176e+04   3.6948222e-13
   3.3569002e+04   3.3395509e-13
   3.3568827e+04   3.3395509e-13
   3.3568653e+04   3.1974423e-13
   3.3568479e+04   3.2684966e-13
   3.3568304e+04   3.2684966e-13
   3.3568130e+04   2.7000624e-13
   3.3567956e+04   2.9132252e-13
   3.3567781e+04   3.0908609e-13
   3.3567607e+04   2.5224267e-13
   3.3567433e+04   2.9132252e-13
   3.3567258e+04   2.4513724e-13
   3.3567084e+04   2.9842795e-13
   3.3566910e+04   3.0908609e-13
   3.3566735e+04   2.9132252e-13
   3.3566561e+04   3.3040237e-13
   3.3566387e+04   2.9842795e-13
   3.3566212e+04   3.4461323e-13
   3.3566038e+04   2.7711167e-13
   3.3565864e+04   3.4816594e-13
   3.3565690e+04   3.1263880e-13
   3.3565515e+04   3.4106051e-13
   3.3565341e+04   2.9132252e-13
   3.3565167e+04   3.3395509e-13
   3.3564992e+04   3.0553338e-13
   3.3564818e+04   3.1263880e-13
   3.3564644e+04   3.2684966e-13
   3.3564469e+04   2.9132252e-13
   3.3564295e+04   3.4816594e-13
   3.3564121e+04   3.3395509e-13
   3.3563946e+04   3.1263880e-13
   3.3563772e+04   3.5527137e-13
   3.3563598e+04   3.8369308e-13
   3.3563423e+04   3.4816594e-13
   3.3563249e+04   3.1974423e-13
   3.3563075e+04   3.0553338e-13
   3.3562900e+04   3.7658765e-13
   3.3562726e+04   4.1922021e-13
   3.3562552e+04   3.4106051e-13
   3.3562378e+04   3.4106051e-13
   3.3562203e+04   3.6237680e-13
   3.3562029e+04   3.3395509e-13
   3.3561855e+04   3.1263880e-13
   3.3561680e+04   2.2737368e-13
   3.3561506e+04   3.1974423e-13
   3.3561332e+04   3.1974423e-13
   3.3561157e+04   3.3395509e-13
   3.3560983e+04   3.1263880e-13
   3.3560809e+04   3.3395509e-13
   3.3560634e+04   3.2684966e-13
   3.3560460e+04   2.7000624e-13
   3.3560286e+04   2.9132252e-13
   3.3560111e+04   3.0553338e-13
   3.3559937e+04   3.3395509e-13
   3.3559763e+04   2.6290081e-13
   3.3559588e+04   2.9842795e-13
   3.3559414e+04   3.1974423e-13
   3.3559240e+04   3.4816594e-13
   3.3559066e+04   3.0553338e-13
   3.3558891e+04   2.7711167e-13
   3.3558717e+04   3.3395509e-13
   3.3558543e+04   3.2684966e-13
   3.3558368e+04   2.9842795e-13
   3.3558194e+04   3.0553338e-13
   3.3558020e+04   3.2684966e-13
   3.3557845e+04   3.3395509e-13
   3.3557671e+04   3.4816594e-13
   3.3557497e+04   2.9842795e-13
   3.3557322e+04   3.7658765e-13
   3.3557148e+04   3.4816594e-13
   3.3556974e+04   2.9842795e-13
   3.3556799e+04   3.0553338e-13
   3.3556625e+04   3.4106051e-13
   3.3556451e+04   3.0553338e-13
   3.3556276e+04   3.1974423e-13
   3.3556102e+04   2.5579538e-13
   3.3555928e+04   3.1974423e-13
   3.3555754e+04   3.1263880e-13
   3.3555579e+04   2.9842795e-13
   3.3555405e+04   2.4868996e-13
   3.3555231e+04   2.9842795e-13
   3.3555056e+04   2.9842795e-13
   3.3554882e+04   2.3803182e-13
   3.3554708e+04   2.8421709e-13
   3.3554533e+04   2.8421709e-13
   3.3554359e+04   2.7000624e-13
   3.3554185e+04   2.3803182e-13
   3.3554010e+04   2.7000624e-13
   3.3553836e+04   2.9132252e-13
   3.3553662e+04   2.9132252e-13
   3.3553487e+04   2.7711167e-13
   3.3553313e+04   2.5579538e-13
   3.3553139e+04   2.8421709e-13
   3.3552964e+04   2.9132252e-13
   3.3552790e+04   2.5579538e-13
   3.3552616e+04   2.4158453e-13
   3.3552442e+04   2.9842795e-13
   3.3552267e+04   3.0553338e-13
   3.3552093e+04   2.5579538e-13
   3.3551919e+04   2.9132252e-13
   3.3551744e+04   3.3395509e-13
   3.3551570e+04   3.0553338e-13
   3.3551396e+04   2.8421709e-13
   3.3551221e+04   2.9842795e-13
   3.3551047e+04   2.9842795e-13
   3.3550873e+04   2.9842795e-13
   3.3550698e+04   3.1974423e-13
   3.3550524e+04   2.4868996e-13
   3.3550350e+04   2.7000624e-13
   3.3550175e+04   2.9132252e-13
   3.3550001e+04   3.1263880e-13
   3.3549827e+04   2.7711167e-13
   3.3549652e+04   2.8421709e-13
   3.3549478e+04   2.9132252e-13
   3.3549304e+04   2.5579538e-13
   3.3549130e+04   2.7000624e-13
   3.3548955e+04   2.6290081e-13
   3.3548781e+04   2.9842795e-13
   3.3548607e+04   2.2026825e-13
   3.3548432e+04   2.4868996e-13
   3.3548258e+04   2.6290081e-13
   3.3548084e+04   2.7000624e-13
   3.3547909e+04   2.3447910e-13
   3.3547735e+04   2.1316282e-13
   3.3547561e+04   2.3447910e-13
   3.3547386e+04   2.7000624e-13
   3.3547212e+04   2.2026825e-13
   3.3547038e+04   1.9895197e-13
   3.3546863e+04   2.4868996e-13
   3.3546689e+04   2.4158453e-13
   3.3546515e+04   2.3447910e-13
   3.3546340e+04   2.2737368e-13
   3.3546166e+04   2.7711167e-13
   3.3545992e+04   2.6290081e-13
   3.3545817e+04   1.9184654e-13
   3.3545643e+04   2.2026825e-13
   3.3545469e+04   2.4868996e-13
   3.3545295e+04   2.1316282e-13
   3.3545120e+04   2.3447910e-13
   3.3544946e+04   1.9895197e-13
   3.3544772e+04   2.3447910e-13
   3.3544597e+04   2.3447910e-13
   3.3544423e+04   2.3447910e-13
   3.3544249e+04   2.2737368e-13
   3.3544074e+04   2.1316282e-13
   3.3543900e+04   2.4158453e-13
   3.3543726e+04   2.2026825e-13
   3.3543551e+04   2.6290081e-13
   3.3543377e+04   2.2737368e-13
   3.3543203e+04   2.5579538e-13
   3.3543028e+04   1.9539925e-13
   3.3542854e+04   2.4158453e-13
   3.3542680e+04   2.5224267e-13
   3.3542505e+04   2.1671553e-13
   3.3542331e+04   2.5934810e-13
   3.3542157e+04   1.9184654e-13
   3.3541983e+04   2.4513724e-13
   3.3541808e+04   2.5934810e-13
   3.3541634e+04   1.7408297e-13
   3.3541460e+04   1.8474111e-13
   3.3541285e+04   2.2382096e-13
   3.3541111e+04   2.2026825e-13
   3.3540937e+04   2.0961011e-13
   3.3540762e+04   2.4158453e-13
   3.3540588e+04   2.6290081e-13
   3.3540414e+04   2.7711167e-13
   3.3540239e+04   2.2382096e-13
   3.3540065e+04   2.0605739e-13
   3.3539891e+04   2.2382096e-13
   3.3539716e+04   2.5579538e-13
   3.3539542e+04   2.7000624e-13
   3.3539368e+04   2.2026825e-13
   3.3539193e+04   2.4868996e-13
   3.3539019e+04   2.2026825e-13
   3.3538845e+04   2.6645353e-13
   3.3538671e+04   2.4868996e-13
   3.3538496e+04   2.7711167e-13
   3.3538322e+04   2.7711167e-13
   3.3538148e+04   2.0605739e-13
   3.3537973e+04   2.2382096e-13
   3.3537799e+04   2.2737368e-13
   3.3537625e+04   2.5934810e-13
   3.3537450e+04   2.2382096e-13
   3.3537276e+04   2.4868996e-13
   3.3537102e+04   2.5934810e-13
   3.3536927e+04   2.9487524e-13
   3.3536753e+04   2.7355895e-13
   3.3536579e+04   2.5579538e-13
   3.3536404e+04   2.8421709e-13
   3.3536230e+04   2.7355895e-13
   3.3536056e+04   2.5224267e-13
   3.3535881e+04   2.4513724e-13
   3.3535707e+04   2.8066438e-13
   3.3535533e+04   3.0198066e-13
   3.3535359e+04   2.9842795e-13
   3.3535184e+04   2.8066438e-13
   3.3535010e+04   3.2684966e-13
   3.3534836e+04   2.7711167e-13
   3.3534661e+04   2.2737368e-13
   3.3534487e+04   2.7711167e-13
   3.3534313e+04   2.9132252e-13
   3.3534138e+04   2.7711167e-13
   3.3533964e+04   3.1263880e-13
   3.3533790e+04   2.8421709e-13
   3.3533615e+04   2.9842795e-13
   3.3533441e+04   2.6290081e-13
   3.3533267e+04   2.8066438e-13
   3.3533092e+04   2.8776981e-13
   3.3532918e+04   3.2329694e-13
   3.3532744e+04   3.3750780e-13
   3.3532569e+04   3.1441516e-13
   3.3532395e+04   3.2152059e-13
   3.3532221e+04   3.1796787e-13
   3.3532047e+04   3.0730973e-13
   3.3531872e+04   3.1619152e-13
   3.3531698e+04   3.0198066e-13
   3.3531524e+04   3.6415315e-13
   3.3531349e+04   3.4994230e-13
   3.3531175e+04   3.7303494e-13
   3.3531001e+04   3.5171865e-13
   3.3530826e+04   3.4816594e-13
   3.3530652e+04   3.6948222e-13
   3.3530478e+04   3.3217873e-13
   3.3530303e+04   3.2152059e-13
   3.3530129e+04   3.1974423e-13
   3.3529955e+04   3.6592951e-13
   3.3529780e+04   3.4106051e-13
   3.3529606e+04   3.5704772e-13
   3.3529432e+04   3.8191672e-13
   3.3529257e+04   3.9257486e-13
   3.3529083e+04   3.7303494e-13
   3.3528909e+04   3.5171865e-13
   3.3528735e+04   3.5349501e-13
   3.3528560e+04   3.9968029e-13
   3.3528386e+04   4.2632564e-13
   3.3528212e+04   3.6592951e-13
   3.3528037e+04   4.0145665e-13
   3.3527863e+04   3.7125858e-13
   3.3527689e+04   4.1922021e-13
   3.3527514e+04   3.6237680e-13
   3.3527340e+04   3.8369308e-13
   3.3527166e+04   3.9790393e-13
   3.3526991e+04   3.7125858e-13
   3.3526817e+04   3.3217873e-13
   3.3526643e+04   3.6948222e-13
   3.3526468e+04   3.8724579e-13
   3.3526294e+04   3.8369308e-13
   3.3526120e+04   3.8369308e-13
   3.3525945e+04   3.7836401e-13
   3.3525771e+04   3.9612758e-13
   3.3525597e+04   4.2277293e-13
   3.3525423e+04   3.9435122e-13
   3.3525248e+04   4.0500936e-13
   3.3525074e+04   4.1566750e-13
   3.3524900e+04   3.9257486e-13
   3.3524725e+04   3.8724579e-13
   3.3524551e+04   4.4053650e-13
   3.3524377e+04   4.2810200e-13
   3.3524202e+04   4.4053650e-13
   3.3524028e+04   4.2099657e-13
   3.3523854e+04   4.4586557e-13
   3.3523679e+04   4.4764192e-13
   3.3523505e+04   4.0145665e-13
   3.3523331e+04   4.1566750e-13
   3.3523156e+04   4.2987836e-13
   3.3522982e+04   4.3698378e-13
   3.3522808e+04   5.0626170e-13
   3.3522633e+04   4.5297099e-13
   3.3522459e+04   4.7073456e-13
   3.3522285e+04   4.1566750e-13
   3.3522111e+04   4.3343107e-13
   3.3521936e+04   4.3343107e-13
   3.3521762e+04   4.3343107e-13
   3.3521588e+04   4.6185278e-13
