   3.3738412e+04   4.4408921e-16
   3.3738238e+04   7.2164497e-16
   3.3738064e+04   8.0491169e-16
   3.3737889e+04   4.1633363e-16
   3.3737715e+04   2.7755576e-17
   3.3737541e+04   5.5511151e-16
   3.3737367e+04   5.5511151e-17
   3.3737192e+04  -1.1102230e-16
   3.3737018e+04   2.2204460e-16
   3.3736844e+04   1.1102230e-16
   3.3736669e+04   4.9960036e-16
   3.3736495e+04   2.7755576e-16
   3.3736321e+04   0.0000000e+00
   3.3736146e+04   5.5511151e-16
   3.3735972e+04   4.4408921e-16
   3.3735798e+04   1.6653345e-16
   3.3735623e+04   4.4408921e-16
   3.3735449e+04   4.9960036e-16
   3.3735275e+04   6.6613381e-16
   3.3735100e+04   9.4368957e-16
   3.3734926e+04   5.5511151e-16
   3.3734752e+04   7.7715612e-16
   3.3734577e+04   4.4408921e-16
   3.3734403e+04   6.6613381e-16
   3.3734229e+04   5.5511151e-16
   3.3734055e+04   7.7715612e-16
   3.3733880e+04   9.4368957e-16
   3.3733706e+04   1.0547119e-15
   3.3733532e+04   1.2212453e-15
   3.3733357e+04   9.4368957e-16
   3.3733183e+04   9.4368957e-16
   3.3733009e+04   1.0547119e-15
   3.3732834e+04   1.1102230e-15
   3.3732660e+04   1.2767565e-15
   3.3732486e+04   8.8817842e-16
   3.3732311e+04   7.2164497e-16
   3.3732137e+04   9.4368957e-16
   3.3731963e+04   1.1102230e-15
   3.3731788e+04   9.9920072e-16
   3.3731614e+04   1.0547119e-15
   3.3731440e+04   1.1102230e-15
   3.3731265e+04   4.9960036e-16
   3.3731091e+04   8.8817842e-16
   3.3730917e+04   9.4368957e-16
   3.3730743e+04   8.8817842e-16
   3.3730568e+04   1.0547119e-15
   3.3730394e+04   4.9960036e-16
   3.3730220e+04   9.4368957e-16
   3.3730045e+04   5.5511151e-16
   3.3729871e+04   8.8817842e-16
   3.3729697e+04   7.2164497e-16
   3.3729522e+04   8.8817842e-16
   3.3729348e+04   4.9960036e-16
   3.3729174e+04   8.3266727e-16
   3.3728999e+04   3.8857806e-16
   3.3728825e+04   3.3306691e-16
   3.3728651e+04   3.8857806e-16
   3.3728476e+04   8.3266727e-16
   3.3728302e+04   4.4408921e-16
   3.3728128e+04   9.4368957e-16
   3.3727953e+04   4.4408921e-16
   3.3727779e+04   1.6653345e-16
   3.3727605e+04   1.6653345e-16
   3.3727431e+04   5.5511151e-17
   3.3727256e+04   7.2164497e-16
   3.3727082e+04   2.2204460e-16
   3.3726908e+04  -1.3877788e-16
   3.3726733e+04   5.1347815e-16
   3.3726559e+04   2.9143354e-16
   3.3726385e+04   1.1102230e-16
   3.3726210e+04   2.6367797e-16
   3.3726036e+04   5.5511151e-17
   3.3725862e+04   1.1102230e-16
   3.3725687e+04   4.0245585e-16
   3.3725513e+04   6.9388939e-16
   3.3725339e+04   6.1062266e-16
   3.3725164e+04   1.0547119e-15
   3.3724990e+04   5.8286709e-16
   3.3724816e+04   4.1633363e-16
   3.3724641e+04   9.7144515e-17
   3.3724467e+04   8.4654506e-16
   3.3724293e+04   2.4980018e-16
   3.3724119e+04   5.5511151e-16
   3.3723944e+04   5.5511151e-16
   3.3723770e+04   5.5511151e-16
   3.3723596e+04   4.4408921e-16
   3.3723421e+04   5.4123372e-16
   3.3723247e+04   7.3552275e-16
   3.3723073e+04   6.8001160e-16
   3.3722898e+04   8.1878948e-16
   3.3722724e+04   5.1347815e-16
   3.3722550e+04   9.4368957e-16
   3.3722375e+04   2.9837244e-16
   3.3722201e+04   7.0776718e-16
   3.3722027e+04   8.4654506e-16
   3.3721852e+04   1.1518564e-15
   3.3721678e+04   1.0824674e-15
   3.3721504e+04   1.2212453e-15
   3.3721329e+04   9.7144515e-16
   3.3721155e+04   1.1102230e-15
   3.3720981e+04   1.2212453e-15
   3.3720807e+04   8.3266727e-16
   3.3720632e+04   9.7144515e-16
   3.3720458e+04   7.9103391e-16
   3.3720284e+04   8.8817842e-16
   3.3720109e+04   7.4940054e-16
   3.3719935e+04   8.7430063e-16
   3.3719761e+04   6.6613381e-16
   3.3719586e+04   1.0963452e-15
   3.3719412e+04   8.4654506e-16
   3.3719238e+04   3.0531133e-16
   3.3719063e+04   4.4408921e-16
   3.3718889e+04   5.5511151e-16
   3.3718715e+04   2.7755576e-16
   3.3718540e+04   3.6082248e-16
   3.3718366e+04   4.8572257e-16
   3.3718192e+04   4.0245585e-16
   3.3718017e+04   6.3837824e-16
   3.3717843e+04   0.0000000e+00
   3.3717669e+04  -1.6653345e-16
   3.3717495e+04   2.4980018e-16
   3.3717320e+04   3.8857806e-16
   3.3717146e+04   2.7755576e-16
   3.3716972e+04  -1.1102230e-16
   3.3716797e+04  -3.8857806e-16
   3.3716623e+04  -1.1102230e-16
   3.3716449e+04  -4.1633363e-16
   3.3716274e+04  -4.1633363e-16
   3.3716100e+04   1.6653345e-16
   3.3715926e+04  -2.4980018e-16
   3.3715751e+04  -4.1633363e-16
   3.3715577e+04  -7.2164497e-16
   3.3715403e+04  -2.7755576e-17
   3.3715228e+04  -7.7715612e-16
   3.3715054e+04  -1.9428903e-16
   3.3714880e+04  -1.1102230e-16
   3.3714705e+04   2.7755576e-17
   3.3714531e+04  -2.2204460e-16
   3.3714357e+04  -8.3266727e-17
   3.3714183e+04  -3.0531133e-16
   3.3714008e+04   4.4408921e-16
   3.3713834e+04   3.0531133e-16
   3.3713660e+04   0.0000000e+00
   3.3713485e+04   3.3306691e-16
   3.3713311e+04   4.1633363e-16
   3.3713137e+04  -5.5511151e-17
   3.3712962e+04  -2.7755576e-17
   3.3712788e+04   4.4408921e-16
   3.3712614e+04   7.7715612e-16
   3.3712439e+04   9.9920072e-16
   3.3712265e+04   4.4408921e-16
   3.3712091e+04   9.1593400e-16
   3.3711916e+04  -1.1102230e-16
   3.3711742e+04   5.5511151e-16
   3.3711568e+04   6.6613381e-16
   3.3711393e+04   1.0824674e-15
   3.3711219e+04   9.9920072e-16
   3.3711045e+04   5.5511151e-16
   3.3710871e+04   7.2164497e-16
   3.3710696e+04   1.0824674e-15
   3.3710522e+04   1.3877788e-15
   3.3710348e+04   8.3266727e-16
   3.3710173e+04   8.0491169e-16
   3.3709999e+04   7.2164497e-16
   3.3709825e+04   1.1657342e-15
   3.3709650e+04   8.3266727e-16
   3.3709476e+04   1.1934898e-15
   3.3709302e+04   1.1102230e-15
   3.3709127e+04   1.7208457e-15
   3.3708953e+04   1.2767565e-15
   3.3708779e+04   1.1102230e-15
   3.3708604e+04   1.3322676e-15
   3.3708430e+04   1.1657342e-15
   3.3708256e+04   1.1657342e-15
   3.3708081e+04   4.4408921e-16
   3.3707907e+04   1.3322676e-15
   3.3707733e+04   8.8817842e-16
   3.3707558e+04   6.6613381e-16
   3.3707384e+04   9.4368957e-16
   3.3707210e+04   9.4368957e-16
   3.3707036e+04   7.4940054e-16
   3.3706861e+04   1.2767565e-15
   3.3706687e+04   5.8286709e-16
   3.3706513e+04   8.8817842e-16
   3.3706338e+04   5.5511151e-16
   3.3706164e+04   5.5511151e-16
   3.3705990e+04   8.3266727e-16
   3.3705815e+04   5.5511151e-16
   3.3705641e+04  -1.1102230e-16
   3.3705467e+04   2.2204460e-16
   3.3705292e+04   4.4408921e-16
   3.3705118e+04   5.5511151e-16
   3.3704944e+04   1.1102230e-15
   3.3704769e+04   6.1062266e-16
   3.3704595e+04   6.1062266e-16
   3.3704421e+04  -5.5511151e-17
   3.3704246e+04   6.1062266e-16
   3.3704072e+04   3.3306691e-16
   3.3703898e+04   4.4408921e-16
   3.3703724e+04  -5.5511151e-17
   3.3703549e+04   3.8857806e-16
   3.3703375e+04  -5.5511151e-17
   3.3703201e+04   5.5511151e-17
   3.3703026e+04   8.3266727e-16
   3.3702852e+04   8.3266727e-16
   3.3702678e+04   3.8857806e-16
   3.3702503e+04   1.1102230e-16
   3.3702329e+04   2.7755576e-16
   3.3702155e+04  -1.1102230e-16
   3.3701980e+04   7.2164497e-16
   3.3701806e+04   0.0000000e+00
   3.3701632e+04   1.1657342e-15
   3.3701457e+04   4.4408921e-16
   3.3701283e+04   7.2164497e-16
   3.3701109e+04   7.7715612e-16
   3.3700934e+04   1.2767565e-15
   3.3700760e+04   9.4368957e-16
   3.3700586e+04   7.2164497e-16
   3.3700412e+04   7.2164497e-16
   3.3700237e+04   1.1102230e-15
   3.3700063e+04   7.7715612e-16
   3.3699889e+04   2.7755576e-16
   3.3699714e+04   8.8817842e-16
   3.3699540e+04   7.2164497e-16
   3.3699366e+04   1.2767565e-15
   3.3699191e+04   8.8817842e-16
   3.3699017e+04   7.7715612e-16
   3.3698843e+04   4.9960036e-16
   3.3698668e+04   1.0547119e-15
   3.3698494e+04   9.4368957e-16
   3.3698320e+04   9.4368957e-16
   3.3698145e+04   1.6653345e-15
   3.3697971e+04   1.5543122e-15
   3.3697797e+04   1.7763568e-15
   3.3697622e+04   1.7763568e-15
   3.3697448e+04   1.7208457e-15
   3.3697274e+04   1.8873791e-15
   3.3697100e+04   1.4988011e-15
   3.3696925e+04   1.6653345e-15
   3.3696751e+04   2.6645353e-15
   3.3696577e+04   1.6653345e-15
   3.3696402e+04   1.7208457e-15
   3.3696228e+04   9.9920072e-16
   3.3696054e+04   1.6653345e-15
   3.3695879e+04   1.6098234e-15
   3.3695705e+04   1.4988011e-15
   3.3695531e+04   1.2767565e-15
   3.3695356e+04   1.4432899e-15
   3.3695182e+04   1.3877788e-15
   3.3695008e+04   1.2212453e-15
   3.3694833e+04   1.4432899e-15
   3.3694659e+04   1.2212453e-15
   3.3694485e+04   7.7715612e-16
   3.3694310e+04   7.2164497e-16
   3.3694136e+04   7.2164497e-16
   3.3693962e+04   8.3266727e-16
   3.3693788e+04   1.4432899e-15
   3.3693613e+04   9.4368957e-16
   3.3693439e+04   9.9920072e-16
   3.3693265e+04   4.4408921e-16
   3.3693090e+04   9.4368957e-16
   3.3692916e+04   7.2164497e-16
   3.3692742e+04   1.1657342e-15
   3.3692567e+04   7.7715612e-16
   3.3692393e+04   1.1657342e-15
   3.3692219e+04   4.4408921e-16
   3.3692044e+04   6.6613381e-16
   3.3691870e+04   6.6613381e-16
   3.3691696e+04   7.7715612e-16
   3.3691521e+04   1.4432899e-15
   3.3691347e+04   8.8817842e-16
   3.3691173e+04   3.3306691e-16
   3.3690998e+04   3.3306691e-16
   3.3690824e+04   5.5511151e-16
   3.3690650e+04   4.4408921e-16
   3.3690476e+04   5.5511151e-16
   3.3690301e+04   8.8817842e-16
   3.3690127e+04   6.6613381e-16
   3.3689953e+04   1.1102230e-16
   3.3689778e+04   1.1102230e-15
   3.3689604e+04   4.4408921e-16
   3.3689430e+04   5.5511151e-16
   3.3689255e+04   7.7715612e-16
   3.3689081e+04   1.3322676e-15
   3.3688907e+04   1.4432899e-15
   3.3688732e+04   6.6613381e-16
   3.3688558e+04   8.8817842e-16
   3.3688384e+04   9.9920072e-16
   3.3688209e+04   7.7715612e-16
   3.3688035e+04   3.3306691e-16
   3.3687861e+04   8.8817842e-16
   3.3687686e+04   6.6613381e-16
   3.3687512e+04   1.3322676e-15
   3.3687338e+04   1.2212453e-15
   3.3687164e+04   2.2204460e-16
   3.3686989e+04   7.7715612e-16
   3.3686815e+04   1.6653345e-15
   3.3686641e+04   7.7715612e-16
   3.3686466e+04   1.1102230e-15
   3.3686292e+04   6.6613381e-16
   3.3686118e+04   8.8817842e-16
   3.3685943e+04   1.2212453e-15
   3.3685769e+04   9.9920072e-16
   3.3685595e+04   1.3322676e-15
   3.3685420e+04   1.1102230e-15
   3.3685246e+04   1.4432899e-15
   3.3685072e+04   6.6613381e-16
   3.3684897e+04   1.8873791e-15
   3.3684723e+04   1.2212453e-15
   3.3684549e+04   1.4432899e-15
   3.3684374e+04   1.7763568e-15
   3.3684200e+04   1.4432899e-15
   3.3684026e+04   1.7763568e-15
   3.3683852e+04   1.8873791e-15
   3.3683677e+04   1.2212453e-15
   3.3683503e+04   1.6653345e-15
   3.3683329e+04   1.4432899e-15
   3.3683154e+04   1.4432899e-15
   3.3682980e+04   1.3322676e-15
   3.3682806e+04   1.3322676e-15
   3.3682631e+04   1.3322676e-15
   3.3682457e+04   8.8817842e-16
   3.3682283e+04   8.8817842e-16
   3.3682108e+04   8.8817842e-16
   3.3681934e+04   1.3322676e-15
   3.3681760e+04   1.5543122e-15
   3.3681585e+04   1.3322676e-15
   3.3681411e+04   8.8817842e-16
   3.3681237e+04   8.8817842e-16
   3.3681062e+04   2.2204460e-16
   3.3680888e+04   0.0000000e+00
   3.3680714e+04   6.6613381e-16
   3.3680540e+04   2.2204460e-16
   3.3680365e+04   6.6613381e-16
   3.3680191e+04   6.6613381e-16
   3.3680017e+04   4.4408921e-16
   3.3679842e+04   2.2204460e-16
   3.3679668e+04   8.8817842e-16
   3.3679494e+04   7.7715612e-16
   3.3679319e+04   1.3322676e-15
   3.3679145e+04   9.9920072e-16
   3.3678971e+04   7.7715612e-16
   3.3678796e+04   8.8817842e-16
   3.3678622e+04   8.8817842e-16
   3.3678448e+04   6.6613381e-16
   3.3678273e+04   6.6613381e-16
   3.3678099e+04   1.3322676e-15
   3.3677925e+04   1.1102230e-15
   3.3677750e+04   6.6613381e-16
   3.3677576e+04   9.9920072e-16
   3.3677402e+04   8.8817842e-16
   3.3677228e+04   6.6613381e-16
   3.3677053e+04   8.8817842e-16
   3.3676879e+04   6.6613381e-16
   3.3676705e+04   8.8817842e-16
   3.3676530e+04   0.0000000e+00
   3.3676356e+04   8.8817842e-16
   3.3676182e+04   9.9920072e-16
   3.3676007e+04   0.0000000e+00
   3.3675833e+04   8.8817842e-16
   3.3675659e+04   6.6613381e-16
   3.3675484e+04   6.6613381e-16
   3.3675310e+04   5.5511151e-16
   3.3675136e+04   6.6613381e-16
   3.3674961e+04   6.6613381e-16
   3.3674787e+04   9.9920072e-16
   3.3674613e+04   6.6613381e-16
   3.3674438e+04   1.2212453e-15
   3.3674264e+04   3.3306691e-16
   3.3674090e+04   1.1102230e-15
   3.3673916e+04   5.5511151e-16
   3.3673741e+04   7.7715612e-16
   3.3673567e+04   6.6613381e-16
   3.3673393e+04   6.6613381e-16
   3.3673218e+04   2.2204460e-16
   3.3673044e+04   3.3306691e-16
   3.3672870e+04   2.2204460e-16
   3.3672695e+04   1.1102230e-16
   3.3672521e+04   5.5511151e-16
   3.3672347e+04   7.7715612e-16
   3.3672172e+04   5.5511151e-16
   3.3671998e+04   5.5511151e-16
   3.3671824e+04   0.0000000e+00
   3.3671649e+04   5.5511151e-16
   3.3671475e+04   2.2204460e-16
   3.3671301e+04   2.2204460e-16
   3.3671126e+04   1.1102230e-16
   3.3670952e+04   6.6613381e-16
   3.3670778e+04   1.1102230e-16
   3.3670604e+04  -3.3306691e-16
   3.3670429e+04   1.1102230e-16
   3.3670255e+04  -2.2204460e-16
   3.3670081e+04   1.1102230e-16
   3.3669906e+04  -1.1102230e-16
   3.3669732e+04  -2.2204460e-16
   3.3669558e+04   1.1102230e-16
   3.3669383e+04   3.3306691e-16
   3.3669209e+04   1.1102230e-16
   3.3669035e+04   3.3306691e-16
   3.3668860e+04   5.5511151e-17
   3.3668686e+04  -2.2204460e-16
   3.3668512e+04   3.3306691e-16
   3.3668337e+04   3.8857806e-16
   3.3668163e+04   2.2204460e-16
   3.3667989e+04   3.3306691e-16
   3.3667814e+04   3.6082248e-16
   3.3667640e+04   2.7755576e-16
   3.3667466e+04   4.7184479e-16
   3.3667292e+04   2.5673907e-16
   3.3667117e+04   4.4408921e-16
   3.3666943e+04   4.8572257e-16
   3.3666769e+04   7.0776718e-16
   3.3666594e+04   1.2490009e-16
   3.3666420e+04   2.3592239e-16
   3.3666246e+04   6.9388939e-16
   3.3666071e+04   4.5796700e-16
   3.3665897e+04   4.8572257e-16
   3.3665723e+04   3.8857806e-16
   3.3665548e+04   2.7755576e-16
   3.3665374e+04   2.4980018e-16
   3.3665200e+04   4.4408921e-16
   3.3665025e+04   1.2490009e-16
   3.3664851e+04  -9.7144515e-17
   3.3664677e+04  -1.2490009e-16
   3.3664502e+04   1.3877788e-17
   3.3664328e+04  -4.4408921e-16
   3.3664154e+04   8.3266727e-17
   3.3663979e+04  -6.5225603e-16
   3.3663805e+04  -4.6490589e-16
   3.3663631e+04  -4.5796700e-16
   3.3663457e+04  -7.2164497e-16
   3.3663282e+04  -5.2041704e-16
   3.3663108e+04  -9.5062846e-16
   3.3662934e+04  -5.2041704e-16
   3.3662759e+04  -7.2858386e-16
   3.3662585e+04   1.3877788e-16
   3.3662411e+04  -6.8695050e-16
   3.3662236e+04  -5.5511151e-17
   3.3662062e+04  -1.0616508e-15
   3.3661888e+04  -6.2450045e-16
   3.3661713e+04  -9.1593400e-16
   3.3661539e+04  -6.8001160e-16
   3.3661365e+04  -6.1062266e-16
   3.3661190e+04  -4.8572257e-16
   3.3661016e+04  -5.8980598e-16
   3.3660842e+04  -8.7083118e-16
   3.3660667e+04  -8.2572837e-16
   3.3660493e+04  -6.6266437e-16
   3.3660319e+04  -3.3306691e-16
   3.3660145e+04  -3.4694470e-16
   3.3659970e+04  -2.4980018e-16
   3.3659796e+04  -9.7144515e-17
   3.3659622e+04   0.0000000e+00
   3.3659447e+04  -5.3429483e-16
   3.3659273e+04  -7.2164497e-16
   3.3659099e+04  -7.8409501e-16
   3.3658924e+04  -6.6613381e-16
   3.3658750e+04  -7.9797280e-16
   3.3658576e+04  -5.3429483e-16
   3.3658401e+04  -4.1633363e-16
   3.3658227e+04  -1.8041124e-16
   3.3658053e+04  -4.3021142e-16
   3.3657878e+04  -8.8123953e-16
   3.3657704e+04  -7.9103391e-16
   3.3657530e+04  -6.3143935e-16
   3.3657355e+04  -7.3552275e-16
   3.3657181e+04  -3.2959746e-16
   3.3657007e+04  -4.8572257e-17
   3.3656833e+04  -2.4633073e-16
   3.3656658e+04  -3.8510861e-16
   3.3656484e+04  -4.4408921e-16
   3.3656310e+04  -1.3877788e-17
   3.3656135e+04   2.7755576e-17
   3.3655961e+04   8.6736174e-17
   3.3655787e+04  -2.0122792e-16
   3.3655612e+04  -4.8572257e-17
   3.3655438e+04  -1.3183898e-16
   3.3655264e+04   9.0205621e-17
   3.3655089e+04   4.7878368e-16
   3.3654915e+04   2.7755576e-16
   3.3654741e+04   4.8225313e-16
   3.3654566e+04   2.6714742e-16
   3.3654392e+04   2.4633073e-16
   3.3654218e+04   2.1857516e-16
   3.3654043e+04   2.6541269e-16
   3.3653869e+04   9.0205621e-17
   3.3653695e+04   2.4286129e-16
   3.3653521e+04   3.1225023e-17
   3.3653346e+04   2.3245295e-16
   3.3653172e+04  -1.1102230e-16
   3.3652998e+04   3.4694470e-17
   3.3652823e+04  -2.1163626e-16
   3.3652649e+04   1.5612511e-16
   3.3652475e+04   2.4633073e-16
   3.3652300e+04  -8.6736174e-17
   3.3652126e+04  -2.0469737e-16
   3.3651952e+04  -5.6551985e-16
   3.3651777e+04  -6.4184769e-16
   3.3651603e+04  -7.3899220e-16
   3.3651429e+04  -3.3306691e-16
   3.3651254e+04  -6.9041994e-16
   3.3651080e+04  -3.4000580e-16
   3.3650906e+04  -1.2212453e-15
   3.3650731e+04  -1.1761425e-15
   3.3650557e+04  -7.8756446e-16
   3.3650383e+04  -5.2041704e-16
   3.3650209e+04  -8.6909646e-16
   3.3650034e+04  -1.3426760e-15
   3.3649860e+04  -1.1587953e-15
   3.3649686e+04  -1.1310397e-15
   3.3649511e+04  -9.2287289e-16
   3.3649337e+04  -9.3675068e-16
   3.3649163e+04  -4.7184479e-16
   3.3648988e+04  -2.7755576e-16
   3.3648814e+04  -6.9388939e-16
   3.3648640e+04  -5.2735594e-16
   3.3648465e+04  -5.2735594e-16
   3.3648291e+04  -5.5511151e-16
   3.3648117e+04  -4.9960036e-16
   3.3647942e+04  -5.5511151e-16
   3.3647768e+04  -4.4408921e-16
   3.3647594e+04  -7.4940054e-16
   3.3647419e+04  -4.4408921e-16
   3.3647245e+04  -9.1593400e-16
   3.3647071e+04  -5.5511151e-16
   3.3646897e+04  -5.2735594e-16
   3.3646722e+04  -4.7184479e-16
   3.3646548e+04  -6.6613381e-16
   3.3646374e+04  -2.7755576e-16
   3.3646199e+04  -7.2164497e-16
   3.3646025e+04  -4.4408921e-16
   3.3645851e+04  -2.2204460e-16
   3.3645676e+04  -5.8286709e-16
   3.3645502e+04  -3.3306691e-16
   3.3645328e+04  -6.6613381e-16
   3.3645153e+04  -3.8857806e-16
   3.3644979e+04  -4.7184479e-16
   3.3644805e+04  -2.4980018e-16
   3.3644630e+04  -2.2204460e-16
   3.3644456e+04  -6.1062266e-16
   3.3644282e+04  -6.9388939e-16
   3.3644107e+04  -2.4980018e-16
   3.3643933e+04  -6.6613381e-16
   3.3643759e+04  -2.2204460e-16
   3.3643585e+04  -1.9428903e-16
   3.3643410e+04   2.7755576e-17
   3.3643236e+04  -7.2164497e-16
   3.3643062e+04  -5.2735594e-16
   3.3642887e+04  -6.1062266e-16
   3.3642713e+04  -5.8286709e-16
   3.3642539e+04  -5.5511151e-16
   3.3642364e+04  -6.3837824e-16
   3.3642190e+04  -3.0531133e-16
   3.3642016e+04  -3.8857806e-16
   3.3641841e+04  -5.2735594e-16
   3.3641667e+04  -4.4408921e-16
   3.3641493e+04   5.5511151e-17
   3.3641318e+04   0.0000000e+00
   3.3641144e+04   1.1102230e-16
   3.3640970e+04  -4.4408921e-16
   3.3640795e+04  -2.4980018e-16
   3.3640621e+04  -4.7184479e-16
   3.3640447e+04  -4.9960036e-16
   3.3640273e+04  -1.6653345e-16
   3.3640098e+04  -8.3266727e-16
   3.3639924e+04  -4.9960036e-16
   3.3639750e+04  -8.3266727e-16
   3.3639575e+04  -1.2212453e-15
   3.3639401e+04  -5.5511151e-16
   3.3639227e+04  -5.5511151e-17
   3.3639052e+04  -2.4980018e-16
   3.3638878e+04  -4.7184479e-16
   3.3638704e+04  -2.2204460e-16
   3.3638529e+04   0.0000000e+00
   3.3638355e+04  -3.3306691e-16
   3.3638181e+04  -8.3266727e-16
   3.3638006e+04  -5.5511151e-16
   3.3637832e+04  -5.6898930e-16
   3.3637658e+04  -5.2735594e-16
   3.3637483e+04  -9.7144515e-17
   3.3637309e+04  -2.2204460e-16
   3.3637135e+04  -5.2041704e-16
   3.3636961e+04  -6.1062266e-16
   3.3636786e+04  -2.1510571e-16
   3.3636612e+04  -5.5511151e-17
   3.3636438e+04  -2.5673907e-16
   3.3636263e+04   3.6776138e-16
   3.3636089e+04  -9.7144515e-16
   3.3635915e+04  -3.7470027e-16
   3.3635740e+04   4.1633363e-17
   3.3635566e+04  -7.5633944e-16
   3.3635392e+04  -7.0776718e-16
   3.3635217e+04  -4.7878368e-16
   3.3635043e+04  -5.4123372e-16
   3.3634869e+04  -2.2551405e-16
   3.3634694e+04  -8.9511731e-16
   3.3634520e+04  -1.0304257e-15
   3.3634346e+04  -1.3357371e-15
   3.3634171e+04  -9.9920072e-16
   3.3633997e+04  -1.3183898e-15
   3.3633823e+04  -9.1593400e-16
   3.3633649e+04  -8.6389229e-16
   3.3633474e+04  -7.1470607e-16
   3.3633300e+04  -9.7838404e-16
   3.3633126e+04  -9.2287289e-16
   3.3632951e+04  -6.4531713e-16
   3.3632777e+04  -3.9551695e-16
   3.3632603e+04  -3.8857806e-16
   3.3632428e+04  -9.2634234e-16
   3.3632254e+04  -7.1123663e-16
   3.3632080e+04  -2.4633073e-16
   3.3631905e+04  -3.8510861e-16
   3.3631731e+04  -8.2052420e-16
   3.3631557e+04  -5.3429483e-16
   3.3631382e+04  -4.0939474e-16
   3.3631208e+04  -6.6960326e-16
   3.3631034e+04  -5.6551985e-16
   3.3630859e+04  -8.0491169e-16
   3.3630685e+04  -3.4000580e-16
   3.3630511e+04  -7.3205331e-16
   3.3630337e+04  -7.1123663e-16
   3.3630162e+04  -5.7939764e-16
   3.3629988e+04  -1.3530843e-16
   3.3629814e+04  -5.1694760e-16
   3.3629639e+04  -3.7816972e-16
   3.3629465e+04  -9.6797570e-16
   3.3629291e+04  -8.1532003e-16
   3.3629116e+04  -9.9920072e-16
   3.3628942e+04  -4.7531423e-16
   3.3628768e+04  -6.8695050e-16
   3.3628593e+04  -7.2164497e-16
   3.3628419e+04  -7.1123663e-16
   3.3628245e+04  -3.7816972e-16
   3.3628070e+04  -3.6776138e-16
   3.3627896e+04  -7.4072692e-16
   3.3627722e+04  -7.1123663e-16
   3.3627547e+04  -7.2858386e-16
   3.3627373e+04  -3.6776138e-16
   3.3627199e+04  -2.9837244e-16
   3.3627025e+04  -3.4000580e-16
   3.3626850e+04  -6.6613381e-16
   3.3626676e+04  -6.6613381e-16
   3.3626502e+04  -6.6613381e-16
   3.3626327e+04  -6.6613381e-16
   3.3626153e+04  -6.6613381e-16
   3.3625979e+04  -2.2204460e-16
   3.3625804e+04  -4.4408921e-16
   3.3625630e+04  -4.4408921e-16
   3.3625456e+04  -4.4408921e-16
   3.3625281e+04  -2.2204460e-16
   3.3625107e+04  -2.2204460e-16
   3.3624933e+04  -2.2204460e-16
   3.3624758e+04  -4.4408921e-16
   3.3624584e+04   2.2204460e-16
   3.3624410e+04   0.0000000e+00
   3.3624235e+04   4.4408921e-16
   3.3624061e+04   4.4408921e-16
   3.3623887e+04   2.2204460e-16
   3.3623713e+04   1.1102230e-16
   3.3623538e+04  -1.1102230e-16
   3.3623364e+04  -5.5511151e-16
   3.3623190e+04  -4.9960036e-16
   3.3623015e+04  -3.3306691e-16
   3.3622841e+04  -4.1633363e-16
   3.3622667e+04   2.7755576e-17
   3.3622492e+04  -3.3306691e-16
   3.3622318e+04  -2.6367797e-16
   3.3622144e+04  -9.7144515e-17
   3.3621969e+04  -1.3877788e-17
   3.3621795e+04  -6.9388939e-17
   3.3621621e+04   2.4980018e-16
   3.3621446e+04   9.7144515e-17
   3.3621272e+04  -1.5265567e-16
   3.3621098e+04   2.2204460e-16
   3.3620923e+04   1.6653345e-16
   3.3620749e+04  -4.1633363e-16
   3.3620575e+04  -5.5511151e-17
   3.3620400e+04   3.7470027e-16
   3.3620226e+04   4.1633363e-17
   3.3620052e+04   6.8001160e-16
   3.3619878e+04   1.5265567e-16
   3.3619703e+04   9.4368957e-16
   3.3619529e+04   6.9388939e-16
   3.3619355e+04  -6.9388939e-17
   3.3619180e+04   6.3143935e-16
   3.3619006e+04   7.9103391e-16
   3.3618832e+04   8.8817842e-16
   3.3618657e+04   6.8695050e-16
   3.3618483e+04   1.0616508e-15
   3.3618309e+04   5.2041704e-16
   3.3618134e+04   4.5102810e-16
   3.3617960e+04  -8.3266727e-17
   3.3617786e+04   4.6490589e-16
   3.3617611e+04   1.6653345e-16
   3.3617437e+04   3.4000580e-16
   3.3617263e+04   7.3552275e-16
   3.3617088e+04   2.4980018e-16
   3.3616914e+04   4.0245585e-16
   3.3616740e+04   2.2204460e-16
   3.3616566e+04  -1.3877788e-17
   3.3616391e+04   5.8980598e-16
   3.3616217e+04   6.4878658e-16
   3.3616043e+04   7.7021722e-16
   3.3615868e+04   2.7408631e-16
   3.3615694e+04   4.4408921e-16
   3.3615520e+04   2.2204460e-16
   3.3615345e+04   0.0000000e+00
   3.3615171e+04   0.0000000e+00
   3.3614997e+04  -4.4408921e-16
   3.3614822e+04   8.8817842e-16
   3.3614648e+04  -4.4408921e-16
   3.3614474e+04   0.0000000e+00
   3.3614299e+04   0.0000000e+00
   3.3614125e+04   4.4408921e-16
   3.3613951e+04   0.0000000e+00
   3.3613776e+04   0.0000000e+00
   3.3613602e+04   4.4408921e-16
   3.3613428e+04  -4.4408921e-16
   3.3613254e+04   4.4408921e-16
   3.3613079e+04  -4.4408921e-16
   3.3612905e+04   0.0000000e+00
   3.3612731e+04   8.8817842e-16
   3.3612556e+04   2.2204460e-16
   3.3612382e+04   0.0000000e+00
   3.3612208e+04   4.4408921e-16
   3.3612033e+04   0.0000000e+00
   3.3611859e+04   4.4408921e-16
   3.3611685e+04  -2.2204460e-16
   3.3611510e+04   8.8817842e-16
   3.3611336e+04   2.2204460e-16
   3.3611162e+04   8.8817842e-16
   3.3610987e+04   4.4408921e-16
   3.3610813e+04   8.8817842e-16
   3.3610639e+04   2.2204460e-16
   3.3610464e+04   4.4408921e-16
   3.3610290e+04   6.6613381e-16
   3.3610116e+04   4.4408921e-16
   3.3609942e+04   0.0000000e+00
   3.3609767e+04   0.0000000e+00
   3.3609593e+04   0.0000000e+00
   3.3609419e+04   0.0000000e+00
   3.3609244e+04   1.1102230e-15
   3.3609070e+04   4.4408921e-16
   3.3608896e+04   8.8817842e-16
   3.3608721e+04   4.4408921e-16
   3.3608547e+04   2.2204460e-16
   3.3608373e+04   2.2204460e-16
   3.3608198e+04   0.0000000e+00
   3.3608024e+04   0.0000000e+00
   3.3607850e+04   6.6613381e-16
   3.3607675e+04   4.4408921e-16
   3.3607501e+04   2.2204460e-16
   3.3607327e+04   4.4408921e-16
   3.3607152e+04   4.4408921e-16
   3.3606978e+04   2.2204460e-16
   3.3606804e+04  -4.4408921e-16
   3.3606630e+04   6.6613381e-16
   3.3606455e+04  -4.4408921e-16
   3.3606281e+04  -4.4408921e-16
   3.3606107e+04  -2.2204460e-16
   3.3605932e+04   2.2204460e-16
   3.3605758e+04  -2.2204460e-16
   3.3605584e+04  -2.2204460e-16
   3.3605409e+04   4.4408921e-16
   3.3605235e+04   6.6613381e-16
   3.3605061e+04   6.6613381e-16
   3.3604886e+04   0.0000000e+00
   3.3604712e+04   1.1102230e-15
   3.3604538e+04   2.2204460e-16
   3.3604363e+04   5.5511151e-16
   3.3604189e+04   2.2204460e-16
   3.3604015e+04   1.1102230e-16
   3.3603840e+04   5.5511151e-16
   3.3603666e+04   6.6613381e-16
   3.3603492e+04   4.4408921e-16
   3.3603318e+04   5.5511151e-16
   3.3603143e+04   4.4408921e-16
   3.3602969e+04   8.8817842e-16
   3.3602795e+04   8.8817842e-16
   3.3602620e+04   6.6613381e-16
   3.3602446e+04   6.6613381e-16
   3.3602272e+04   1.1102230e-15
   3.3602097e+04   1.1102230e-15
   3.3601923e+04   1.1102230e-15
   3.3601749e+04   1.3322676e-15
   3.3601574e+04   1.1102230e-15
   3.3601400e+04   8.8817842e-16
   3.3601226e+04   6.6613381e-16
   3.3601051e+04   1.1102230e-15
   3.3600877e+04   4.4408921e-16
   3.3600703e+04   4.4408921e-16
   3.3600528e+04   4.4408921e-16
   3.3600354e+04   8.8817842e-16
   3.3600180e+04   2.2204460e-16
   3.3600006e+04   8.8817842e-16
   3.3599831e+04   8.8817842e-16
   3.3599657e+04   8.8817842e-16
   3.3599483e+04   6.6613381e-16
   3.3599308e+04   4.4408921e-16
   3.3599134e+04   1.5543122e-15
   3.3598960e+04   4.4408921e-16
   3.3598785e+04   4.4408921e-16
   3.3598611e+04   4.4408921e-16
   3.3598437e+04   6.6613381e-16
   3.3598262e+04   4.4408921e-16
   3.3598088e+04   1.1102230e-15
   3.3597914e+04   4.4408921e-16
   3.3597739e+04   6.6613381e-16
   3.3597565e+04   4.4408921e-16
   3.3597391e+04   4.4408921e-16
   3.3597216e+04   0.0000000e+00
   3.3597042e+04   4.4408921e-16
   3.3596868e+04   4.4408921e-16
   3.3596694e+04   4.4408921e-16
   3.3596519e+04   2.2204460e-16
   3.3596345e+04   4.4408921e-16
   3.3596171e+04   0.0000000e+00
   3.3595996e+04   4.4408921e-16
   3.3595822e+04  -8.8817842e-16
   3.3595648e+04  -2.2204460e-16
   3.3595473e+04   0.0000000e+00
   3.3595299e+04  -4.4408921e-16
   3.3595125e+04  -1.3322676e-15
   3.3594950e+04   8.8817842e-16
   3.3594776e+04  -1.3322676e-15
   3.3594602e+04   1.1102230e-15
   3.3594427e+04  -1.7763568e-15
   3.3594253e+04   1.9984014e-15
   3.3594079e+04  -1.9984014e-15
   3.3593904e+04   3.3306691e-15
   3.3593730e+04  -3.1086245e-15
   3.3593556e+04   5.3290705e-15
   3.3593382e+04  -4.2188475e-15
   3.3593207e+04   6.1062266e-15
   3.3593033e+04  -7.4384943e-15
   3.3592859e+04   9.6589403e-15
   3.3592684e+04  -1.1435297e-14
   3.3592510e+04   1.4765966e-14
   3.3592336e+04  -1.9095836e-14
   3.3592161e+04   2.4646951e-14
   3.3591987e+04  -3.0420111e-14
   3.3591813e+04   4.0745185e-14
   3.3591638e+04  -5.2291504e-14
   3.3591464e+04   6.8944850e-14
   3.3591290e+04  -9.0705221e-14
   3.3591115e+04   1.2201351e-13
   3.3590941e+04  -1.6231461e-13
   3.3590767e+04   2.2026825e-13
   3.3590592e+04  -2.9709568e-13
   3.3590418e+04   4.0589754e-13
   3.3590244e+04  -5.5266902e-13
   3.3590070e+04   7.5195405e-13
   3.3589895e+04  -1.0108581e-12
   3.3589721e+04   1.3268275e-12
   3.3589547e+04  -1.6417978e-12
   3.3589372e+04   1.7484902e-12
   3.3589198e+04  -1.0083046e-12
   3.3589024e+04  -2.4489299e-12
   3.3588849e+04   1.4084400e-11
   3.3588675e+04  -5.0296212e-11
   3.3588501e+04   1.6285429e-10
   3.3588326e+04  -5.2751814e-10
   3.3588152e+04   1.8023447e-09
   3.3587978e+04  -6.7960788e-09
   3.3587803e+04   2.9850495e-08
   3.3587629e+04  -1.6583747e-07
   3.3587455e+04   1.3686946e-06
   3.3587280e+04  -2.7755103e-05
   3.3587106e+04  -1.2119026e-03
   3.3586932e+04  -9.2866677e-03
   3.3586758e+04  -3.5703186e-02
   3.3586583e+04  -8.6912539e-02
   3.3586409e+04  -1.5031775e-01
   3.3586235e+04  -2.0089741e-01
   3.3586060e+04  -2.2601961e-01
   3.3585886e+04  -2.3487338e-01
   3.3585712e+04  -2.3911950e-01
   3.3585537e+04  -2.3730693e-01
   3.3585363e+04  -2.2992128e-01
   3.3585189e+04  -2.3169304e-01
   3.3585014e+04  -2.4727548e-01
   3.3584840e+04  -2.5350260e-01
   3.3584666e+04  -2.3342894e-01
   3.3584491e+04  -2.1110046e-01
   3.3584317e+04  -2.2059631e-01
   3.3584143e+04  -2.5461786e-01
   3.3583968e+04  -2.7571506e-01
   3.3583794e+04  -2.6313683e-01
   3.3583620e+04  -2.2538452e-01
   3.3583446e+04  -1.9028795e-01
   3.3583271e+04  -1.9291812e-01
   3.3583097e+04  -2.4129876e-01
   3.3582923e+04  -2.9416413e-01
   3.3582748e+04  -3.0230775e-01
   3.3582574e+04  -2.6444471e-01
   3.3582400e+04  -2.1897251e-01
   3.3582225e+04  -1.9227882e-01
   3.3582051e+04  -1.8412215e-01
   3.3581877e+04  -1.9743772e-01
   3.3581702e+04  -2.4140941e-01
   3.3581528e+04  -2.9909955e-01
   3.3581354e+04  -3.2915380e-01
   3.3581179e+04  -3.0765108e-01
   3.3581005e+04  -2.4867949e-01
   3.3580831e+04  -1.8858262e-01
   3.3580656e+04  -1.6114188e-01
   3.3580482e+04  -1.7620061e-01
   3.3580308e+04  -2.1428450e-01
   3.3580134e+04  -2.5044542e-01
   3.3579959e+04  -2.7991995e-01
   3.3579785e+04  -3.0639370e-01
   3.3579611e+04  -3.1841963e-01
   3.3579436e+04  -3.0273668e-01
   3.3579262e+04  -2.6563225e-01
   3.3579088e+04  -2.1982829e-01
   3.3578913e+04  -1.7380087e-01
   3.3578739e+04  -1.4617537e-01
   3.3578565e+04  -1.6086092e-01
   3.3578390e+04  -2.1696284e-01
   3.3578216e+04  -2.8191639e-01
   3.3578042e+04  -3.2156493e-01
   3.3577867e+04  -3.2793051e-01
   3.3577693e+04  -3.1263574e-01
   3.3577519e+04  -2.8584659e-01
   3.3577344e+04  -2.5478781e-01
   3.3577170e+04  -2.3056221e-01
   3.3576996e+04  -2.1768372e-01
   3.3576821e+04  -2.0585411e-01
   3.3576647e+04  -1.8818067e-01
   3.3576473e+04  -1.7594628e-01
   3.3576299e+04  -1.8508325e-01
   3.3576124e+04  -2.2331980e-01
   3.3575950e+04  -2.8691051e-01
   3.3575776e+04  -3.4867900e-01
   3.3575601e+04  -3.6771604e-01
   3.3575427e+04  -3.3440744e-01
   3.3575253e+04  -2.8102654e-01
   3.3575078e+04  -2.3685302e-01
   3.3574904e+04  -2.0536020e-01
   3.3574730e+04  -1.8775874e-01
   3.3574555e+04  -1.9403068e-01
   3.3574381e+04  -2.2088234e-01
   3.3574207e+04  -2.4082554e-01
   3.3574032e+04  -2.3271739e-01
   3.3573858e+04  -2.1453992e-01
   3.3573684e+04  -2.2211983e-01
   3.3573509e+04  -2.6197871e-01
   3.3573335e+04  -3.1026064e-01
   3.3573161e+04  -3.4385935e-01
   3.3572987e+04  -3.4854970e-01
   3.3572812e+04  -3.2055348e-01
   3.3572638e+04  -2.7631515e-01
   3.3572464e+04  -2.3654121e-01
   3.3572289e+04  -2.0583302e-01
   3.3572115e+04  -1.8632685e-01
   3.3571941e+04  -1.8704971e-01
   3.3571766e+04  -2.0759237e-01
   3.3571592e+04  -2.3410986e-01
   3.3571418e+04  -2.5358603e-01
   3.3571243e+04  -2.6329680e-01
   3.3571069e+04  -2.6874003e-01
   3.3570895e+04  -2.7408593e-01
   3.3570720e+04  -2.8085582e-01
   3.3570546e+04  -2.9359822e-01
   3.3570372e+04  -3.0966093e-01
   3.3570197e+04  -3.1191750e-01
   3.3570023e+04  -2.9155173e-01
   3.3569849e+04  -2.6404135e-01
   3.3569675e+04  -2.4859117e-01
   3.3569500e+04  -2.4645091e-01
   3.3569326e+04  -2.4598970e-01
   3.3569152e+04  -2.3797720e-01
   3.3568977e+04  -2.2236056e-01
   3.3568803e+04  -2.0624615e-01
   3.3568629e+04  -2.0202759e-01
   3.3568454e+04  -2.2341383e-01
   3.3568280e+04  -2.6923733e-01
   3.3568106e+04  -3.1283749e-01
   3.3567931e+04  -3.2302822e-01
   3.3567757e+04  -3.0036550e-01
   3.3567583e+04  -2.8003937e-01
   3.3567408e+04  -2.8553760e-01
   3.3567234e+04  -2.9774146e-01
   3.3567060e+04  -2.8868265e-01
   3.3566885e+04  -2.5975217e-01
   3.3566711e+04  -2.3536870e-01
   3.3566537e+04  -2.3923932e-01
   3.3566363e+04  -2.6910883e-01
   3.3566188e+04  -2.9171766e-01
   3.3566014e+04  -2.8214122e-01
   3.3565840e+04  -2.5451110e-01
   3.3565665e+04  -2.3536266e-01
   3.3565491e+04  -2.2778020e-01
   3.3565317e+04  -2.2084290e-01
   3.3565142e+04  -2.2063291e-01
   3.3564968e+04  -2.4667512e-01
   3.3564794e+04  -2.9449641e-01
   3.3564619e+04  -3.2839589e-01
   3.3564445e+04  -3.2581342e-01
   3.3564271e+04  -3.0475215e-01
   3.3564096e+04  -2.9081978e-01
   3.3563922e+04  -2.8417372e-01
   3.3563748e+04  -2.7843154e-01
   3.3563573e+04  -2.7980606e-01
   3.3563399e+04  -2.8482046e-01
   3.3563225e+04  -2.7399307e-01
   3.3563051e+04  -2.4765461e-01
   3.3562876e+04  -2.3573037e-01
   3.3562702e+04  -2.5802043e-01
   3.3562528e+04  -2.9593295e-01
   3.3562353e+04  -3.1188217e-01
   3.3562179e+04  -2.8781488e-01
   3.3562005e+04  -2.3977093e-01
   3.3561830e+04  -2.0191537e-01
   3.3561656e+04  -2.0097521e-01
   3.3561482e+04  -2.3568151e-01
   3.3561307e+04  -2.7937581e-01
   3.3561133e+04  -3.0890050e-01
   3.3560959e+04  -3.2127836e-01
   3.3560784e+04  -3.2410655e-01
   3.3560610e+04  -3.2674750e-01
   3.3560436e+04  -3.3152820e-01
   3.3560261e+04  -3.2589967e-01
   3.3560087e+04  -3.0186849e-01
   3.3559913e+04  -2.7654751e-01
   3.3559739e+04  -2.7043985e-01
   3.3559564e+04  -2.7835270e-01
   3.3559390e+04  -2.8606394e-01
   3.3559216e+04  -3.0649326e-01
   3.3559041e+04  -3.6911876e-01
   3.3558867e+04  -4.6980351e-01
   3.3558693e+04  -5.5935295e-01
   3.3558518e+04  -5.9261281e-01
   3.3558344e+04  -5.7709582e-01
   3.3558170e+04  -5.6483010e-01
   3.3557995e+04  -5.8614290e-01
   3.3557821e+04  -6.1179857e-01
   3.3557647e+04  -6.1958207e-01
   3.3557472e+04  -6.4504212e-01
   3.3557298e+04  -6.9843412e-01
   3.3557124e+04  -7.1684702e-01
   3.3556949e+04  -6.7428032e-01
   3.3556775e+04  -6.3940451e-01
   3.3556601e+04  -6.6248762e-01
   3.3556427e+04  -6.9949562e-01
   3.3556252e+04  -6.9097737e-01
   3.3556078e+04  -6.4040266e-01
   3.3555904e+04  -5.9259161e-01
   3.3555729e+04  -5.8662107e-01
   3.3555555e+04  -6.2317469e-01
   3.3555381e+04  -6.5031405e-01
   3.3555206e+04  -6.1688467e-01
   3.3555032e+04  -5.4513913e-01
   3.3554858e+04  -5.0267426e-01
   3.3554683e+04  -5.2063898e-01
   3.3554509e+04  -5.8339959e-01
   3.3554335e+04  -6.6269383e-01
   3.3554160e+04  -7.2838451e-01
   3.3553986e+04  -7.5585398e-01
   3.3553812e+04  -7.3867158e-01
   3.3553637e+04  -6.9394939e-01
   3.3553463e+04  -6.5776026e-01
   3.3553289e+04  -6.5253040e-01
   3.3553115e+04  -6.6591571e-01
   3.3552940e+04  -6.8399072e-01
   3.3552766e+04  -7.0673680e-01
   3.3552592e+04  -7.2200071e-01
   3.3552417e+04  -7.1167391e-01
   3.3552243e+04  -6.7506432e-01
   3.3552069e+04  -6.2349424e-01
   3.3551894e+04  -5.7332111e-01
   3.3551720e+04  -5.4561932e-01
   3.3551546e+04  -5.5665457e-01
   3.3551371e+04  -6.0123111e-01
   3.3551197e+04  -6.4158032e-01
   3.3551023e+04  -6.3895704e-01
   3.3550848e+04  -6.0989601e-01
   3.3550674e+04  -6.1142417e-01
   3.3550500e+04  -6.6140717e-01
   3.3550325e+04  -7.1549805e-01
   3.3550151e+04  -7.3120116e-01
   3.3549977e+04  -7.2103855e-01
   3.3549803e+04  -7.2780288e-01
   3.3549628e+04  -7.6663747e-01
   3.3549454e+04  -8.0490262e-01
   3.3549280e+04  -7.9618328e-01
   3.3549105e+04  -7.3403333e-01
   3.3548931e+04  -6.6236308e-01
   3.3548757e+04  -6.2614516e-01
   3.3548582e+04  -6.2937970e-01
   3.3548408e+04  -6.4220744e-01
   3.3548234e+04  -6.3282642e-01
   3.3548059e+04  -5.9812154e-01
   3.3547885e+04  -5.6856642e-01
   3.3547711e+04  -5.7318770e-01
   3.3547536e+04  -6.0630367e-01
   3.3547362e+04  -6.4822917e-01
   3.3547188e+04  -7.0081442e-01
   3.3547013e+04  -7.6417753e-01
   3.3546839e+04  -8.0102907e-01
   3.3546665e+04  -7.7395835e-01
   3.3546491e+04  -7.0429199e-01
   3.3546316e+04  -6.5364658e-01
   3.3546142e+04  -6.5244319e-01
   3.3545968e+04  -6.8092483e-01
   3.3545793e+04  -7.1778970e-01
   3.3545619e+04  -7.6371462e-01
   3.3545445e+04  -8.1277720e-01
   3.3545270e+04  -8.4049592e-01
   3.3545096e+04  -8.2793727e-01
   3.3544922e+04  -7.7685094e-01
   3.3544747e+04  -7.0412112e-01
   3.3544573e+04  -6.3846327e-01
   3.3544399e+04  -6.0318406e-01
   3.3544224e+04  -5.8256473e-01
   3.3544050e+04  -5.4775322e-01
   3.3543876e+04  -5.2258322e-01
   3.3543701e+04  -5.5684466e-01
   3.3543527e+04  -6.4491474e-01
   3.3543353e+04  -7.3260395e-01
   3.3543179e+04  -7.8421034e-01
   3.3543004e+04  -8.1227730e-01
   3.3542830e+04  -8.5045496e-01
   3.3542656e+04  -8.9654795e-01
   3.3542481e+04  -9.0359078e-01
   3.3542307e+04  -8.4589053e-01
   3.3542133e+04  -7.5539083e-01
   3.3541958e+04  -6.8179014e-01
   3.3541784e+04  -6.4797075e-01
   3.3541610e+04  -6.3853402e-01
   3.3541435e+04  -6.2632545e-01
   3.3541261e+04  -6.1941642e-01
   3.3541087e+04  -6.5880483e-01
   3.3540912e+04  -7.5824891e-01
   3.3540738e+04  -8.6771057e-01
   3.3540564e+04  -9.1236696e-01
   3.3540389e+04  -8.6774581e-01
   3.3540215e+04  -7.7561409e-01
   3.3540041e+04  -6.8547714e-01
   3.3539867e+04  -6.1754591e-01
   3.3539692e+04  -5.7805643e-01
   3.3539518e+04  -5.7420440e-01
   3.3539344e+04  -6.1744375e-01
   3.3539169e+04  -7.1087289e-01
   3.3538995e+04  -8.1513673e-01
   3.3538821e+04  -8.5872458e-01
   3.3538646e+04  -8.2343858e-01
   3.3538472e+04  -7.8771043e-01
   3.3538298e+04  -8.3219333e-01
   3.3538123e+04  -9.2656975e-01
   3.3537949e+04  -9.6396311e-01
   3.3537775e+04  -8.9188510e-01
   3.3537600e+04  -7.6283537e-01
   3.3537426e+04  -6.5915074e-01
   3.3537252e+04  -6.1526288e-01
   3.3537077e+04  -6.2940352e-01
   3.3536903e+04  -6.8990273e-01
   3.3536729e+04  -7.5592809e-01
   3.3536555e+04  -7.7963148e-01
   3.3536380e+04  -7.7498063e-01
   3.3536206e+04  -7.9419207e-01
   3.3536032e+04  -8.2929265e-01
   3.3535857e+04  -8.2113637e-01
   3.3535683e+04  -7.6448141e-01
   3.3535509e+04  -7.1799891e-01
   3.3535334e+04  -7.1831695e-01
   3.3535160e+04  -7.5374533e-01
   3.3534986e+04  -8.0296992e-01
   3.3534811e+04  -8.5122537e-01
   3.3534637e+04  -8.8575278e-01
   3.3534463e+04  -8.9311351e-01
   3.3534288e+04  -8.5862979e-01
   3.3534114e+04  -7.9466328e-01
   3.3533940e+04  -7.6137589e-01
   3.3533765e+04  -7.9525334e-01
   3.3533591e+04  -8.3554551e-01
   3.3533417e+04  -8.0961688e-01
   3.3533242e+04  -7.5739652e-01
   3.3533068e+04  -7.6278824e-01
   3.3532894e+04  -8.0597043e-01
   3.3532720e+04  -8.0976274e-01
   3.3532545e+04  -7.8728146e-01
   3.3532371e+04  -8.1561151e-01
   3.3532197e+04  -9.0010718e-01
   3.3532022e+04  -9.6963328e-01
   3.3531848e+04  -9.8077156e-01
   3.3531674e+04  -9.6054369e-01
   3.3531499e+04  -9.6542822e-01
   3.3531325e+04  -1.0292710e+00
   3.3531151e+04  -1.1356138e+00
   3.3530976e+04  -1.2362956e+00
   3.3530802e+04  -1.3059712e+00
   3.3530628e+04  -1.3657660e+00
   3.3530453e+04  -1.4541041e+00
   3.3530279e+04  -1.5822929e+00
   3.3530105e+04  -1.6992046e+00
   3.3529930e+04  -1.7178888e+00
   3.3529756e+04  -1.6249916e+00
   3.3529582e+04  -1.5245857e+00
   3.3529408e+04  -1.5127415e+00
   3.3529233e+04  -1.5538579e+00
   3.3529059e+04  -1.5434841e+00
   3.3528885e+04  -1.4598571e+00
   3.3528710e+04  -1.3785214e+00
   3.3528536e+04  -1.3422159e+00
   3.3528362e+04  -1.3086785e+00
   3.3528187e+04  -1.2566142e+00
   3.3528013e+04  -1.2538526e+00
   3.3527839e+04  -1.3610269e+00
   3.3527664e+04  -1.5266990e+00
   3.3527490e+04  -1.6475144e+00
   3.3527316e+04  -1.6909790e+00
   3.3527141e+04  -1.6937056e+00
   3.3526967e+04  -1.6857153e+00
   3.3526793e+04  -1.6644259e+00
   3.3526618e+04  -1.6101961e+00
   3.3526444e+04  -1.5329349e+00
   3.3526270e+04  -1.4970476e+00
   3.3526096e+04  -1.5368113e+00
   3.3525921e+04  -1.5999033e+00
   3.3525747e+04  -1.6388905e+00
   3.3525573e+04  -1.6502970e+00
   3.3525398e+04  -1.6029544e+00
   3.3525224e+04  -1.4728618e+00
   3.3525050e+04  -1.3370570e+00
   3.3524875e+04  -1.3146650e+00
   3.3524701e+04  -1.4374612e+00
   3.3524527e+04  -1.6287742e+00
   3.3524352e+04  -1.7754641e+00
   3.3524178e+04  -1.8052728e+00
   3.3524004e+04  -1.7235647e+00
   3.3523829e+04  -1.5940828e+00
   3.3523655e+04  -1.4964998e+00
   3.3523481e+04  -1.5004043e+00
   3.3523306e+04  -1.6296641e+00
   3.3523132e+04  -1.8103035e+00
   3.3522958e+04  -1.8994054e+00
   3.3522784e+04  -1.8189578e+00
   3.3522609e+04  -1.6267111e+00
   3.3522435e+04  -1.4437000e+00
   3.3522261e+04  -1.3751455e+00
   3.3522086e+04  -1.4747158e+00
   3.3521912e+04  -1.6952844e+00
   3.3521738e+04  -1.9009194e+00
   3.3521563e+04  -1.9777862e+00
   3.3521389e+04  -1.9060446e+00
   3.3521215e+04  -1.7485605e+00
   3.3521040e+04  -1.6151026e+00
   3.3520866e+04  -1.5756827e+00
   3.3520692e+04  -1.5909349e+00
   3.3520517e+04  -1.6006541e+00
   3.3520343e+04  -1.6318641e+00
   3.3520169e+04  -1.7310388e+00
   3.3519994e+04  -1.8568108e+00
   3.3519820e+04  -1.9125763e+00
   3.3519646e+04  -1.8504157e+00
   3.3519472e+04  -1.7139754e+00
   3.3519297e+04  -1.5982137e+00
   3.3519123e+04  -1.5877702e+00
   3.3518949e+04  -1.7118863e+00
   3.3518774e+04  -1.9137354e+00
   3.3518600e+04  -2.0758064e+00
   3.3518426e+04  -2.1119279e+00
   3.3518251e+04  -2.0290780e+00
   3.3518077e+04  -1.8968844e+00
   3.3517903e+04  -1.7815211e+00
   3.3517728e+04  -1.7211562e+00
   3.3517554e+04  -1.7288062e+00
   3.3517380e+04  -1.7752411e+00
   3.3517205e+04  -1.8020314e+00
   3.3517031e+04  -1.7880017e+00
   3.3516857e+04  -1.7590987e+00
   3.3516682e+04  -1.7343608e+00
   3.3516508e+04  -1.7376141e+00
   3.3516334e+04  -1.8246171e+00
   3.3516160e+04  -1.9981130e+00
   3.3515985e+04  -2.1636682e+00
   3.3515811e+04  -2.2480720e+00
   3.3515637e+04  -2.2551142e+00
   3.3515462e+04  -2.1843143e+00
   3.3515288e+04  -2.0343682e+00
   3.3515114e+04  -1.8767796e+00
   3.3514939e+04  -1.8121668e+00
   3.3514765e+04  -1.8643311e+00
   3.3514591e+04  -1.9600500e+00
   3.3514416e+04  -1.9985626e+00
   3.3514242e+04  -1.9515674e+00
   3.3514068e+04  -1.9027829e+00
   3.3513893e+04  -1.9466657e+00
   3.3513719e+04  -2.0636599e+00
   3.3513545e+04  -2.1569776e+00
   3.3513370e+04  -2.1765394e+00
   3.3513196e+04  -2.1489729e+00
   3.3513022e+04  -2.1238642e+00
   3.3512848e+04  -2.1316314e+00
   3.3512673e+04  -2.1797438e+00
   3.3512499e+04  -2.2573292e+00
   3.3512325e+04  -2.3180724e+00
   3.3512150e+04  -2.2942344e+00
   3.3511976e+04  -2.1814405e+00
   3.3511802e+04  -2.0763124e+00
   3.3511627e+04  -2.0791487e+00
   3.3511453e+04  -2.1803009e+00
   3.3511279e+04  -2.2751915e+00
   3.3511104e+04  -2.2868225e+00
   3.3510930e+04  -2.2445061e+00
   3.3510756e+04  -2.2252830e+00
   3.3510581e+04  -2.2629487e+00
   3.3510407e+04  -2.3500373e+00
   3.3510233e+04  -2.4607751e+00
   3.3510058e+04  -2.5331165e+00
   3.3509884e+04  -2.5051813e+00
   3.3509710e+04  -2.3975846e+00
   3.3509536e+04  -2.3083676e+00
   3.3509361e+04  -2.3138639e+00
   3.3509187e+04  -2.3948758e+00
   3.3509013e+04  -2.4763517e+00
   3.3508838e+04  -2.5244872e+00
   3.3508664e+04  -2.5656264e+00
   3.3508490e+04  -2.6272092e+00
   3.3508315e+04  -2.7002413e+00
   3.3508141e+04  -2.7412293e+00
   3.3507967e+04  -2.7049958e+00
   3.3507792e+04  -2.6061596e+00
   3.3507618e+04  -2.5257781e+00
   3.3507444e+04  -2.5311039e+00
   3.3507269e+04  -2.6267772e+00
   3.3507095e+04  -2.7705466e+00
   3.3506921e+04  -2.8853996e+00
   3.3506746e+04  -2.9157170e+00
   3.3506572e+04  -2.9010071e+00
   3.3506398e+04  -2.9101744e+00
   3.3506224e+04  -2.9362257e+00
   3.3506049e+04  -2.9482161e+00
   3.3505875e+04  -2.9801203e+00
   3.3505701e+04  -3.0825261e+00
   3.3505526e+04  -3.2287438e+00
   3.3505352e+04  -3.3385872e+00
   3.3505178e+04  -3.3751729e+00
   3.3505003e+04  -3.3528905e+00
   3.3504829e+04  -3.2871138e+00
   3.3504655e+04  -3.2175862e+00
   3.3504480e+04  -3.2301367e+00
   3.3504306e+04  -3.3685981e+00
   3.3504132e+04  -3.5801829e+00
   3.3503957e+04  -3.8180843e+00
   3.3503783e+04  -4.1028443e+00
   3.3503609e+04  -4.4059221e+00
   3.3503434e+04  -4.6074605e+00
   3.3503260e+04  -4.6523134e+00
   3.3503086e+04  -4.6184783e+00
   3.3502912e+04  -4.5855463e+00
   3.3502737e+04  -4.5616721e+00
   3.3502563e+04  -4.5654992e+00
   3.3502389e+04  -4.6486427e+00
   3.3502214e+04  -4.7867390e+00
   3.3502040e+04  -4.8557726e+00
   3.3501866e+04  -4.7747188e+00
   3.3501691e+04  -4.5905267e+00
   3.3501517e+04  -4.3824432e+00
   3.3501343e+04  -4.1721175e+00
   3.3501168e+04  -3.9738873e+00
   3.3500994e+04  -3.8395144e+00
   3.3500820e+04  -3.7855969e+00
   3.3500645e+04  -3.7395886e+00
   3.3500471e+04  -3.6224287e+00
   3.3500297e+04  -3.4500351e+00
   3.3500122e+04  -3.3023640e+00
   3.3499948e+04  -3.2235255e+00
   3.3499774e+04  -3.1983699e+00
   3.3499600e+04  -3.2035513e+00
   3.3499425e+04  -3.2414276e+00
   3.3499251e+04  -3.3151070e+00
   3.3499077e+04  -3.3835910e+00
   3.3498902e+04  -3.3673190e+00
   3.3498728e+04  -3.2121921e+00
   3.3498554e+04  -2.9528316e+00
   3.3498379e+04  -2.7164898e+00
   3.3498205e+04  -2.6502062e+00
   3.3498031e+04  -2.8067092e+00
   3.3497856e+04  -3.0661598e+00
   3.3497682e+04  -3.2033417e+00
   3.3497508e+04  -3.0958027e+00
   3.3497333e+04  -2.8392561e+00
   3.3497159e+04  -2.6341672e+00
   3.3496985e+04  -2.6110108e+00
   3.3496810e+04  -2.7458025e+00
   3.3496636e+04  -2.8851418e+00
   3.3496462e+04  -2.8804489e+00
   3.3496288e+04  -2.7264365e+00
   3.3496113e+04  -2.5579644e+00
   3.3495939e+04  -2.5186388e+00
   3.3495765e+04  -2.6303010e+00
   3.3495590e+04  -2.7704539e+00
   3.3495416e+04  -2.7809266e+00
   3.3495242e+04  -2.6278985e+00
   3.3495067e+04  -2.4523018e+00
   3.3494893e+04  -2.4198585e+00
   3.3494719e+04  -2.5342434e+00
   3.3494544e+04  -2.6465093e+00
   3.3494370e+04  -2.6281820e+00
   3.3494196e+04  -2.4985362e+00
   3.3494021e+04  -2.3899524e+00
   3.3493847e+04  -2.4016078e+00
   3.3493673e+04  -2.4924922e+00
   3.3493498e+04  -2.5321380e+00
   3.3493324e+04  -2.4642619e+00
   3.3493150e+04  -2.3744007e+00
   3.3492976e+04  -2.3583891e+00
   3.3492801e+04  -2.3968129e+00
   3.3492627e+04  -2.4142876e+00
   3.3492453e+04  -2.3898406e+00
   3.3492278e+04  -2.3549239e+00
   3.3492104e+04  -2.3323978e+00
   3.3491930e+04  -2.3249077e+00
   3.3491755e+04  -2.3290183e+00
   3.3491581e+04  -2.3270844e+00
   3.3491407e+04  -2.3048582e+00
   3.3491232e+04  -2.2822496e+00
   3.3491058e+04  -2.2780430e+00
   3.3490884e+04  -2.2666309e+00
   3.3490709e+04  -2.2083628e+00
   3.3490535e+04  -2.0903310e+00
   3.3490361e+04  -1.9291153e+00
   3.3490186e+04  -1.7602929e+00
   3.3490012e+04  -1.6027973e+00
   3.3489838e+04  -1.4325420e+00
   3.3489663e+04  -1.2337767e+00
   3.3489489e+04  -1.0365925e+00
   3.3489315e+04  -8.5194998e-01
   3.3489141e+04  -6.3980014e-01
   3.3488966e+04  -3.9248849e-01
   3.3488792e+04  -1.7657652e-01
   3.3488618e+04  -5.2026144e-02
   3.3488443e+04  -8.3234388e-03
   3.3488269e+04  -3.9465786e-04
   3.3488095e+04   1.6081303e-05
   3.3487920e+04  -2.0863832e-06
   3.3487746e+04   4.2097950e-07
   3.3487572e+04  -1.1055523e-07
   3.3487397e+04   3.4807791e-08
   3.3487223e+04  -1.2539007e-08
   3.3487049e+04   5.0167571e-09
   3.3486874e+04  -2.1843316e-09
   3.3486700e+04   1.0199854e-09
   3.3486526e+04  -5.0523268e-10
   3.3486351e+04   2.6324652e-10
   3.3486177e+04  -1.4331687e-10
   3.3486003e+04   8.1097781e-11
   3.3485829e+04  -4.7480464e-11
   3.3485654e+04   2.8666153e-11
   3.3485480e+04  -1.7782234e-11
   3.3485306e+04   1.1314581e-11
   3.3485131e+04  -7.3569900e-12
   3.3484957e+04   4.8891446e-12
   3.3484783e+04  -3.3048911e-12
   3.3484608e+04   2.2789062e-12
   3.3484434e+04  -1.5908733e-12
   3.3484260e+04   1.1328230e-12
   3.3484085e+04  -8.1182283e-13
   3.3483911e+04   5.9496158e-13
   3.3483737e+04  -4.3551274e-13
   3.3483562e+04   3.2788355e-13
   3.3483388e+04  -2.4356905e-13
   3.3483214e+04   1.8920976e-13
   3.3483039e+04  -1.4120649e-13
   3.3482865e+04   1.1290968e-13
   3.3482691e+04  -8.3780205e-14
   3.3482517e+04   7.0200790e-14
   3.3482342e+04  -5.1531696e-14
   3.3482168e+04   4.5234649e-14
   3.3481994e+04  -3.1367270e-14
   3.3481819e+04   3.0239700e-14
   3.3481645e+04  -1.9345636e-14
   3.3481471e+04   2.0386470e-14
   3.3481296e+04  -1.2698176e-14
   3.3481122e+04   1.4710455e-14
   3.3480948e+04  -7.4176776e-15
   3.3480773e+04   1.0408341e-14
   3.3480599e+04  -5.7107097e-15
   3.3480425e+04   8.1601392e-15
   3.3480250e+04  -2.2551405e-15
   3.3480076e+04   6.3074546e-15
   3.3479902e+04  -1.4155344e-15
   3.3479727e+04   5.1209037e-15
   3.3479553e+04  -1.8041124e-16
   3.3479379e+04   4.4061976e-15
   3.3479205e+04   4.5796700e-16
   3.3479030e+04   4.1841530e-15
   3.3478856e+04   9.5756736e-16
   3.3478682e+04   2.9663771e-15
   3.3478507e+04   1.2698176e-15
   3.3478333e+04   3.4382219e-15
   3.3478159e+04   2.0781987e-15
   3.3477984e+04   3.0253577e-15
   3.3477810e+04   2.2343238e-15
   3.3477636e+04   2.8865799e-15
   3.3477461e+04   2.2447322e-15
   3.3477287e+04   2.9767855e-15
   3.3477113e+04   2.0192181e-15
   3.3476938e+04   2.4633073e-15
   3.3476764e+04   2.2135072e-15
   3.3476590e+04   3.0739300e-15
   3.3476415e+04   2.0261570e-15
   3.3476241e+04   2.3488156e-15
   3.3476067e+04   2.4528990e-15
   3.3475893e+04   2.3071822e-15
   3.3475718e+04   2.1128932e-15
   3.3475544e+04   2.5656560e-15
   3.3475370e+04   2.6853519e-15
   3.3475195e+04   2.9906633e-15
   3.3475021e+04   2.6333102e-15
   3.3474847e+04   2.8206604e-15
   3.3474672e+04   2.7478020e-15
   3.3474498e+04   2.3245295e-15
   3.3474324e+04   2.0990154e-15
   3.3474149e+04   2.7720881e-15
   3.3473975e+04   2.1406488e-15
   3.3473801e+04   2.5569824e-15
   3.3473626e+04   2.3696323e-15
   3.3473452e+04   2.6471880e-15
   3.3473278e+04   2.2100377e-15
   3.3473103e+04   2.3488156e-15
   3.3472929e+04   2.3037128e-15
   3.3472755e+04   2.5500435e-15
   3.3472581e+04   2.1024849e-15
   3.3472406e+04   1.8873791e-15
   3.3472232e+04   2.2724878e-15
   3.3472058e+04   1.8422763e-15
   3.3471883e+04   1.7139068e-15
   3.3471709e+04   1.8127860e-15
   3.3471535e+04   1.9116653e-15
   3.3471360e+04   2.2412627e-15
   3.3471186e+04   1.4918622e-15
   3.3471012e+04   2.0608515e-15
   3.3470837e+04   2.4910629e-15
   3.3470663e+04   2.0816682e-15
   3.3470489e+04   2.2759572e-15
   3.3470314e+04   1.7486013e-15
   3.3470140e+04   1.6930901e-15
   3.3469966e+04   2.0261570e-15
   3.3469791e+04   2.1094237e-15
   3.3469617e+04   1.4988011e-15
   3.3469443e+04   1.5543122e-15
   3.3469269e+04   1.5543122e-15
   3.3469094e+04   2.0261570e-15
   3.3468920e+04   1.3322676e-15
   3.3468746e+04   1.6375790e-15
   3.3468571e+04   1.6653345e-15
   3.3468397e+04   1.5820678e-15
   3.3468223e+04   1.5265567e-15
   3.3468048e+04   1.6653345e-15
   3.3467874e+04   2.0539126e-15
   3.3467700e+04   1.4988011e-15
   3.3467525e+04   1.3322676e-15
   3.3467351e+04   1.8873791e-15
   3.3467177e+04   1.6375790e-15
   3.3467002e+04   1.8873791e-15
   3.3466828e+04   1.6098234e-15
   3.3466654e+04   1.9428903e-15
   3.3466479e+04   1.7486013e-15
   3.3466305e+04   1.6375790e-15
   3.3466131e+04   1.7763568e-15
   3.3465957e+04   1.8318680e-15
   3.3465782e+04   1.7486013e-15
   3.3465608e+04   1.1934898e-15
   3.3465434e+04   1.2212453e-15
   3.3465259e+04   6.6613381e-16
   3.3465085e+04   1.0269563e-15
   3.3464911e+04   1.0269563e-15
   3.3464736e+04   1.3877788e-15
   3.3464562e+04   1.1379786e-15
   3.3464388e+04   1.2212453e-15
   3.3464213e+04   1.2490009e-15
   3.3464039e+04   9.9920072e-16
   3.3463865e+04   9.1593400e-16
   3.3463690e+04   8.0491169e-16
   3.3463516e+04   1.1657342e-15
   3.3463342e+04   7.4940054e-16
   3.3463167e+04   7.7715612e-16
   3.3462993e+04   4.9960036e-16
   3.3462819e+04   4.4408921e-16
   3.3462645e+04   3.3306691e-16
   3.3462470e+04   3.8857806e-16
   3.3462296e+04   5.2735594e-16
   3.3462122e+04   4.1633363e-16
   3.3461947e+04   6.1062266e-16
   3.3461773e+04   2.7755576e-16
   3.3461599e+04   6.1062266e-16
   3.3461424e+04   2.7755576e-16
   3.3461250e+04   4.9960036e-16
   3.3461076e+04   8.8817842e-16
   3.3460901e+04   2.2204460e-16
   3.3460727e+04   2.7755576e-16
   3.3460553e+04  -2.7755576e-17
   3.3460378e+04   4.1633363e-16
   3.3460204e+04   8.8817842e-16
   3.3460030e+04   4.4408921e-16
   3.3459855e+04   3.3306691e-16
   3.3459681e+04   8.3266727e-16
   3.3459507e+04   6.2450045e-16
   3.3459333e+04   8.8817842e-16
   3.3459158e+04   7.0776718e-16
   3.3458984e+04   1.0685897e-15
   3.3458810e+04   1.2767565e-15
   3.3458635e+04   1.4779844e-15
   3.3458461e+04   1.1379786e-15
   3.3458287e+04   1.0477730e-15
   3.3458112e+04   6.6613381e-16
   3.3457938e+04   1.6445179e-15
   3.3457764e+04   4.0939474e-16
   3.3457589e+04   8.0491169e-16
   3.3457415e+04   8.7430063e-16
   3.3457241e+04   9.0205621e-16
   3.3457066e+04   1.0616508e-15
   3.3456892e+04   1.3739010e-15
   3.3456718e+04   9.2287289e-16
   3.3456543e+04   8.7430063e-16
   3.3456369e+04   6.9735884e-16
   3.3456195e+04   1.4502288e-15
   3.3456021e+04   1.3912482e-15
   3.3455846e+04   1.3079815e-15
   3.3455672e+04   1.0824674e-15
   3.3455498e+04   1.7624791e-15
   3.3455323e+04   1.4432899e-15
   3.3455149e+04   1.3079815e-15
   3.3454975e+04   1.2143064e-15
   3.3454800e+04   1.6167623e-15
   3.3454626e+04   1.9220736e-15
   3.3454452e+04   1.4502288e-15
   3.3454277e+04   1.4502288e-15
   3.3454103e+04   1.1934898e-15
   3.3453929e+04   9.8185349e-16
   3.3453754e+04   6.5572547e-16
   3.3453580e+04   1.0234869e-15
   3.3453406e+04   1.0512424e-15
   3.3453231e+04   1.0980800e-15
   3.3453057e+04   1.3114509e-15
   3.3452883e+04   8.3960616e-16
   3.3452709e+04   1.0581813e-15
   3.3452534e+04   8.4307561e-16
   3.3452360e+04   5.5511151e-16
   3.3452186e+04   5.8980598e-16
   3.3452011e+04   1.1761425e-15
   3.3451837e+04   4.4755866e-16
   3.3451663e+04   6.3490879e-16
   3.3451488e+04   3.2959746e-16
   3.3451314e+04   2.3939184e-16
   3.3451140e+04   2.9490299e-16
   3.3450965e+04   6.5919492e-17
   3.3450791e+04   3.1571967e-16
   3.3450617e+04   2.4980018e-16
   3.3450442e+04   3.9204751e-16
   3.3450268e+04   6.4531713e-16
   3.3450094e+04   6.1062266e-16
   3.3449919e+04   7.2511441e-16
   3.3449745e+04   5.4470317e-16
   3.3449571e+04   2.8449465e-16
   3.3449397e+04   3.5214887e-16
   3.3449222e+04   2.5326963e-16
   3.3449048e+04   9.7838404e-16
   3.3448874e+04   3.4000580e-16
   3.3448699e+04   2.7061686e-16
   3.3448525e+04   6.7307271e-16
   3.3448351e+04   2.2204460e-16
   3.3448176e+04  -2.2204460e-16
   3.3448002e+04   1.1102230e-16
   3.3447828e+04   6.6613381e-16
   3.3447653e+04   1.2212453e-15
   3.3447479e+04   1.2212453e-15
   3.3447305e+04   9.9920072e-16
   3.3447130e+04   8.8817842e-16
   3.3446956e+04   7.7715612e-16
   3.3446782e+04   1.2212453e-15
   3.3446607e+04   6.6613381e-16
   3.3446433e+04   1.6653345e-15
   3.3446259e+04   1.2212453e-15
   3.3446084e+04   9.9920072e-16
   3.3445910e+04   1.4432899e-15
   3.3445736e+04   9.4368957e-16
   3.3445562e+04   8.8817842e-16
   3.3445387e+04   9.9920072e-16
   3.3445213e+04   1.0547119e-15
   3.3445039e+04   1.1102230e-15
   3.3444864e+04   1.4432899e-15
   3.3444690e+04   8.6042284e-16
   3.3444516e+04   1.4432899e-15
   3.3444341e+04   1.8041124e-15
   3.3444167e+04   1.1865509e-15
   3.3443993e+04   1.3322676e-15
   3.3443818e+04   9.5756736e-16
   3.3443644e+04   1.6792123e-15
   3.3443470e+04   1.9012569e-15
   3.3443295e+04   1.2351231e-15
   3.3443121e+04   9.1593400e-16
   3.3442947e+04   1.2906343e-15
   3.3442772e+04   1.3461454e-15
   3.3442598e+04   1.6653345e-15
   3.3442424e+04   1.2767565e-15
   3.3442250e+04   1.1657342e-15
   3.3442075e+04   1.4988011e-15
   3.3441901e+04   1.5404344e-15
   3.3441727e+04   1.5126789e-15
   3.3441552e+04   1.4016566e-15
   3.3441378e+04   1.7347235e-15
   3.3441204e+04   1.1657342e-15
   3.3441029e+04   1.4710455e-15
   3.3440855e+04   2.1788127e-15
   3.3440681e+04   1.4224733e-15
   3.3440506e+04   1.2073675e-15
   3.3440332e+04   1.7763568e-15
   3.3440158e+04   1.0338952e-15
   3.3439983e+04   1.6028845e-15
   3.3439809e+04   1.4779844e-15
   3.3439635e+04   1.7694179e-15
   3.3439460e+04   1.4155344e-15
   3.3439286e+04   1.4502288e-15
   3.3439112e+04   1.5265567e-15
   3.3438938e+04   1.5751289e-15
   3.3438763e+04   1.4294121e-15
   3.3438589e+04   8.6042284e-16
   3.3438415e+04   1.4849233e-15
   3.3438240e+04   1.0547119e-15
   3.3438066e+04   1.3461454e-15
   3.3437892e+04   2.1857516e-15
   3.3437717e+04   1.7937041e-15
   3.3437543e+04   1.5612511e-15
   3.3437369e+04   1.4467594e-15
   3.3437194e+04   1.3322676e-15
   3.3437020e+04   8.8817842e-16
   3.3436846e+04   8.8817842e-16
   3.3436671e+04   2.2204460e-15
   3.3436497e+04   1.3322676e-15
   3.3436323e+04   1.5543122e-15
   3.3436148e+04   1.3322676e-15
   3.3435974e+04   8.8817842e-16
   3.3435800e+04   1.7763568e-15
   3.3435626e+04   1.1102230e-15
   3.3435451e+04   1.7763568e-15
   3.3435277e+04   1.5543122e-15
   3.3435103e+04   1.1102230e-15
   3.3434928e+04   1.9984014e-15
   3.3434754e+04   1.5543122e-15
   3.3434580e+04   2.2204460e-15
   3.3434405e+04   1.5543122e-15
   3.3434231e+04   1.3322676e-15
   3.3434057e+04   1.4432899e-15
   3.3433882e+04   1.1102230e-15
   3.3433708e+04   1.8873791e-15
   3.3433534e+04   1.8873791e-15
   3.3433359e+04   2.2204460e-15
   3.3433185e+04   1.7763568e-15
   3.3433011e+04   1.7763568e-15
   3.3432836e+04   1.9984014e-15
   3.3432662e+04   1.3322676e-15
   3.3432488e+04   1.7763568e-15
   3.3432314e+04   2.2204460e-15
   3.3432139e+04   2.3314684e-15
   3.3431965e+04   1.7763568e-15
   3.3431791e+04   1.5543122e-15
   3.3431616e+04   1.1102230e-15
   3.3431442e+04   1.3322676e-15
   3.3431268e+04   1.9984014e-15
   3.3431093e+04   1.9984014e-15
   3.3430919e+04   1.7763568e-15
   3.3430745e+04   1.4432899e-15
   3.3430570e+04   1.3322676e-15
   3.3430396e+04   1.5543122e-15
   3.3430222e+04   1.3322676e-15
   3.3430047e+04   1.1102230e-15
   3.3429873e+04   1.2212453e-15
   3.3429699e+04   1.1102230e-15
   3.3429524e+04   1.3322676e-15
   3.3429350e+04   3.3306691e-16
   3.3429176e+04   1.5543122e-15
   3.3429002e+04   7.7715612e-16
   3.3428827e+04   7.7715612e-16
   3.3428653e+04   6.6613381e-16
   3.3428479e+04   9.9920072e-16
   3.3428304e+04   7.7715612e-16
   3.3428130e+04   2.2204460e-16
   3.3427956e+04   6.6613381e-16
   3.3427781e+04   8.8817842e-16
   3.3427607e+04   9.9920072e-16
   3.3427433e+04   1.1102230e-15
   3.3427258e+04   5.5511151e-16
   3.3427084e+04   5.5511151e-16
   3.3426910e+04   9.9920072e-16
   3.3426735e+04   9.9920072e-16
   3.3426561e+04   7.7715612e-16
   3.3426387e+04   2.2204460e-16
   3.3426212e+04   1.1102230e-16
   3.3426038e+04   1.1102230e-16
   3.3425864e+04  -1.6653345e-16
   3.3425690e+04   2.2204460e-16
   3.3425515e+04   8.8817842e-16
   3.3425341e+04   2.7755576e-16
   3.3425167e+04   6.1062266e-16
   3.3424992e+04   1.6653345e-16
   3.3424818e+04   5.5511151e-16
   3.3424644e+04   3.8857806e-16
   3.3424469e+04   2.2204460e-16
   3.3424295e+04   4.4408921e-16
   3.3424121e+04   6.6613381e-16
   3.3423946e+04   5.5511151e-16
   3.3423772e+04   3.3306691e-16
   3.3423598e+04   4.4408921e-16
   3.3423423e+04   9.9920072e-16
   3.3423249e+04   9.9920072e-16
   3.3423075e+04   5.5511151e-16
   3.3422900e+04   4.4408921e-16
   3.3422726e+04   5.5511151e-16
   3.3422552e+04   8.8817842e-16
   3.3422378e+04   8.8817842e-16
   3.3422203e+04   5.5511151e-16
   3.3422029e+04   8.8817842e-16
   3.3421855e+04   8.8817842e-16
   3.3421680e+04   9.9920072e-16
   3.3421506e+04   5.5511151e-16
   3.3421332e+04   8.8817842e-16
   3.3421157e+04   1.4432899e-15
   3.3420983e+04   6.6613381e-16
   3.3420809e+04   6.6613381e-16
   3.3420634e+04   9.9920072e-16
   3.3420460e+04   7.7715612e-16
   3.3420286e+04   9.9920072e-16
   3.3420111e+04   8.8817842e-16
   3.3419937e+04   1.5543122e-15
   3.3419763e+04   4.4408921e-16
   3.3419588e+04   9.9920072e-16
   3.3419414e+04   4.4408921e-16
   3.3419240e+04   1.6653345e-15
   3.3419066e+04   7.7715612e-16
   3.3418891e+04   9.9920072e-16
   3.3418717e+04   1.3322676e-15
   3.3418543e+04   1.3322676e-15
   3.3418368e+04   1.5543122e-15
   3.3418194e+04   9.9920072e-16
   3.3418020e+04   1.2212453e-15
   3.3417845e+04   8.8817842e-16
   3.3417671e+04   8.8817842e-16
   3.3417497e+04   5.5511151e-16
   3.3417322e+04   8.8817842e-16
   3.3417148e+04   5.5511151e-16
   3.3416974e+04   5.5511151e-16
   3.3416799e+04   9.9920072e-16
   3.3416625e+04   1.1102230e-15
   3.3416451e+04   1.2212453e-15
   3.3416276e+04   1.3322676e-15
   3.3416102e+04   1.4432899e-15
   3.3415928e+04   1.2212453e-15
   3.3415754e+04   1.4432899e-15
   3.3415579e+04   1.2212453e-15
   3.3415405e+04   1.4432899e-15
   3.3415231e+04   1.1102230e-15
   3.3415056e+04   8.8817842e-16
   3.3414882e+04   1.1102230e-15
   3.3414708e+04   3.8857806e-16
   3.3414533e+04   4.9960036e-16
   3.3414359e+04   1.4988011e-15
   3.3414185e+04   9.4368957e-16
   3.3414010e+04   5.5511151e-16
   3.3413836e+04   4.4408921e-16
   3.3413662e+04   8.3266727e-16
   3.3413487e+04   1.2767565e-15
   3.3413313e+04   1.1657342e-15
   3.3413139e+04   7.2164497e-16
   3.3412964e+04   6.1062266e-16
   3.3412790e+04   6.1062266e-16
   3.3412616e+04   6.1062266e-16
   3.3412442e+04   5.5511151e-16
   3.3412267e+04   8.3266727e-16
   3.3412093e+04   1.3322676e-15
   3.3411919e+04   8.3266727e-16
   3.3411744e+04   7.7715612e-16
   3.3411570e+04   2.7755576e-16
   3.3411396e+04   1.1102230e-15
   3.3411221e+04   3.8857806e-16
   3.3411047e+04   5.5511151e-16
   3.3410873e+04   4.9960036e-16
   3.3410698e+04   3.8857806e-16
   3.3410524e+04   2.7755576e-16
   3.3410350e+04   7.2164497e-16
   3.3410175e+04   8.8817842e-16
   3.3410001e+04   1.6653345e-15
   3.3409827e+04   8.3266727e-16
   3.3409652e+04   1.1102230e-15
   3.3409478e+04   9.4368957e-16
   3.3409304e+04   9.4368957e-16
   3.3409130e+04   8.8817842e-16
   3.3408955e+04   1.1102230e-15
   3.3408781e+04   9.4368957e-16
   3.3408607e+04   2.7755576e-16
   3.3408432e+04   9.4368957e-16
   3.3408258e+04   3.8857806e-16
   3.3408084e+04   9.9920072e-16
   3.3407909e+04   7.7715612e-16
   3.3407735e+04   9.9920072e-16
   3.3407561e+04   6.6613381e-16
   3.3407386e+04   9.4368957e-16
   3.3407212e+04   7.7715612e-16
   3.3407038e+04   9.4368957e-16
   3.3406863e+04   1.6653345e-15
   3.3406689e+04   1.7763568e-15
   3.3406515e+04   1.2212453e-15
   3.3406340e+04   7.2164497e-16
   3.3406166e+04   8.8817842e-16
   3.3405992e+04   5.5511151e-16
   3.3405818e+04   8.3266727e-16
   3.3405643e+04   2.7755576e-16
   3.3405469e+04   7.2164497e-16
   3.3405295e+04   7.7715612e-16
   3.3405120e+04   1.0547119e-15
   3.3404946e+04   7.7715612e-16
   3.3404772e+04   9.9920072e-16
   3.3404597e+04   7.7715612e-16
   3.3404423e+04   7.7715612e-16
   3.3404249e+04   6.1062266e-16
   3.3404074e+04   6.1062266e-16
   3.3403900e+04   2.7755576e-16
   3.3403726e+04   3.3306691e-16
   3.3403551e+04   3.6082248e-16
   3.3403377e+04   4.7184479e-16
   3.3403203e+04   4.9960036e-16
   3.3403028e+04   9.1593400e-16
   3.3402854e+04   1.1102230e-15
   3.3402680e+04   7.4940054e-16
   3.3402505e+04   5.5511151e-16
   3.3402331e+04   8.3266727e-17
   3.3402157e+04   1.3322676e-15
   3.3401983e+04   9.1593400e-16
   3.3401808e+04   6.9388939e-16
   3.3401634e+04   1.1102230e-16
   3.3401460e+04   6.9388939e-16
   3.3401285e+04   2.2204460e-16
   3.3401111e+04   5.5511151e-16
   3.3400937e+04   9.1593400e-16
   3.3400762e+04   4.9960036e-16
   3.3400588e+04   6.9388939e-16
   3.3400414e+04   9.9920072e-16
   3.3400239e+04   8.8817842e-16
   3.3400065e+04   3.3306691e-16
   3.3399891e+04   4.4408921e-16
   3.3399716e+04   8.6042284e-16
   3.3399542e+04   5.5511151e-16
   3.3399368e+04   1.1102230e-15
   3.3399193e+04   5.5511151e-16
   3.3399019e+04   8.0491169e-16
   3.3398845e+04   8.8817842e-16
   3.3398671e+04   7.7715612e-16
   3.3398496e+04   1.0547119e-15
   3.3398322e+04   6.9388939e-16
   3.3398148e+04   1.0547119e-15
   3.3397973e+04   1.1657342e-15
   3.3397799e+04   8.6042284e-16
   3.3397625e+04   4.9960036e-16
   3.3397450e+04   3.8857806e-16
   3.3397276e+04   1.3877788e-15
   3.3397102e+04   4.7184479e-16
   3.3396927e+04   1.7763568e-15
   3.3396753e+04   1.1657342e-15
   3.3396579e+04   1.1657342e-15
   3.3396404e+04   1.2212453e-15
   3.3396230e+04   8.8817842e-16
   3.3396056e+04   9.4368957e-16
   3.3395881e+04   1.2767565e-15
   3.3395707e+04   8.8817842e-16
   3.3395533e+04   1.3322676e-15
   3.3395359e+04   1.1102230e-15
   3.3395184e+04   8.8817842e-16
   3.3395010e+04   8.3266727e-16
   3.3394836e+04   1.0547119e-15
   3.3394661e+04   9.1593400e-16
   3.3394487e+04   7.2164497e-16
   3.3394313e+04   4.1633363e-16
   3.3394138e+04   6.6613381e-16
   3.3393964e+04   9.9920072e-16
   3.3393790e+04   7.7715612e-16
   3.3393615e+04   7.2164497e-16
   3.3393441e+04   5.5511151e-16
   3.3393267e+04   6.6613381e-16
   3.3393092e+04   6.6613381e-16
   3.3392918e+04   5.5511151e-16
   3.3392744e+04   3.3306691e-16
   3.3392569e+04   6.1062266e-16
   3.3392395e+04   4.9960036e-16
   3.3392221e+04   8.3266727e-17
   3.3392047e+04   3.7470027e-16
   3.3391872e+04   4.8572257e-16
   3.3391698e+04   1.1657342e-15
   3.3391524e+04   6.8001160e-16
   3.3391349e+04   3.3306691e-16
   3.3391175e+04   3.3306691e-16
   3.3391001e+04   8.7430063e-16
   3.3390826e+04   1.9428903e-16
   3.3390652e+04  -5.5511151e-17
   3.3390478e+04  -5.5511151e-17
   3.3390303e+04   2.4980018e-16
   3.3390129e+04  -1.3877788e-16
   3.3389955e+04   2.3592239e-16
   3.3389780e+04   4.3021142e-16
   3.3389606e+04   4.1633363e-16
   3.3389432e+04   5.5511151e-16
   3.3389257e+04   4.4408921e-16
   3.3389083e+04   3.3306691e-16
   3.3388909e+04   0.0000000e+00
   3.3388735e+04   2.3592239e-16
   3.3388560e+04   3.7470027e-16
   3.3388386e+04   4.8572257e-16
   3.3388212e+04   5.6898930e-16
   3.3388037e+04   3.1918912e-16
   3.3387863e+04   3.8857806e-16
   3.3387689e+04   5.8980598e-16
   3.3387514e+04   4.5796700e-16
   3.3387340e+04   7.0776718e-16
   3.3387166e+04   4.0245585e-16
   3.3386991e+04   9.1593400e-16
   3.3386817e+04   6.6613381e-16
   3.3386643e+04   6.9388939e-16
   3.3386468e+04   5.5511151e-16
   3.3386294e+04   4.4408921e-16
   3.3386120e+04   1.0547119e-15
   3.3385945e+04   1.0269563e-15
   3.3385771e+04   1.0963452e-15
   3.3385597e+04   7.2164497e-16
   3.3385423e+04   1.0269563e-15
   3.3385248e+04   5.6898930e-16
   3.3385074e+04   7.7715612e-16
   3.3384900e+04   5.6898930e-16
   3.3384725e+04   9.2981178e-16
   3.3384551e+04   4.7184479e-16
   3.3384377e+04   8.8817842e-16
   3.3384202e+04   8.8817842e-16
   3.3384028e+04   6.1062266e-16
   3.3383854e+04   5.2735594e-16
   3.3383679e+04   4.0245585e-16
   3.3383505e+04   5.9674488e-16
   3.3383331e+04   5.8286709e-16
   3.3383156e+04   1.6653345e-16
   3.3382982e+04   6.1062266e-16
   3.3382808e+04   9.7144515e-16
   3.3382633e+04   6.1062266e-16
   3.3382459e+04   6.1062266e-16
   3.3382285e+04   3.3306691e-16
   3.3382111e+04   6.1062266e-16
   3.3381936e+04   6.6613381e-16
   3.3381762e+04   8.3266727e-17
   3.3381588e+04   5.2735594e-16
