   3.3738412e+04  -1.6940659e-20
   3.3738064e+04  -1.0164395e-20
   3.3737715e+04   8.4703295e-21
   3.3737366e+04   1.1011428e-20
   3.3737017e+04  -7.6232965e-21
   3.3736668e+04  -5.0821977e-21
   3.3736320e+04  -1.4823077e-20
   3.3735971e+04   5.2939559e-21
   3.3735622e+04  -4.6586812e-21
   3.3735273e+04   1.3976044e-20
   3.3734924e+04   2.2022857e-20
   3.3734576e+04   1.2917252e-20
   3.3734227e+04   1.8317087e-20
   3.3733878e+04  -2.3293406e-21
   3.3733529e+04   5.9292306e-21
   3.3733180e+04   2.2234615e-21
   3.3732832e+04   3.1763736e-21
   3.3732483e+04   2.5040412e-20
   3.3732134e+04   3.0704944e-21
   3.3731785e+04  -3.0704944e-21
   3.3731436e+04  -1.3181950e-20
   3.3731088e+04  -9.6349998e-21
   3.3730739e+04  -2.0752307e-20
   3.3730390e+04  -2.6258021e-20
   3.3730041e+04  -2.1599340e-20
   3.3729692e+04   0.0000000e+00
   3.3729344e+04   2.1175824e-20
   3.3728995e+04   1.6940659e-20
   3.3728646e+04  -2.2022857e-20
   3.3728297e+04  -4.0657581e-20
   3.3727948e+04   3.7269450e-20
   3.3727600e+04   1.3552527e-20
   3.3727251e+04   4.2351647e-22
   3.3726902e+04  -5.9292306e-21
   3.3726553e+04   1.8634725e-20
   3.3726204e+04  -1.3129011e-20
   3.3725856e+04  -1.7575934e-20
   3.3725507e+04  -2.6099203e-20
   3.3725158e+04  -1.0071751e-20
   3.3724809e+04  -1.0478724e-20
   3.3724460e+04   1.2625258e-20
   3.3724112e+04   1.0556343e-21
   3.3723763e+04   1.0079188e-20
   3.3723414e+04   3.6541646e-21
   3.3723065e+04   2.1232240e-20
   3.3722716e+04   1.0089047e-20
   3.3722368e+04   9.0137544e-21
   3.3722019e+04   7.5859002e-21
   3.3721670e+04   1.1634559e-20
   3.3721321e+04   8.7984100e-21
   3.3720972e+04   7.2858068e-21
   3.3720624e+04   1.7089551e-21
   3.3720275e+04  -2.1652280e-20
   3.3719926e+04  -1.6358324e-20
   3.3719577e+04  -2.2234615e-21
   3.3719228e+04  -3.1763736e-21
   3.3718879e+04  -1.4187802e-20
   3.3718531e+04   1.6940659e-21
   3.3718182e+04   2.7316813e-20
   3.3717833e+04  -8.2585712e-21
   3.3717484e+04   9.9526371e-21
   3.3717135e+04  -2.0752307e-20
   3.3716787e+04  -1.1646703e-21
   3.3716438e+04   5.1669010e-20
   3.3716089e+04  -3.5575384e-20
   3.3715740e+04  -3.2187252e-20
   3.3715391e+04  -3.3881318e-20
   3.3715043e+04  -1.1011428e-20
   3.3714694e+04  -2.9910851e-21
   3.3714345e+04   1.1249656e-21
   3.3713996e+04  -7.2175644e-21
   3.3713647e+04   1.7340304e-20
   3.3713299e+04   9.6806821e-21
   3.3712950e+04  -3.7867139e-21
   3.3712601e+04  -1.8149942e-20
   3.3712252e+04  -2.2227312e-20
   3.3711903e+04   8.7703356e-21
   3.3711555e+04  -4.5761321e-21
   3.3711206e+04  -8.6509198e-21
   3.3710857e+04   4.5652693e-21
   3.3710508e+04   6.7784026e-22
   3.3710159e+04  -2.6360692e-21
   3.3709811e+04  -1.4091090e-21
   3.3709462e+04  -3.9076423e-21
   3.3709113e+04  -1.1048784e-20
   3.3708764e+04  -2.5188810e-20
   3.3708415e+04  -1.4126536e-20
   3.3708067e+04  -1.9649881e-20
   3.3707718e+04  -9.2799609e-21
   3.3707369e+04  -5.9644931e-21
   3.3707020e+04   2.0739840e-20
   3.3706671e+04   7.3223126e-21
   3.3706323e+04  -8.1693456e-21
   3.3705974e+04   2.8207481e-20
   3.3705625e+04  -4.7354505e-20
   3.3705276e+04  -1.6119598e-21
   3.3704927e+04  -1.6940659e-20
   3.3704579e+04  -4.0657581e-20
   3.3704230e+04  -5.0821977e-21
   3.3703881e+04  -2.4563955e-20
   3.3703532e+04   4.2351647e-22
   3.3703183e+04   1.9058241e-20
   3.3702835e+04  -1.0826140e-20
   3.3702486e+04   9.1949397e-21
   3.3702137e+04   1.5330138e-20
   3.3701788e+04  -3.8812542e-21
   3.3701439e+04  -1.8503397e-20
   3.3701091e+04  -1.0598168e-20
   3.3700742e+04  -8.0629124e-21
   3.3700393e+04   9.7135207e-22
   3.3700044e+04  -4.2355973e-21
   3.3699695e+04  -1.1648023e-20
   3.3699347e+04  -7.1117718e-21
   3.3698998e+04  -1.4865444e-20
   3.3698649e+04  -2.0026043e-21
   3.3698300e+04   8.2585712e-21
   3.3697951e+04   3.4410713e-21
   3.3697603e+04   6.6703845e-21
   3.3697254e+04  -2.9646153e-21
   3.3696905e+04   6.7762636e-21
   3.3696556e+04   1.1858461e-20
   3.3696207e+04  -1.6940659e-20
   3.3695859e+04  -1.3552527e-20
   3.3695510e+04  -2.7105054e-20
   3.3695161e+04  -4.7433845e-20
   3.3694812e+04   1.3552527e-20
   3.3694463e+04  -1.3552527e-20
   3.3694115e+04   0.0000000e+00
   3.3693766e+04   4.0657581e-20
   3.3693417e+04   1.3552527e-20
   3.3693068e+04   1.3552527e-20
   3.3692719e+04   2.7105054e-20
   3.3692371e+04   3.0493186e-20
   3.3692022e+04   3.0493186e-20
   3.3691673e+04  -9.3173624e-21
   3.3691324e+04   9.7408789e-21
   3.3690975e+04   5.1880768e-21
   3.3690626e+04  -3.1101991e-21
   3.3690278e+04  -5.7352568e-21
   3.3689929e+04   3.6119003e-21
   3.3689580e+04  -8.9933902e-22
   3.3689231e+04   7.9921511e-22
   3.3688882e+04   1.0300907e-20
   3.3688534e+04  -1.2532692e-20
   3.3688185e+04  -7.3225958e-22
   3.3687836e+04  -1.8063075e-20
   3.3687487e+04   8.0051696e-22
   3.3687138e+04   6.5265067e-21
   3.3686790e+04   3.0208636e-21
   3.3686441e+04  -1.4942191e-20
   3.3686092e+04  -1.6940659e-20
   3.3685743e+04  -1.7787692e-20
   3.3685394e+04  -1.5246593e-20
   3.3685046e+04  -2.0328791e-20
   3.3684697e+04  -2.7105054e-20
   3.3684348e+04  -3.3881318e-20
   3.3683999e+04   0.0000000e+00
   3.3683650e+04  -2.7105054e-20
   3.3683302e+04   1.3552527e-20
   3.3682953e+04   1.3552527e-20
   3.3682604e+04   1.3552527e-20
   3.3682255e+04  -1.3552527e-20
   3.3681906e+04   0.0000000e+00
   3.3681558e+04  -4.2351647e-20
   3.3681209e+04   1.0164395e-20
   3.3680860e+04  -3.8116483e-21
   3.3680511e+04  -1.0376154e-20
   3.3680162e+04   5.9226132e-21
   3.3679814e+04  -4.7637331e-21
   3.3679465e+04   2.1492479e-22
   3.3679116e+04  -1.0794630e-21
   3.3678767e+04   1.2227703e-20
   3.3678418e+04  -4.0798230e-21
   3.3678070e+04  -9.0302563e-21
   3.3677721e+04   1.8091300e-20
   3.3677372e+04   9.9900335e-21
   3.3677023e+04   1.2505880e-20
   3.3676674e+04  -6.9984650e-21
   3.3676326e+04  -3.2624003e-21
   3.3675977e+04   1.6715666e-20
   3.3675628e+04  -5.0292581e-21
   3.3675279e+04   3.3881318e-21
   3.3674930e+04  -1.0164395e-20
   3.3674582e+04   3.3881318e-21
   3.3674233e+04  -6.7762636e-21
   3.3673884e+04  -3.3881318e-20
   3.3673535e+04  -1.3552527e-20
   3.3673186e+04   0.0000000e+00
   3.3672838e+04  -6.7762636e-20
   3.3672489e+04  -2.7105054e-20
   3.3672140e+04   1.3552527e-20
   3.3671791e+04  -6.0986372e-20
   3.3671442e+04  -1.3552527e-20
   3.3671094e+04  -5.0821977e-21
   3.3670745e+04   1.2705494e-20
   3.3670396e+04   2.5410988e-21
   3.3670047e+04  -9.3703020e-21
   3.3669698e+04   2.8190315e-21
   3.3669350e+04   1.6019180e-20
   3.3669001e+04   4.1270367e-21
   3.3668652e+04   9.9678592e-21
   3.3668303e+04   1.1121730e-20
   3.3667954e+04   1.8516343e-20
   3.3667606e+04   2.9782255e-20
   3.3667257e+04   1.2887337e-20
   3.3666908e+04   1.2538669e-20
   3.3666559e+04   2.9274252e-20
   3.3666210e+04   1.1459768e-20
   3.3665862e+04   9.1787763e-21
   3.3665513e+04  -8.2458877e-21
   3.3665164e+04  -4.2004370e-21
   3.3664815e+04   1.8630431e-20
   3.3664466e+04   1.0910332e-20
   3.3664118e+04   1.8474332e-20
   3.3663769e+04  -5.3049866e-21
   3.3663420e+04  -5.0305570e-21
   3.3663071e+04   9.2760499e-21
   3.3662722e+04  -1.2333985e-20
   3.3662374e+04  -1.9452545e-20
   3.3662025e+04  -3.8346942e-20
   3.3661676e+04  -2.2419300e-20
   3.3661327e+04  -4.8891402e-21
   3.3660978e+04   1.0774293e-20
   3.3660629e+04  -1.8749954e-20
   3.3660281e+04   1.0587912e-20
   3.3659932e+04   0.0000000e+00
   3.3659583e+04   5.7174724e-21
   3.3659234e+04  -2.9010878e-20
   3.3658885e+04  -2.0328791e-20
   3.3658537e+04  -1.0852610e-20
   3.3658188e+04   5.4395397e-21
   3.3657839e+04  -2.3127970e-21
   3.3657490e+04  -1.0698340e-20
   3.3657141e+04   1.6374987e-20
   3.3656793e+04   1.0774221e-20
   3.3656444e+04   1.7162674e-20
   3.3656095e+04   1.0748906e-21
   3.3655746e+04   1.5334032e-20
   3.3655397e+04   9.5295532e-21
   3.3655049e+04   1.6730220e-20
   3.3654700e+04  -2.9976654e-22
   3.3654351e+04   2.0540639e-21
   3.3654002e+04  -2.4443187e-21
   3.3653653e+04   1.6942313e-20
   3.3653305e+04   1.9614107e-20
   3.3652956e+04   1.3076071e-20
   3.3652607e+04   3.2822527e-21
   3.3652258e+04  -9.9526371e-21
   3.3651909e+04  -1.1646703e-20
   3.3651561e+04  -3.0281428e-20
   3.3651212e+04  -1.4823077e-21
   3.3650863e+04  -2.9222637e-20
   3.3650514e+04  -7.6232965e-21
   3.3650165e+04   6.2468680e-20
   3.3649817e+04   2.8269725e-20
   3.3649468e+04   1.1434945e-20
   3.3649119e+04   1.0164395e-20
   3.3648770e+04   0.0000000e+00
   3.3648421e+04   1.5246593e-20
   3.3648073e+04  -1.5246593e-20
   3.3647724e+04  -1.6093626e-20
   3.3647375e+04  -1.6940659e-20
   3.3647026e+04  -5.5057142e-21
   3.3646677e+04  -1.6728901e-20
   3.3646329e+04  -9.7408789e-21
   3.3645980e+04   1.3976044e-20
   3.3645631e+04   9.3173624e-21
   3.3645282e+04   1.5034835e-20
   3.3644933e+04   1.1117307e-20
   3.3644585e+04   2.6469780e-20
   3.3644236e+04   1.7364175e-20
   3.3643887e+04   1.2387857e-20
   3.3643538e+04   1.1646703e-20
   3.3643189e+04   1.9111181e-20
   3.3642841e+04   3.1022582e-20
   3.3642492e+04   2.7422692e-20
   3.3642143e+04   2.7475631e-20
   3.3641794e+04   1.0693791e-20
   3.3641445e+04   1.3976044e-20
   3.3641097e+04  -8.4703295e-22
   3.3640748e+04  -8.0468130e-21
   3.3640399e+04  -1.1858461e-20
   3.3640050e+04  -5.0821977e-21
   3.3639701e+04  -2.5410988e-20
   3.3639353e+04   9.3173624e-21
   3.3639004e+04  -6.7762636e-21
   3.3638655e+04  -4.0657581e-20
   3.3638306e+04   1.6940659e-20
   3.3637957e+04  -2.0752307e-20
   3.3637609e+04   2.0328791e-20
   3.3637260e+04  -3.4516593e-20
   3.3636911e+04  -2.3505164e-20
   3.3636562e+04  -2.9222637e-20
   3.3636213e+04  -3.4146016e-20
   3.3635865e+04  -8.8012017e-21
   3.3635516e+04  -6.4553175e-21
   3.3635167e+04  -1.4532736e-20
   3.3634818e+04   9.7377220e-21
   3.3634469e+04  -3.0154877e-20
   3.3634121e+04   4.0776811e-21
   3.3633772e+04   4.7993293e-22
   3.3633423e+04   1.5594762e-20
   3.3633074e+04   1.4731227e-20
   3.3632725e+04  -4.0608028e-21
   3.3632376e+04  -3.4002753e-21
   3.3632028e+04   4.7750035e-21
   3.3631679e+04   2.5497015e-20
   3.3631330e+04   4.2500540e-21
   3.3630981e+04  -7.8879943e-21
   3.3630632e+04  -4.4998625e-21
   3.3630284e+04   4.7645603e-21
   3.3629935e+04  -6.9880218e-21
   3.3629586e+04  -1.2070219e-20
   3.3629237e+04  -2.5622747e-20
   3.3628888e+04  -2.2234615e-20
   3.3628540e+04  -2.6681538e-20
   3.3628191e+04  -1.9481758e-20
   3.3627842e+04   2.1175824e-22
   3.3627493e+04  -5.3257197e-20
   3.3627144e+04   1.7364175e-20
   3.3626796e+04  -1.3552527e-20
   3.3626447e+04   6.7762636e-21
   3.3626098e+04  -3.3881318e-20
   3.3625749e+04  -5.9292306e-21
   3.3625400e+04  -1.0587912e-20
   3.3625052e+04  -1.7205357e-20
   3.3624703e+04   4.4171445e-22
   3.3624354e+04  -2.5172657e-21
   3.3624005e+04   8.1070098e-21
   3.3623656e+04   1.9033307e-20
   3.3623308e+04  -9.0829924e-22
   3.3622959e+04   2.8580059e-20
   3.3622610e+04   1.5581862e-20
   3.3622261e+04   3.0834154e-20
   3.3621912e+04   3.5755974e-20
   3.3621564e+04  -9.6537923e-22
   3.3621215e+04   1.4397421e-21
   3.3620866e+04   2.0084947e-22
   3.3620517e+04   2.1526141e-20
   3.3620168e+04  -8.1625772e-21
   3.3619820e+04  -1.2562259e-20
   3.3619471e+04  -1.2292398e-20
   3.3619122e+04  -1.0860936e-20
   3.3618773e+04  -1.7196052e-20
   3.3618424e+04   9.7034774e-21
   3.3618076e+04  -2.0293528e-20
   3.3617727e+04  -2.1586873e-20
   3.3617378e+04   7.9242804e-21
   3.3617029e+04  -1.1480168e-21
   3.3616680e+04   4.4213836e-20
   3.3616332e+04  -6.4030328e-20
   3.3615983e+04  -4.0316171e-20
   3.3615634e+04  -2.7105054e-20
   3.3615285e+04  -4.0657581e-20
   3.3614936e+04  -3.3881318e-20
   3.3614588e+04   1.3552527e-20
   3.3614239e+04  -1.5246593e-20
   3.3613890e+04  -9.3173624e-21
   3.3613541e+04  -3.0493186e-20
   3.3613192e+04  -4.5660370e-21
   3.3612844e+04   2.4137130e-21
   3.3612495e+04  -5.1518101e-21
   3.3612146e+04  -1.6174056e-20
   3.3611797e+04  -1.1021685e-20
   3.3611448e+04   1.0571812e-20
   3.3611100e+04   1.5370912e-20
   3.3610751e+04  -6.7766961e-21
   3.3610402e+04  -1.9271319e-20
   3.3610053e+04  -1.6005618e-20
   3.3609704e+04  -3.6041293e-20
   3.3609356e+04  -3.3765513e-20
   3.3609007e+04  -3.0281428e-20
   3.3608658e+04  -3.8963516e-20
   3.3608309e+04  -3.5575384e-20
   3.3607960e+04  -1.3552527e-20
   3.3607612e+04  -2.0328791e-20
   3.3607263e+04  -2.0328791e-20
   3.3606914e+04   0.0000000e+00
   3.3606565e+04   0.0000000e+00
   3.3606216e+04  -5.4210109e-20
   3.3605868e+04   2.7105054e-20
   3.3605519e+04  -2.7105054e-20
   3.3605170e+04  -5.4210109e-20
   3.3604821e+04  -8.1315163e-20
   3.3604472e+04  -8.1315163e-20
   3.3604124e+04  -2.7105054e-20
   3.3603775e+04   0.0000000e+00
   3.3603426e+04  -2.7105054e-20
   3.3603077e+04   1.3552527e-20
   3.3602728e+04   3.3881318e-21
   3.3602379e+04  -1.1858461e-20
   3.3602031e+04  -8.4703295e-22
   3.3601682e+04   7.3056592e-21
   3.3601333e+04   1.5617170e-21
   3.3600984e+04   1.7372447e-20
   3.3600635e+04   1.3857731e-21
   3.3600287e+04   1.1486861e-20
   3.3599938e+04   1.8329020e-20
   3.3599589e+04   9.3324116e-21
   3.3599240e+04  -8.7879668e-21
   3.3598891e+04   2.9796645e-21
   3.3598543e+04  -1.4068432e-20
   3.3598194e+04  -1.7960001e-20
   3.3597845e+04  -2.6120968e-20
   3.3597496e+04  -2.3068413e-20
   3.3597147e+04  -2.5940384e-20
   3.3596799e+04  -4.0657581e-20
   3.3596450e+04  -2.3716923e-20
   3.3596101e+04  -1.3552527e-20
   3.3595752e+04  -2.7105054e-20
   3.3595403e+04  -4.0657581e-20
   3.3595055e+04  -5.4210109e-20
   3.3594706e+04  -5.4210109e-20
   3.3594357e+04  -8.1315163e-20
   3.3594008e+04  -5.4210109e-20
   3.3593659e+04   0.0000000e+00
   3.3593311e+04  -6.4374504e-20
   3.3592962e+04  -4.7433845e-20
   3.3592613e+04  -3.8963516e-20
   3.3592264e+04  -1.9481758e-20
   3.3591915e+04  -2.1175824e-21
   3.3591567e+04  -1.7787692e-20
   3.3591218e+04  -9.2908926e-21
   3.3590869e+04  -5.7207811e-21
   3.3590520e+04  -2.0108761e-21
   3.3590171e+04  -8.6789276e-21
   3.3589823e+04   5.0615258e-21
   3.3589474e+04  -1.2759769e-20
   3.3589125e+04   1.0023747e-21
   3.3588776e+04   3.6752379e-21
   3.3588427e+04   5.3858057e-21
   3.3588079e+04  -1.8684278e-21
   3.3587730e+04   7.0001654e-21
   3.3587381e+04  -2.7633002e-21
   3.3587032e+04   5.4924793e-22
   3.3586683e+04   1.9852335e-22
   3.3586335e+04  -1.0111456e-20
   3.3585986e+04  -4.9763186e-21
   3.3585637e+04   1.6517142e-20
   3.3585288e+04   1.6940659e-20
   3.3584939e+04   1.5246593e-20
   3.3584591e+04   1.0164395e-20
   3.3584242e+04  -2.0328791e-20
   3.3583893e+04  -4.0657581e-20
   3.3583544e+04  -1.3552527e-20
   3.3583195e+04  -2.7105054e-20
   3.3582847e+04   5.4210109e-20
   3.3582498e+04   0.0000000e+00
   3.3582149e+04   1.6940659e-21
   3.3581800e+04  -1.1858461e-20
   3.3581451e+04  -5.9292306e-21
   3.3581103e+04   7.1997801e-21
   3.3580754e+04  -7.5438872e-21
   3.3580405e+04  -7.0541963e-21
   3.3580056e+04   1.1085461e-20
   3.3579707e+04  -1.1624343e-21
   3.3579359e+04   1.6290162e-20
   3.3579010e+04  -4.3454661e-21
   3.3578661e+04   2.7646952e-20
   3.3578312e+04   2.3157304e-20
   3.3577963e+04   3.8569914e-20
   3.3577615e+04   1.6260451e-20
   3.3577266e+04   1.0536296e-20
   3.3576917e+04   1.4162979e-20
   3.3576568e+04   1.3267597e-20
   3.3576219e+04   3.2068689e-20
   3.3575871e+04   2.1776371e-20
   3.3575522e+04   3.4520886e-20
   3.3575173e+04   3.3241261e-20
   3.3574824e+04   4.2300282e-20
   3.3574475e+04   5.9091579e-20
   3.3574126e+04   4.5264622e-20
   3.3573778e+04   4.9592740e-20
   3.3573429e+04   4.8756402e-20
   3.3573080e+04   7.7897819e-20
   3.3572731e+04   4.6817271e-20
   3.3572382e+04   3.1736662e-20
   3.3572034e+04   1.8865184e-20
   3.3571685e+04   4.3012299e-20
   3.3571336e+04   3.3573031e-20
   3.3570987e+04  -4.0234065e-20
   3.3570638e+04  -1.2705494e-20
   3.3570290e+04  -1.1858461e-20
   3.3569941e+04  -3.0916703e-20
   3.3569592e+04  -9.9526371e-21
   3.3569243e+04  -2.9910851e-20
   3.3568894e+04  -1.1924636e-20
   3.3568546e+04  -3.0476642e-20
   3.3568197e+04  -1.1915950e-20
   3.3567848e+04  -2.4917869e-20
   3.3567499e+04  -1.5077567e-21
   3.3567150e+04   1.0809927e-20
   3.3566802e+04   1.6745000e-20
   3.3566453e+04   1.1945900e-20
   3.3566104e+04   2.2023289e-20
   3.3565755e+04   3.3459121e-20
   3.3565406e+04   3.2522760e-20
   3.3565058e+04   4.2076371e-20
   3.3564709e+04   3.9483812e-20
   3.3564360e+04   4.1082752e-20
   3.3564011e+04   5.2013117e-20
   3.3563662e+04   3.7216510e-20
   3.3563314e+04   5.4315988e-20
   3.3562965e+04   5.6115933e-20
   3.3562616e+04   4.7645603e-20
   3.3562267e+04   3.0493186e-20
   3.3561918e+04   7.8138789e-20
   3.3561570e+04   5.1033735e-20
   3.3561221e+04  -1.5458351e-20
   3.3560872e+04  -2.0752307e-20
   3.3560523e+04  -1.5352472e-20
   3.3560174e+04   2.1175824e-20
   3.3559826e+04  -3.3881318e-21
   3.3559477e+04  -1.0164395e-20
   3.3559128e+04   1.1858461e-20
   3.3558779e+04   9.3173624e-21
   3.3558430e+04  -2.5410988e-21
   3.3558082e+04  -8.4703295e-21
   3.3557733e+04  -6.3527471e-21
   3.3557384e+04   3.5998900e-21
   3.3557035e+04  -4.6586812e-21
   3.3556686e+04  -6.3527471e-21
   3.3556338e+04  -8.4703295e-21
   3.3555989e+04   2.7528571e-21
   3.3555640e+04   1.3234890e-20
   3.3555291e+04   1.0587912e-21
   3.3554942e+04   5.9292306e-21
   3.3554594e+04   1.5775989e-20
   3.3554245e+04   1.5034835e-20
   3.3553896e+04   1.1487884e-20
   3.3553547e+04   1.3234890e-20
   3.3553198e+04   2.4034560e-20
   3.3552850e+04   4.7804422e-20
   3.3552501e+04   4.7963241e-20
   3.3552152e+04   3.3457801e-20
   3.3551803e+04   2.1175824e-20
   3.3551454e+04   1.9058241e-20
   3.3551106e+04  -3.3881318e-21
   3.3550757e+04   5.9292306e-21
   3.3550408e+04  -3.7269450e-20
   3.3550059e+04  -3.2187252e-20
   3.3549710e+04  -4.0657581e-20
   3.3549362e+04  -5.0821977e-20
   3.3549013e+04  -1.3552527e-20
   3.3548664e+04   2.9646153e-21
   3.3548315e+04   3.3034285e-20
   3.3547966e+04  -1.6940659e-21
   3.3547618e+04   7.1997801e-21
   3.3547269e+04  -1.4187802e-20
   3.3546920e+04  -2.6946236e-20
   3.3546571e+04  -6.6836193e-21
   3.3546222e+04  -1.6407955e-20
   3.3545874e+04  -1.2785731e-20
   3.3545525e+04   1.0556343e-21
   3.3545176e+04   1.6008419e-20
   3.3544827e+04   3.9229548e-20
   3.3544478e+04   4.4102130e-20
   3.3544129e+04   4.1005750e-20
   3.3543781e+04   5.4753534e-20
   3.3543432e+04   4.5278866e-20
   3.3543083e+04   3.6622031e-20
   3.3542734e+04   1.5574674e-20
   3.3542385e+04   1.5756136e-20
   3.3542037e+04   4.3840572e-22
   3.3541688e+04   2.0699368e-20
   3.3541339e+04   1.5881868e-22
   3.3540990e+04  -1.9164120e-20
   3.3540641e+04  -4.2563406e-20
   3.3540293e+04  -5.1033735e-20
   3.3539944e+04  -4.4045713e-20
   3.3539595e+04  -4.4257471e-20
   3.3539246e+04  -8.6820877e-21
   3.3538897e+04   2.0540549e-20
   3.3538549e+04   6.3103955e-20
   3.3538200e+04   2.0011153e-20
   3.3537851e+04   3.6422417e-20
   3.3537502e+04   8.6397361e-20
   3.3537153e+04   9.6561756e-20
   3.3536805e+04   6.0986372e-20
   3.3536456e+04   7.7079998e-20
   3.3536107e+04   2.4113969e-20
   3.3535758e+04   1.4677493e-20
   3.3535409e+04   6.3349627e-21
   3.3535061e+04  -6.3766190e-21
   3.3534712e+04   1.3068814e-20
   3.3534363e+04   6.3776814e-21
   3.3534014e+04   8.9551122e-21
   3.3533665e+04   4.8777425e-21
   3.3533317e+04   8.7703356e-21
   3.3532968e+04   5.0606554e-22
   3.3532619e+04   6.5956732e-21
   3.3532270e+04  -2.2109943e-21
   3.3531921e+04  -6.0984233e-21
   3.3531573e+04  -2.4658926e-20
   3.3531224e+04  -2.5126031e-20
   3.3530875e+04  -5.1341487e-20
   3.3530526e+04  -4.3236036e-20
   3.3530177e+04  -1.0311584e-19
   3.3529829e+04  -8.5277303e-20
   3.3529480e+04  -1.2807010e-19
   3.3529131e+04  -8.0430729e-20
   3.3528782e+04  -1.0930251e-19
   3.3528433e+04  -1.9917741e-20
   3.3528085e+04  -1.1126230e-19
   3.3527736e+04   1.4937878e-19
   3.3527387e+04  -1.0901186e-19
   3.3527038e+04   2.4233076e-19
   3.3526689e+04  -2.6419217e-19
   3.3526341e+04   4.6417406e-19
   3.3525992e+04  -6.1663999e-19
   3.3525643e+04   9.2326591e-19
   3.3525294e+04  -1.5356707e-18
   3.3524945e+04   2.3179057e-18
   3.3524597e+04  -3.9348916e-18
   3.3524248e+04   6.4469531e-18
   3.3523899e+04  -1.1347823e-17
   3.3523550e+04   2.0432212e-17
   3.3523201e+04  -3.8445625e-17
   3.3522853e+04   7.5992539e-17
   3.3522504e+04  -1.5819570e-16
   3.3522155e+04   3.5122262e-16
   3.3521806e+04  -8.3912746e-16
   3.3521457e+04   2.1892303e-15
   3.3521109e+04  -6.3517686e-15
   3.3520760e+04   2.1007548e-14
   3.3520411e+04  -8.2032938e-14
   3.3520062e+04   3.9886999e-13
   3.3519713e+04  -2.6444453e-12
   3.3519365e+04   2.9052544e-11
   3.3519016e+04  -1.7496635e-09
   3.3518667e+04  -4.6381108e-08
   3.3518318e+04  -4.4485635e-07
   3.3517969e+04  -2.5133261e-06
   3.3517621e+04  -9.8690130e-06
   3.3517272e+04  -2.9298231e-05
   3.3516923e+04  -6.9169213e-05
   3.3516574e+04  -1.3422029e-04
   3.3516225e+04  -2.1889286e-04
   3.3515876e+04  -3.0453833e-04
   3.3515528e+04  -3.6487916e-04
   3.3515179e+04  -3.7836060e-04
   3.3514830e+04  -3.3988890e-04
   3.3514481e+04  -2.6374264e-04
   3.3514132e+04  -1.7553414e-04
   3.3513784e+04  -9.9008983e-05
   3.3513435e+04  -4.6471723e-05
   3.3513086e+04  -1.7667698e-05
   3.3512737e+04  -5.2248996e-06
   3.3512388e+04  -1.1273084e-06
   3.3512040e+04  -1.5831224e-07
   3.3511691e+04  -1.1160922e-08
   3.3511342e+04  -9.3082009e-11
   3.3510993e+04   5.9545743e-13
   3.3510644e+04   2.2242904e-13
   3.3510296e+04  -7.0909453e-14
   3.3509947e+04  -1.3424830e-14
   3.3509598e+04   2.0486429e-13
   3.3509249e+04  -1.5564590e-12
   3.3508900e+04   1.8613281e-11
   3.3508552e+04  -8.6142723e-10
   3.3508203e+04  -3.0560007e-08
   3.3507854e+04  -3.2680097e-07
   3.3507505e+04  -1.9757068e-06
   3.3507156e+04  -8.1520393e-06
   3.3506808e+04  -2.5172537e-05
   3.3506459e+04  -6.1418956e-05
   3.3506110e+04  -1.2264531e-04
   3.3505761e+04  -2.0523264e-04
   3.3505412e+04  -2.9241959e-04
   3.3505064e+04  -3.5839720e-04
   3.3504715e+04  -3.7997571e-04
   3.3504366e+04  -3.4903182e-04
   3.3504017e+04  -2.7713727e-04
   3.3503668e+04  -1.8900222e-04
   3.3503320e+04  -1.0948002e-04
   3.3502971e+04  -5.2947295e-05
   3.3502622e+04  -2.0842808e-05
   3.3502273e+04  -6.4299637e-06
   3.3501924e+04  -1.4649423e-06
   3.3501576e+04  -2.2231638e-07
   3.3501227e+04  -1.7986448e-08
   3.3500878e+04  -3.0925680e-10
   3.3500529e+04   6.9500559e-12
   3.3500180e+04  -4.0409778e-13
   3.3499832e+04   2.1279261e-14
   3.3499483e+04   1.1580121e-15
   3.3499134e+04   4.5949736e-14
   3.3498785e+04  -5.6329472e-13
   3.3498436e+04   8.5621441e-12
   3.3498088e+04  -3.7191052e-10
   3.3497739e+04  -1.9646305e-08
   3.3497390e+04  -2.3694397e-07
   3.3497041e+04  -1.5392014e-06
   3.3496692e+04  -6.6877008e-06
   3.3496344e+04  -2.1507077e-05
   3.3495995e+04  -5.4277501e-05
   3.3495646e+04  -1.1159746e-04
   3.3495297e+04  -1.9168833e-04
   3.3494948e+04  -2.7977603e-04
   3.3494600e+04  -3.5081443e-04
   3.3494251e+04  -3.8029386e-04
   3.3493902e+04  -3.5717656e-04
   3.3493553e+04  -2.9015730e-04
   3.3493204e+04  -2.0271287e-04
   3.3492856e+04  -1.2053904e-04
   3.3492507e+04  -6.0030330e-05
   3.3492158e+04  -2.4446546e-05
   3.3491809e+04  -7.8564016e-06
   3.3491460e+04  -1.8856399e-06
   3.3491112e+04  -3.0774535e-07
   3.3490763e+04  -2.8150097e-08
   3.3490414e+04  -7.4296412e-10
   3.3490065e+04   1.6537809e-11
   3.3489716e+04  -1.3537226e-12
   3.3489368e+04   1.7968190e-13
   3.3489019e+04  -3.1844333e-14
   3.3488670e+04   6.8560433e-15
   3.3488321e+04  -1.6886349e-15
   3.3487972e+04   4.5416260e-16
   3.3487624e+04  -1.2692744e-16
   3.3487275e+04   3.4593534e-17
   3.3486926e+04  -7.4799235e-18
   3.3486577e+04   1.4741846e-19
   3.3486228e+04   1.7762238e-18
   3.3485879e+04  -1.6696030e-18
   3.3485531e+04   1.4431837e-18
   3.3485182e+04  -1.0073450e-18
   3.3484833e+04   7.4289954e-19
   3.3484484e+04  -5.5061273e-19
   3.3484135e+04   3.4341985e-19
   3.3483787e+04  -2.9219715e-19
   3.3483438e+04   1.2428338e-19
   3.3483089e+04  -1.7149710e-19
   3.3482740e+04   5.6944265e-20
   3.3482391e+04  -1.3237428e-19
   3.3482043e+04   3.8001253e-20
   3.3481694e+04  -8.1738679e-20
   3.3481345e+04   2.0328791e-20
   3.3480996e+04  -7.0091976e-20
   3.3480647e+04  -9.3808899e-20
   3.3480299e+04  -8.4279778e-20
   3.3479950e+04  -1.1080250e-19
   3.3479601e+04  -5.9781997e-20
   3.3479252e+04  -4.5087961e-20
   3.3478903e+04  -3.0603615e-20
   3.3478555e+04  -9.8918846e-22
   3.3478206e+04  -2.7783062e-21
   3.3477857e+04   1.4621575e-20
   3.3477508e+04   2.4791813e-20
   3.3477159e+04   1.7451615e-20
   3.3476811e+04  -1.4610886e-20
   3.3476462e+04  -1.3762966e-20
   3.3476113e+04  -2.4863722e-20
   3.3475764e+04  -5.3426594e-20
   3.3475415e+04  -6.9359922e-20
   3.3475067e+04  -4.2773509e-20
   3.3474718e+04  -5.4501276e-20
   3.3474369e+04  -5.9345246e-20
   3.3474020e+04  -6.9562581e-20
   3.3473671e+04  -4.0869340e-20
   3.3473323e+04  -2.3081648e-20
   3.3472974e+04  -1.2070219e-20
   3.3472625e+04  -1.5458351e-20
   3.3472276e+04   2.5834505e-20
   3.3471927e+04   3.1340219e-20
   3.3471579e+04  -2.3505164e-20
   3.3471230e+04  -6.4586262e-21
   3.3470881e+04   2.2446373e-20
   3.3470532e+04  -4.4045713e-20
   3.3470183e+04  -3.3881318e-20
   3.3469835e+04  -3.5575384e-20
   3.3469486e+04  -7.2844833e-20
   3.3469137e+04  -6.1833405e-20
   3.3468788e+04  -5.0821977e-20
   3.3468439e+04  -2.2446373e-20
   3.3468091e+04  -4.2139889e-20
   3.3467742e+04  -3.3457801e-20
   3.3467393e+04  -3.3457801e-20
   3.3467044e+04  -2.7952087e-20
   3.3466695e+04  -3.0704944e-20
   3.3466347e+04  -5.8233515e-21
   3.3465998e+04  -5.7174724e-21
   3.3465649e+04  -1.1434945e-20
   3.3465300e+04   5.6115933e-21
   3.3464951e+04   9.9526371e-21
   3.3464603e+04  -1.9852335e-20
   3.3464254e+04  -1.4717197e-20
   3.3463905e+04  -1.6623022e-20
   3.3463556e+04  -2.6734477e-20
   3.3463207e+04  -4.0128186e-20
   3.3462859e+04  -6.2256922e-20
   3.3462510e+04  -3.1340219e-20
   3.3462161e+04  -2.1599340e-20
   3.3461812e+04  -3.2187252e-20
   3.3461463e+04  -4.9127911e-20
   3.3461115e+04  -2.2022857e-20
   3.3460766e+04  -9.3173624e-21
   3.3460417e+04  -4.7433845e-20
   3.3460068e+04   2.7105054e-20
   3.3459719e+04   3.7269450e-20
   3.3459371e+04   3.8116483e-21
   3.3459022e+04   1.3552527e-20
   3.3458673e+04  -2.7528571e-21
   3.3458324e+04  -2.7528571e-21
   3.3457975e+04  -5.9292306e-21
   3.3457626e+04   8.2056317e-21
   3.3457278e+04   1.2374622e-20
   3.3456929e+04   9.2147920e-21
   3.3456580e+04   1.9844063e-21
   3.3456231e+04  -3.3912886e-21
   3.3455882e+04   7.1145728e-21
   3.3455534e+04   1.0006912e-20
   3.3455185e+04   2.7584987e-20
   3.3454836e+04   1.0089047e-20
   3.3454487e+04  -1.7859157e-21
   3.3454138e+04   9.4917243e-21
   3.3453790e+04   8.3488939e-22
   3.3453441e+04  -1.7671370e-20
   3.3453092e+04  -1.2619467e-20
   3.3452743e+04  -4.0862722e-22
   3.3452394e+04  -4.9233790e-21
   3.3452046e+04   3.5469505e-21
   3.3451697e+04  -3.0810823e-20
   3.3451348e+04  -1.3340769e-20
   3.3450999e+04  -1.0799670e-20
   3.3450650e+04   6.9880218e-21
   3.3450302e+04  -1.4823077e-21
   3.3449953e+04   7.0727251e-20
   3.3449604e+04   7.0303735e-20
   3.3449255e+04  -2.9010878e-20
   3.3448906e+04   6.6174449e-20
   3.3448558e+04   7.0727251e-20
   3.3448209e+04   3.3881318e-20
   3.3447860e+04   1.6940659e-21
   3.3447511e+04   1.4399560e-20
   3.3447162e+04   1.4399560e-20
   3.3446814e+04   3.0175549e-21
   3.3446465e+04   2.3438990e-20
   3.3446116e+04   3.9405230e-20
   3.3445767e+04   3.9834408e-20
   3.3445418e+04   3.8600196e-20
   3.3445070e+04   4.1056164e-20
   3.3444721e+04   5.1607743e-20
   3.3444372e+04   5.2296981e-20
   3.3444023e+04   4.2686916e-20
   3.3443674e+04   3.3375252e-20
   3.3443326e+04   3.4061908e-20
   3.3442977e+04   3.2068906e-20
   3.3442628e+04   9.9100716e-21
   3.3442279e+04  -2.3402494e-21
   3.3441930e+04  -1.3437481e-21
   3.3441582e+04   1.6401378e-20
   3.3441233e+04  -5.7859959e-21
   3.3440884e+04  -1.0598332e-20
   3.3440535e+04  -2.8648628e-20
   3.3440186e+04  -2.9901546e-20
   3.3439838e+04  -1.3166412e-20
   3.3439489e+04  -1.3517265e-20
   3.3439140e+04  -6.3402799e-21
   3.3438791e+04   7.9242804e-21
   3.3438442e+04   2.2568906e-20
   3.3438094e+04  -2.4395832e-20
   3.3437745e+04   7.5730108e-20
   3.3437396e+04   4.5234157e-20
   3.3437047e+04   4.0657581e-20
   3.3436698e+04   1.3552527e-20
   3.3436350e+04   0.0000000e+00
   3.3436001e+04   8.4703295e-21
   3.3435652e+04   1.6940659e-20
   3.3435303e+04   3.3034285e-20
   3.3434954e+04   4.5739779e-20
   3.3434606e+04   3.4390861e-20
   3.3434257e+04   3.6294204e-20
   3.3433908e+04   4.2282048e-20
   3.3433559e+04   3.1259789e-20
   3.3433210e+04   4.8270621e-20
   3.3432862e+04   2.9206537e-20
   3.3432513e+04   1.7064978e-20
   3.3432164e+04   3.7269017e-20
   3.3431815e+04   3.1550658e-20
   3.3431466e+04   2.1263832e-20
   3.3431118e+04   2.1556973e-20
   3.3430769e+04   3.0608991e-20
   3.3430420e+04   3.0704944e-20
   3.3430071e+04   5.1351372e-21
   3.3429722e+04   8.4703295e-21
   3.3429374e+04  -2.3716923e-20
   3.3429025e+04  -1.6940659e-20
   3.3428676e+04  -2.0328791e-20
   3.3428327e+04  -2.0328791e-20
   3.3427978e+04   1.3552527e-20
   3.3427629e+04   5.4210109e-20
   3.3427281e+04  -1.3552527e-20
   3.3426932e+04   2.7105054e-20
   3.3426583e+04   1.3552527e-20
   3.3426234e+04  -4.7433845e-20
   3.3425885e+04   4.0657581e-20
   3.3425537e+04   1.3552527e-20
   3.3425188e+04  -1.3552527e-20
   3.3424839e+04  -1.3552527e-20
   3.3424490e+04  -3.0493186e-20
   3.3424141e+04  -3.3881318e-21
   3.3423793e+04   8.4703295e-22
   3.3423444e+04   3.3881318e-21
   3.3423095e+04   1.2176099e-20
   3.3422746e+04   1.1143777e-20
   3.3422397e+04   7.1910947e-21
   3.3422049e+04   1.2166751e-20
   3.3421700e+04   3.0653028e-20
   3.3421351e+04   1.1740650e-20
   3.3421002e+04   6.3376979e-21
   3.3420653e+04  -8.7879668e-21
   3.3420305e+04  -1.5049194e-23
   3.3419956e+04  -1.8859974e-20
   3.3419607e+04  -1.3168460e-20
   3.3419258e+04   9.8155836e-21
   3.3418909e+04  -2.7859443e-20
   3.3418561e+04  -4.3542787e-21
   3.3418212e+04  -2.1387582e-20
   3.3417863e+04  -3.3881318e-21
   3.3417514e+04  -1.3552527e-20
   3.3417165e+04  -6.7762636e-21
   3.3416817e+04   0.0000000e+00
   3.3416468e+04  -2.0328791e-20
   3.3416119e+04  -2.7105054e-20
   3.3415770e+04   2.7105054e-20
   3.3415421e+04  -4.0657581e-20
   3.3415073e+04  -6.7762636e-20
   3.3414724e+04  -5.7598240e-20
   3.3414375e+04   0.0000000e+00
   3.3414026e+04  -5.9292306e-20
   3.3413677e+04  -3.9810549e-20
   3.3413329e+04  -2.9222637e-20
   3.3412980e+04  -2.7952087e-20
   3.3412631e+04  -2.9619683e-20
   3.3412282e+04  -5.7207811e-21
   3.3411933e+04   4.7653875e-21
   3.3411585e+04  -8.6789276e-21
   3.3411236e+04  -3.4088036e-21
   3.3410887e+04   7.9275836e-22
   3.3410538e+04   3.4883693e-20
   3.3410189e+04   3.6752379e-21
   3.3409841e+04   8.7739375e-21
   3.3409492e+04  -2.7154607e-21
   3.3409143e+04   8.6942313e-21
   3.3408794e+04   5.7070292e-21
   3.3408445e+04   8.1725445e-21
   3.3408097e+04   2.3068413e-20
   3.3407748e+04   6.8292031e-21
   3.3407399e+04   1.8740604e-20
   3.3407050e+04  -1.7364175e-20
   3.3406701e+04  -3.3881318e-21
   3.3406353e+04  -1.8634725e-20
   3.3406004e+04  -7.1150768e-20
   3.3405655e+04   6.7762636e-21
   3.3405306e+04  -1.3552527e-20
   3.3404957e+04  -6.7762636e-21
   3.3404609e+04   1.3552527e-20
   3.3404260e+04  -1.3552527e-20
   3.3403911e+04  -8.1315163e-20
   3.3403562e+04  -1.1858461e-20
   3.3403213e+04  -1.8634725e-20
   3.3402865e+04  -3.3034285e-20
   3.3402516e+04  -4.0234065e-20
   3.3402167e+04  -2.1096414e-20
   3.3401818e+04  -3.4159251e-20
   3.3401469e+04  -1.6019593e-20
   3.3401121e+04  -1.1326830e-20
   3.3400772e+04   6.1257668e-21
   3.3400423e+04   5.8189293e-21
   3.3400074e+04   7.3181617e-21
   3.3399725e+04   9.6047773e-21
   3.3399376e+04   1.8241123e-20
   3.3399028e+04   1.4566385e-20
   3.3398679e+04   5.4540988e-21
   3.3398330e+04   7.3867155e-21
   3.3397981e+04   6.4913332e-21
   3.3397632e+04  -3.5066944e-21
   3.3397284e+04  -1.9405518e-21
   3.3396935e+04   6.3956851e-22
   3.3396586e+04  -1.2498519e-20
   3.3396237e+04  -8.5216949e-21
   3.3395888e+04  -3.9164243e-20
   3.3395540e+04  -2.1692230e-21
   3.3395191e+04  -3.5110555e-20
   3.3394842e+04  -3.7150880e-22
   3.3394493e+04   3.3589194e-21
   3.3394144e+04  -4.0047058e-21
   3.3393796e+04  -4.5058982e-22
   3.3393447e+04  -9.9339364e-21
   3.3393098e+04  -1.9668139e-20
   3.3392749e+04  -3.5883671e-20
   3.3392400e+04  -1.0587912e-20
   3.3392052e+04  -8.4703295e-22
   3.3391703e+04  -2.5410988e-20
   3.3391354e+04  -1.7364175e-20
   3.3391005e+04  -2.3505164e-20
   3.3390656e+04  -1.0429093e-20
   3.3390308e+04  -8.5365039e-21
   3.3389959e+04   7.6398401e-21
   3.3389610e+04   1.0106906e-20
   3.3389261e+04   1.5739712e-20
   3.3388912e+04   4.5079055e-20
   3.3388564e+04   3.6220915e-20
   3.3388215e+04   3.9614890e-20
   3.3387866e+04   3.2698208e-20
   3.3387517e+04   4.4046146e-20
   3.3387168e+04   1.6941979e-20
   3.3386820e+04   2.0240782e-20
   3.3386471e+04   3.8688239e-20
   3.3386122e+04   2.7625351e-20
   3.3385773e+04   2.9647808e-20
   3.3385424e+04   9.6614696e-21
   3.3385076e+04   2.6628598e-20
   3.3384727e+04  -3.2822527e-21
   3.3384378e+04  -2.1175824e-22
   3.3384029e+04  -1.2917252e-20
   3.3383680e+04   5.0821977e-21
   3.3383332e+04   6.5645053e-21
   3.3382983e+04   6.5645053e-21
   3.3382634e+04   1.8846483e-20
   3.3382285e+04  -3.1763736e-20
   3.3381936e+04   1.5987747e-20
   3.3381588e+04  -1.4399560e-20
