   3.3738412e+04  -1.3552527e-20
   3.3738064e+04   5.0821977e-21
   3.3737715e+04   1.6940659e-21
   3.3737366e+04  -1.0164395e-20
   3.3737017e+04  -1.2705494e-20
   3.3736668e+04   5.9292306e-21
   3.3736320e+04  -3.8116483e-21
   3.3735971e+04   1.4823077e-21
   3.3735622e+04   5.2939559e-21
   3.3735273e+04   2.4775714e-20
   3.3734924e+04   2.4987472e-20
   3.3734576e+04   2.3716923e-20
   3.3734227e+04   1.8211208e-20
   3.3733878e+04   1.6305384e-20
   3.3733529e+04   2.8587362e-21
   3.3733180e+04   9.5820602e-21
   3.3732832e+04  -3.5998900e-21
   3.3732483e+04   4.3410439e-21
   3.3732134e+04   1.9693516e-20
   3.3731785e+04  -5.1351372e-21
   3.3731436e+04  -2.6999175e-21
   3.3731088e+04  -2.3716923e-20
   3.3730739e+04  -1.5246593e-20
   3.3730390e+04  -9.9526371e-21
   3.3730041e+04  -2.3716923e-20
   3.3729692e+04   6.7762636e-21
   3.3729344e+04   3.2187252e-20
   3.3728995e+04   1.9481758e-20
   3.3728646e+04   2.8799120e-20
   3.3728297e+04  -3.3881318e-21
   3.3727948e+04  -2.4987472e-20
   3.3727600e+04   2.2022857e-20
   3.3727251e+04  -2.1599340e-20
   3.3726902e+04  -3.5998900e-20
   3.3726553e+04   1.7787692e-20
   3.3726204e+04   6.3527471e-21
   3.3725856e+04  -1.2705494e-20
   3.3725507e+04   6.1939284e-21
   3.3725158e+04   1.2030515e-20
   3.3724809e+04   2.0947522e-20
   3.3724460e+04   2.6188125e-20
   3.3724112e+04   3.2790635e-20
   3.3723763e+04   3.7744991e-20
   3.3723414e+04   2.2374530e-20
   3.3723065e+04   2.7955629e-20
   3.3722716e+04   2.7301390e-20
   3.3722368e+04   2.7864484e-20
   3.3722019e+04   1.2615043e-20
   3.3721670e+04   2.5091785e-22
   3.3721321e+04   2.0281984e-20
   3.3720972e+04   2.3348000e-20
   3.3720624e+04   1.9561167e-20
   3.3720275e+04  -4.3675136e-22
   3.3719926e+04  -7.1997801e-21
   3.3719577e+04  -2.1175824e-22
   3.3719228e+04  -2.8375604e-20
   3.3718879e+04  -1.2917252e-20
   3.3718531e+04  -4.2351647e-21
   3.3718182e+04   2.3293406e-20
   3.3717833e+04  -1.7575934e-20
   3.3717484e+04  -2.1175824e-21
   3.3717135e+04   3.0493186e-20
   3.3716787e+04  -2.1281703e-20
   3.3716438e+04   3.2610768e-20
   3.3716089e+04  -1.0164395e-20
   3.3715740e+04  -3.0493186e-20
   3.3715391e+04   7.1997801e-21
   3.3715043e+04   2.5199230e-20
   3.3714694e+04   1.3817225e-20
   3.3714345e+04   1.8707517e-20
   3.3713996e+04   1.0715298e-20
   3.3713647e+04   4.0428194e-20
   3.3713299e+04   2.1091762e-20
   3.3712950e+04   2.8479436e-20
   3.3712601e+04   1.4176404e-20
   3.3712252e+04   2.8566889e-21
   3.3711903e+04   6.3413495e-21
   3.3711555e+04   2.2985119e-20
   3.3711206e+04   1.0436885e-20
   3.3710857e+04   1.4900996e-21
   3.3710508e+04  -5.6749068e-21
   3.3710159e+04   1.5261107e-20
   3.3709811e+04   1.7741475e-20
   3.3709462e+04   8.5258511e-21
   3.3709113e+04   3.8728687e-21
   3.3708764e+04  -1.0575445e-20
   3.3708415e+04  -1.6269052e-20
   3.3708067e+04  -3.9132708e-20
   3.3707718e+04  -3.6787875e-21
   3.3707369e+04  -3.9445090e-21
   3.3707020e+04  -1.1376887e-21
   3.3706671e+04   1.4304101e-20
   3.3706323e+04   8.5055919e-21
   3.3705974e+04   3.9086048e-20
   3.3705625e+04  -2.8094455e-20
   3.3705276e+04   2.2831602e-20
   3.3704927e+04   1.6940659e-20
   3.3704579e+04  -6.7762636e-21
   3.3704230e+04   1.0164395e-20
   3.3703881e+04   5.9292306e-21
   3.3703532e+04   5.0821977e-21
   3.3703183e+04   1.5775989e-20
   3.3702835e+04   4.0498763e-21
   3.3702486e+04   3.6726819e-21
   3.3702137e+04   3.7909687e-21
   3.3701788e+04   1.1493015e-20
   3.3701439e+04   4.5104697e-21
   3.3701091e+04  -8.2495636e-21
   3.3700742e+04  -7.5758647e-21
   3.3700393e+04   1.8112424e-20
   3.3700044e+04   1.3759125e-20
   3.3699695e+04  -9.3094162e-21
   3.3699347e+04   6.5654551e-21
   3.3698998e+04  -9.5997154e-21
   3.3698649e+04   5.7985361e-22
   3.3698300e+04  -2.6337431e-21
   3.3697951e+04  -6.8821427e-21
   3.3697603e+04  -1.0799670e-20
   3.3697254e+04  -2.8799120e-20
   3.3696905e+04  -2.6258021e-20
   3.3696556e+04   2.0328791e-20
   3.3696207e+04   1.6940659e-20
   3.3695859e+04  -6.7762636e-21
   3.3695510e+04   2.7105054e-20
   3.3695161e+04   4.0657581e-20
   3.3694812e+04   2.7105054e-20
   3.3694463e+04   4.0657581e-20
   3.3694115e+04   9.4867690e-20
   3.3693766e+04   9.4867690e-20
   3.3693417e+04   5.4210109e-20
   3.3693068e+04   1.3552527e-20
   3.3692719e+04   0.0000000e+00
   3.3692371e+04   1.0164395e-20
   3.3692022e+04   1.6940659e-21
   3.3691673e+04  -6.7762636e-21
   3.3691324e+04   8.0468130e-21
   3.3690975e+04   3.2293131e-21
   3.3690626e+04   1.0429093e-20
   3.3690278e+04   8.8504190e-21
   3.3689929e+04   3.7667414e-21
   3.3689580e+04  -2.1234787e-21
   3.3689231e+04   7.3259888e-21
   3.3688882e+04   9.1283882e-21
   3.3688534e+04  -3.5832745e-20
   3.3688185e+04  -8.1026438e-21
   3.3687836e+04  -2.5649423e-20
   3.3687487e+04   3.2260214e-21
   3.3687138e+04  -1.1387382e-20
   3.3686790e+04  -8.3313631e-21
   3.3686441e+04  -1.4690728e-21
   3.3686092e+04  -3.1763736e-21
   3.3685743e+04  -5.0821977e-21
   3.3685394e+04   1.2705494e-20
   3.3685046e+04   2.3716923e-20
   3.3684697e+04   4.7433845e-20
   3.3684348e+04   2.0328791e-20
   3.3683999e+04   1.3552527e-20
   3.3683650e+04   2.7105054e-20
   3.3683302e+04   4.0657581e-20
   3.3682953e+04   4.0657581e-20
   3.3682604e+04  -2.7105054e-20
   3.3682255e+04  -6.7762636e-21
   3.3681906e+04  -1.6940659e-20
   3.3681558e+04  -1.0164395e-20
   3.3681209e+04  -7.6232965e-21
   3.3680860e+04   7.8350548e-21
   3.3680511e+04  -3.2240192e-20
   3.3680162e+04  -1.3843695e-20
   3.3679814e+04   1.2085109e-21
   3.3679465e+04   9.8481022e-22
   3.3679116e+04   3.1243484e-21
   3.3678767e+04   9.1887571e-22
   3.3678418e+04  -7.7327178e-21
   3.3678070e+04   4.0388295e-21
   3.3677721e+04   1.3851889e-20
   3.3677372e+04  -2.1191252e-20
   3.3677023e+04  -1.3379929e-20
   3.3676674e+04  -5.0353844e-21
   3.3676326e+04   1.6250790e-20
   3.3675977e+04   2.2499313e-21
   3.3675628e+04  -5.9292306e-21
   3.3675279e+04   4.0234065e-21
   3.3674930e+04   1.2705494e-20
   3.3674582e+04   2.2022857e-20
   3.3674233e+04   6.7762636e-21
   3.3673884e+04  -4.0657581e-20
   3.3673535e+04   1.3552527e-20
   3.3673186e+04   1.3552527e-20
   3.3672838e+04   2.7105054e-20
   3.3672489e+04   1.3552527e-20
   3.3672140e+04   4.0657581e-20
   3.3671791e+04  -6.7762636e-21
   3.3671442e+04  -2.3716923e-20
   3.3671094e+04  -1.5246593e-20
   3.3670745e+04  -1.8634725e-20
   3.3670396e+04   4.2351647e-22
   3.3670047e+04  -2.3081648e-20
   3.3669698e+04   1.6649491e-20
   3.3669350e+04  -1.9074785e-20
   3.3669001e+04  -8.5930624e-21
   3.3668652e+04   1.6602193e-20
   3.3668303e+04   7.5603925e-21
   3.3667954e+04   1.7081622e-20
   3.3667606e+04   1.2395128e-20
   3.3667257e+04   6.1858530e-21
   3.3666908e+04   4.0268809e-20
   3.3666559e+04   1.9912650e-20
   3.3666210e+04   2.3885080e-21
   3.3665862e+04  -1.0899340e-20
   3.3665513e+04   4.3636035e-21
   3.3665164e+04   6.6485485e-21
   3.3664815e+04   3.5186713e-21
   3.3664466e+04  -4.6227621e-21
   3.3664118e+04  -4.5714111e-21
   3.3663769e+04   4.3026646e-21
   3.3663420e+04   2.9760130e-21
   3.3663071e+04  -2.0053779e-21
   3.3662722e+04  -3.4005989e-21
   3.3662374e+04   1.2672371e-20
   3.3662025e+04  -6.1575506e-21
   3.3661676e+04   9.1991079e-21
   3.3661327e+04   1.6020962e-20
   3.3660978e+04  -2.9301740e-21
   3.3660629e+04   6.1140990e-22
   3.3660281e+04  -2.7528571e-21
   3.3659932e+04  -2.8587362e-20
   3.3659583e+04  -6.9880218e-21
   3.3659234e+04  -2.6046263e-20
   3.3658885e+04  -2.4352197e-20
   3.3658537e+04   2.6099203e-20
   3.3658188e+04  -9.0129600e-21
   3.3657839e+04  -4.6289027e-21
   3.3657490e+04   3.0222698e-20
   3.3657141e+04   1.5929670e-20
   3.3656793e+04   1.7300629e-20
   3.3656444e+04   1.4178794e-20
   3.3656095e+04   3.6583373e-21
   3.3655746e+04   1.9368784e-20
   3.3655397e+04   8.8990067e-21
   3.3655049e+04   9.6270536e-21
   3.3654700e+04   8.6811379e-21
   3.3654351e+04   1.3199599e-20
   3.3654002e+04   1.6149047e-20
   3.3653653e+04   1.3009897e-20
   3.3653305e+04   2.5927149e-20
   3.3652956e+04   2.0117032e-21
   3.3652607e+04   1.1011428e-20
   3.3652258e+04  -2.1175824e-21
   3.3651909e+04  -2.2234615e-20
   3.3651561e+04  -9.7408789e-21
   3.3651212e+04   4.4469230e-21
   3.3650863e+04   2.9222637e-20
   3.3650514e+04   2.5410988e-20
   3.3650165e+04   5.5480658e-20
   3.3649817e+04  -6.8821427e-21
   3.3649468e+04   4.2563406e-20
   3.3649119e+04   3.3881318e-21
   3.3648770e+04   1.6940659e-21
   3.3648421e+04   5.0821977e-21
   3.3648073e+04  -1.9481758e-20
   3.3647724e+04  -1.9481758e-20
   3.3647375e+04   1.3552527e-20
   3.3647026e+04   2.9646153e-21
   3.3646677e+04  -1.4611318e-20
   3.3646329e+04   9.5291207e-21
   3.3645980e+04   6.9880218e-21
   3.3645631e+04   1.8211208e-20
   3.3645282e+04   8.4703295e-21
   3.3644933e+04   6.3527471e-21
   3.3644585e+04   1.8422967e-20
   3.3644236e+04   1.5987747e-20
   3.3643887e+04   1.2123159e-20
   3.3643538e+04   2.2658131e-20
   3.3643189e+04   2.6363900e-20
   3.3642841e+04   2.3928681e-20
   3.3642492e+04   1.6887719e-20
   3.3642143e+04   4.1345796e-20
   3.3641794e+04  -5.9292306e-21
   3.3641445e+04   4.1504614e-20
   3.3641097e+04   6.9880218e-21
   3.3640748e+04   5.0821977e-21
   3.3640399e+04   2.7105054e-20
   3.3640050e+04   2.7105054e-20
   3.3639701e+04  -2.2022857e-20
   3.3639353e+04   2.8799120e-20
   3.3639004e+04   4.4045713e-20
   3.3638655e+04  -2.9222637e-20
   3.3638306e+04   1.6940659e-21
   3.3637957e+04   1.2917252e-20
   3.3637609e+04  -1.0376154e-20
   3.3637260e+04  -1.8422967e-20
   3.3636911e+04  -3.2399010e-20
   3.3636562e+04  -2.2234615e-20
   3.3636213e+04  -2.8746181e-20
   3.3635865e+04  -1.7827397e-20
   3.3635516e+04  -1.7106095e-21
   3.3635167e+04  -9.3343196e-21
   3.3634818e+04   1.0268995e-21
   3.3634469e+04   8.9458711e-21
   3.3634121e+04  -6.0010734e-21
   3.3633772e+04  -1.9022819e-21
   3.3633423e+04  -2.5565218e-21
   3.3633074e+04  -1.7816694e-21
   3.3632725e+04   1.0497461e-20
   3.3632376e+04   2.0579709e-20
   3.3632028e+04   1.6682094e-20
   3.3631679e+04   1.2336572e-20
   3.3631330e+04   2.5913914e-20
   3.3630981e+04   3.7679731e-20
   3.3630632e+04   2.9434395e-20
   3.3630284e+04   4.3622197e-20
   3.3629935e+04  -1.2705494e-21
   3.3629586e+04  -3.1763736e-21
   3.3629237e+04   9.7408789e-21
   3.3628888e+04   1.4187802e-20
   3.3628540e+04   2.8375604e-20
   3.3628191e+04   1.6940659e-21
   3.3627842e+04  -2.8375604e-20
   3.3627493e+04   9.8467580e-21
   3.3627144e+04   1.1646703e-20
   3.3626796e+04  -6.7762636e-21
   3.3626447e+04  -3.0493186e-20
   3.3626098e+04  -3.5575384e-20
   3.3625749e+04  -4.4045713e-20
   3.3625400e+04  -3.4940109e-20
   3.3625052e+04  -1.9561167e-20
   3.3624703e+04   3.6826081e-21
   3.3624354e+04   9.9703181e-21
   3.3624005e+04   5.5897764e-21
   3.3623656e+04   3.0389354e-20
   3.3623308e+04   1.1234584e-20
   3.3622959e+04   7.3077064e-21
   3.3622610e+04   1.1022826e-20
   3.3622261e+04   1.4284331e-20
   3.3621912e+04   1.6456411e-20
   3.3621564e+04   3.2497097e-20
   3.3621215e+04   4.5908972e-20
   3.3620866e+04   2.4761199e-20
   3.3620517e+04   2.2916107e-20
   3.3620168e+04   2.7578928e-20
   3.3619820e+04   2.1432241e-20
   3.3619471e+04   2.5822038e-20
   3.3619122e+04   5.6811404e-21
   3.3618773e+04  -7.4541038e-21
   3.3618424e+04   7.0669193e-21
   3.3618076e+04   5.2150584e-21
   3.3617727e+04   2.1889996e-20
   3.3617378e+04   2.1694799e-20
   3.3617029e+04   3.3422539e-20
   3.3616680e+04  -2.2145389e-20
   3.3616332e+04   1.7930060e-20
   3.3615983e+04  -5.4674267e-21
   3.3615634e+04  -5.4210109e-20
   3.3615285e+04  -2.7105054e-20
   3.3614936e+04  -3.3881318e-20
   3.3614588e+04  -5.4210109e-20
   3.3614239e+04  -3.5575384e-20
   3.3613890e+04  -3.1340219e-20
   3.3613541e+04  -1.4399560e-20
   3.3613192e+04   8.1262223e-21
   3.3612844e+04  -1.5903374e-20
   3.3612495e+04   1.3187068e-20
   3.3612146e+04  -4.3833755e-21
   3.3611797e+04  -1.4733000e-21
   3.3611448e+04   8.3060031e-21
   3.3611100e+04  -7.7220811e-21
   3.3610751e+04  -1.1651864e-20
   3.3610402e+04   1.1019374e-20
   3.3610053e+04   1.6306333e-20
   3.3609704e+04  -1.1293807e-20
   3.3609356e+04  -9.5837146e-21
   3.3609007e+04   9.2379531e-21
   3.3608658e+04  -5.9292306e-21
   3.3608309e+04  -4.6586812e-21
   3.3607960e+04  -3.3881318e-21
   3.3607612e+04  -1.6940659e-20
   3.3607263e+04  -6.7762636e-21
   3.3606914e+04   0.0000000e+00
   3.3606565e+04   0.0000000e+00
   3.3606216e+04  -2.7105054e-20
   3.3605868e+04  -2.7105054e-20
   3.3605519e+04   0.0000000e+00
   3.3605170e+04  -8.1315163e-20
   3.3604821e+04  -4.0657581e-20
   3.3604472e+04  -5.4210109e-20
   3.3604124e+04  -5.4210109e-20
   3.3603775e+04  -2.7105054e-20
   3.3603426e+04  -2.7105054e-20
   3.3603077e+04  -6.7762636e-21
   3.3602728e+04  -1.0164395e-20
   3.3602379e+04   6.7762636e-21
   3.3602031e+04   1.0164395e-20
   3.3601682e+04   2.3293406e-21
   3.3601333e+04   1.1143777e-20
   3.3600984e+04   9.2743490e-21
   3.3600635e+04  -6.4430390e-21
   3.3600287e+04   1.4371601e-21
   3.3599938e+04  -5.6899560e-21
   3.3599589e+04   1.7911294e-21
   3.3599240e+04   8.1059861e-21
   3.3598891e+04   1.9774996e-20
   3.3598543e+04  -2.2987075e-21
   3.3598194e+04  -1.0757106e-20
   3.3597845e+04   2.6511139e-21
   3.3597496e+04  -2.1308173e-21
   3.3597147e+04  -8.9997251e-21
   3.3596799e+04   1.0587912e-21
   3.3596450e+04  -8.4703295e-21
   3.3596101e+04  -3.3881318e-21
   3.3595752e+04   0.0000000e+00
   3.3595403e+04  -1.3552527e-20
   3.3595055e+04  -2.7105054e-20
   3.3594706e+04   0.0000000e+00
   3.3594357e+04   0.0000000e+00
   3.3594008e+04   0.0000000e+00
   3.3593659e+04  -8.1315163e-20
   3.3593311e+04  -5.0821977e-20
   3.3592962e+04  -4.0657581e-20
   3.3592613e+04   6.7762636e-21
   3.3592264e+04  -3.9810549e-20
   3.3591915e+04  -1.4399560e-20
   3.3591567e+04  -9.4232415e-21
   3.3591218e+04   8.1791619e-21
   3.3590869e+04  -1.4909103e-20
   3.3590520e+04  -2.8225884e-20
   3.3590171e+04  -2.1038059e-20
   3.3589823e+04  -2.5251255e-20
   3.3589474e+04  -1.0939586e-20
   3.3589125e+04  -1.5144256e-20
   3.3588776e+04  -1.2478313e-20
   3.3588427e+04  -3.9358030e-21
   3.3588079e+04   1.4384132e-20
   3.3587730e+04   1.7536774e-20
   3.3587381e+04   4.6813253e-23
   3.3587032e+04   1.2862659e-20
   3.3586683e+04   1.5802458e-20
   3.3586335e+04  -6.7762636e-21
   3.3585986e+04  -1.0376154e-20
   3.3585637e+04   5.0821977e-21
   3.3585288e+04  -2.2869890e-20
   3.3584939e+04  -2.0328791e-20
   3.3584591e+04  -2.3716923e-20
   3.3584242e+04  -2.7105054e-20
   3.3583893e+04   2.7105054e-20
   3.3583544e+04   0.0000000e+00
   3.3583195e+04   8.1315163e-20
   3.3582847e+04   2.7105054e-20
   3.3582498e+04   2.7105054e-20
   3.3582149e+04   3.0493186e-20
   3.3581800e+04   0.0000000e+00
   3.3581451e+04   2.4140439e-20
   3.3581103e+04   1.0587912e-21
   3.3580754e+04  -1.5087774e-20
   3.3580405e+04  -5.6446805e-21
   3.3580056e+04   1.8227752e-20
   3.3579707e+04  -5.3829812e-21
   3.3579359e+04  -1.3637579e-20
   3.3579010e+04   5.5686182e-21
   3.3578661e+04  -1.8350290e-21
   3.3578312e+04   6.2395966e-21
   3.3577963e+04   3.5550259e-21
   3.3577615e+04   3.7769042e-21
   3.3577266e+04   1.4603943e-20
   3.3576917e+04   1.3810997e-20
   3.3576568e+04   1.5558021e-20
   3.3576219e+04   2.2953209e-20
   3.3575871e+04   1.7068374e-20
   3.3575522e+04   3.4280174e-20
   3.3575173e+04   3.4163036e-20
   3.3574824e+04   2.6594268e-20
   3.3574475e+04   2.4919972e-20
   3.3574126e+04   1.9046844e-20
   3.3573778e+04   3.5886696e-20
   3.3573429e+04   2.7541038e-20
   3.3573080e+04   7.3301473e-20
   3.3572731e+04   6.8414472e-20
   3.3572382e+04   6.2375176e-20
   3.3572034e+04   2.0401455e-20
   3.3571685e+04   6.8151711e-20
   3.3571336e+04   2.6070128e-20
   3.3570987e+04   1.2281978e-20
   3.3570638e+04  -2.1175824e-21
   3.3570290e+04  -1.2705494e-20
   3.3569941e+04  -1.2281978e-20
   3.3569592e+04  -3.9810549e-20
   3.3569243e+04  -2.5781565e-20
   3.3568894e+04  -8.3776852e-21
   3.3568546e+04  -1.7969672e-20
   3.3568197e+04  -3.5898811e-20
   3.3567848e+04  -2.7269011e-20
   3.3567499e+04  -8.1103595e-21
   3.3567150e+04  -4.0324142e-21
   3.3566802e+04  -7.8858566e-22
   3.3566453e+04   1.0263180e-20
   3.3566104e+04   4.2356808e-20
   3.3565755e+04   3.4614526e-20
   3.3565406e+04   1.1222237e-20
   3.3565058e+04   4.0939928e-20
   3.3564709e+04   1.1913882e-20
   3.3564360e+04   4.9630837e-21
   3.3564011e+04   3.0572595e-21
   3.3563662e+04  -2.4352197e-21
   3.3563314e+04   1.5458351e-20
   3.3562965e+04   2.7105054e-20
   3.3562616e+04   3.7904724e-20
   3.3562267e+04   6.7762636e-21
   3.3561918e+04   4.7010329e-20
   3.3561570e+04   5.8657032e-20
   3.3561221e+04   2.8375604e-20
   3.3560872e+04   6.7762636e-21
   3.3560523e+04   1.4081923e-20
   3.3560174e+04   2.4140439e-20
   3.3559826e+04   1.3552527e-20
   3.3559477e+04  -1.5246593e-20
   3.3559128e+04   5.0821977e-21
   3.3558779e+04  -1.0164395e-20
   3.3558430e+04  -2.1175824e-20
   3.3558082e+04  -9.3173624e-21
   3.3557733e+04  -7.1997801e-21
   3.3557384e+04  -1.0376154e-20
   3.3557035e+04  -1.1646703e-20
   3.3556686e+04  -1.4187802e-20
   3.3556338e+04  -2.1175824e-21
   3.3555989e+04  -1.3552527e-20
   3.3555640e+04  -4.2351647e-22
   3.3555291e+04   7.8350548e-21
   3.3554942e+04   1.8105329e-20
   3.3554594e+04   1.6358324e-20
   3.3554245e+04  -1.7152417e-20
   3.3553896e+04   1.1117307e-20
   3.3553547e+04   1.0587912e-21
   3.3553198e+04   1.6887719e-20
   3.3552850e+04   2.6099203e-20
   3.3552501e+04   2.5410988e-20
   3.3552152e+04   3.8963516e-20
   3.3551803e+04   3.4093076e-20
   3.3551454e+04   4.7433845e-20
   3.3551106e+04  -6.7762636e-21
   3.3550757e+04   3.5575384e-20
   3.3550408e+04   2.7952087e-20
   3.3550059e+04  -8.4703295e-21
   3.3549710e+04   3.7269450e-20
   3.3549362e+04  -4.6586812e-21
   3.3549013e+04  -1.1858461e-20
   3.3548664e+04   4.6586812e-21
   3.3548315e+04  -1.8211208e-20
   3.3547966e+04  -1.1011428e-20
   3.3547618e+04  -5.2939559e-20
   3.3547269e+04  -2.8799120e-20
   3.3546920e+04  -5.8180576e-20
   3.3546571e+04  -2.0156737e-20
   3.3546222e+04  -1.4627862e-20
   3.3545874e+04  -1.1928358e-20
   3.3545525e+04   2.2974489e-21
   3.3545176e+04   4.7554161e-22
   3.3544827e+04  -1.3423922e-21
   3.3544478e+04   1.7791234e-20
   3.3544129e+04  -2.2718122e-22
   3.3543781e+04   1.2194374e-20
   3.3543432e+04   5.8387794e-21
   3.3543083e+04  -5.6783128e-21
   3.3542734e+04   1.2658687e-20
   3.3542385e+04   9.7954728e-21
   3.3542037e+04   7.9409339e-23
   3.3541688e+04   2.1586105e-20
   3.3541339e+04   8.4703295e-21
   3.3540990e+04   2.2234615e-20
   3.3540641e+04   3.3881318e-21
   3.3540293e+04  -4.0234065e-21
   3.3539944e+04  -5.0821977e-21
   3.3539595e+04   1.7364175e-20
   3.3539246e+04   1.7575934e-20
   3.3538897e+04   2.9222637e-20
   3.3538549e+04   2.8799120e-20
   3.3538200e+04   4.2245768e-20
   3.3537851e+04   8.0468130e-21
   3.3537502e+04   3.3881318e-21
   3.3537153e+04   3.0493186e-20
   3.3536805e+04   7.1997801e-21
   3.3536456e+04  -1.5458351e-20
   3.3536107e+04   7.0409614e-21
   3.3535758e+04  -1.8561933e-20
   3.3535409e+04  -2.6554152e-20
   3.3535061e+04  -2.3946310e-20
   3.3534712e+04  -1.9565820e-20
   3.3534363e+04  -1.2178146e-20
   3.3534014e+04  -2.7642547e-21
   3.3533665e+04  -3.9195747e-21
   3.3533317e+04   2.3282008e-20
   3.3532968e+04   2.8067317e-20
   3.3532619e+04   4.6012269e-20
   3.3532270e+04   5.9088340e-20
   3.3531921e+04   6.8863993e-20
   3.3531573e+04   5.4224623e-20
   3.3531224e+04   6.3481254e-20
   3.3530875e+04   3.3936839e-20
   3.3530526e+04   5.4694846e-20
   3.3530177e+04  -7.1873129e-21
   3.3529829e+04   9.1419362e-21
   3.3529480e+04  -2.0497983e-20
   3.3529131e+04   9.8737396e-21
   3.3528782e+04  -4.1213959e-20
   3.3528433e+04   1.7497036e-20
   3.3528085e+04  -1.0089238e-19
   3.3527736e+04   8.9820755e-20
   3.3527387e+04  -1.7013109e-19
   3.3527038e+04   1.4893543e-19
   3.3526689e+04  -2.8210026e-19
   3.3526341e+04   3.4897757e-19
   3.3525992e+04  -5.6920614e-19
   3.3525643e+04   8.3686855e-19
   3.3525294e+04  -1.3899811e-18
   3.3524945e+04   2.0989476e-18
   3.3524597e+04  -3.6196894e-18
   3.3524248e+04   5.8960111e-18
   3.3523899e+04  -1.0506312e-17
   3.3523550e+04   1.8855356e-17
   3.3523201e+04  -3.5724827e-17
   3.3522853e+04   7.0680940e-17
   3.3522504e+04  -1.4749701e-16
   3.3522155e+04   3.2795850e-16
   3.3521806e+04  -7.8422936e-16
   3.3521457e+04   2.0457821e-15
   3.3521109e+04  -5.9255892e-15
   3.3520760e+04   1.9519367e-14
   3.3520411e+04  -7.5612179e-14
   3.3520062e+04   3.6191497e-13
   3.3519713e+04  -2.3174210e-12
   3.3519365e+04   2.2622641e-11
   3.3519016e+04  -2.3015625e-09
   3.3518667e+04  -5.2171303e-08
   3.3518318e+04  -4.7539187e-07
   3.3517969e+04  -2.6163449e-06
   3.3517621e+04  -1.0113903e-05
   3.3517272e+04  -2.9724330e-05
   3.3516923e+04  -6.9705086e-05
   3.3516574e+04  -1.3464754e-04
   3.3516225e+04  -2.1892717e-04
   3.3515876e+04  -3.0400983e-04
   3.3515528e+04  -3.6388580e-04
   3.3515179e+04  -3.7725712e-04
   3.3514830e+04  -3.3909388e-04
   3.3514481e+04  -2.6349849e-04
   3.3514132e+04  -1.7579545e-04
   3.3513784e+04  -9.9524744e-05
   3.3513435e+04  -4.6971885e-05
   3.3513086e+04  -1.8004571e-05
   3.3512737e+04  -5.3911934e-06
   3.3512388e+04  -1.1866166e-06
   3.3512040e+04  -1.7266049e-07
   3.3511691e+04  -1.3193913e-08
   3.3511342e+04  -2.0023021e-10
   3.3510993e+04   3.2950331e-12
   3.3510644e+04  -5.8379653e-14
   3.3510296e+04  -2.0843958e-14
   3.3509947e+04  -2.9064037e-14
   3.3509598e+04   2.2368599e-13
   3.3509249e+04  -1.6225688e-12
   3.3508900e+04   1.8715326e-11
   3.3508552e+04  -1.2090164e-09
   3.3508203e+04  -3.4814785e-08
   3.3507854e+04  -3.5121213e-07
   3.3507505e+04  -2.0632247e-06
   3.3507156e+04  -8.3708571e-06
   3.3506808e+04  -2.5571832e-05
   3.3506459e+04  -6.1948963e-05
   3.3506110e+04  -1.2310833e-04
   3.3505761e+04  -2.0534406e-04
   3.3505412e+04  -2.9197915e-04
   3.3505064e+04  -3.5745701e-04
   3.3504715e+04  -3.7885992e-04
   3.3504366e+04  -3.4816611e-04
   3.3504017e+04  -2.7680354e-04
   3.3503668e+04  -1.8919871e-04
   3.3503320e+04  -1.0997604e-04
   3.3502971e+04  -5.3463714e-05
   3.3502622e+04  -2.1208559e-05
   3.3502273e+04  -6.6193510e-06
   3.3501924e+04  -1.5361668e-06
   3.3501576e+04  -2.4073488e-07
   3.3501227e+04  -2.0867213e-08
   3.3500878e+04  -4.9877108e-10
   3.3500529e+04   9.6192938e-12
   3.3500180e+04  -6.7041747e-13
   3.3499832e+04   6.9673272e-14
   3.3499483e+04  -1.9484898e-14
   3.3499134e+04   9.1869443e-14
   3.3498785e+04  -8.1345252e-13
   3.3498436e+04   1.1062258e-11
   3.3498088e+04  -5.8191515e-10
   3.3497739e+04  -2.2720212e-08
   3.3497390e+04  -2.5624587e-07
   3.3497041e+04  -1.6129209e-06
   3.3496692e+04  -6.8817713e-06
   3.3496344e+04  -2.1878470e-05
   3.3495995e+04  -5.4796789e-05
   3.3495646e+04  -1.1208911e-04
   3.3495297e+04  -1.9187178e-04
   3.3494948e+04  -2.7942494e-04
   3.3494600e+04  -3.4993558e-04
   3.3494251e+04  -3.7917647e-04
   3.3493902e+04  -3.5624712e-04
   3.3493553e+04  -2.8973372e-04
   3.3493204e+04  -2.0283855e-04
   3.3492856e+04  -1.2100828e-04
   3.3492507e+04  -6.0558865e-05
   3.3492158e+04  -2.4840735e-05
   3.3491809e+04  -8.0704639e-06
   3.3491460e+04  -1.9704226e-06
   3.3491112e+04  -3.3111363e-07
   3.3490763e+04  -3.2155312e-08
   3.3490414e+04  -1.0598337e-09
   3.3490065e+04   1.7343425e-11
   3.3489716e+04  -1.4684615e-12
   3.3489368e+04   2.0228663e-13
   3.3489019e+04  -3.7470238e-14
   3.3488670e+04   8.5257977e-15
   3.3488321e+04  -2.2573466e-15
   3.3487972e+04   6.7013732e-16
   3.3487624e+04  -2.1701423e-16
   3.3487275e+04   7.4746535e-17
   3.3486926e+04  -2.6883003e-17
   3.3486577e+04   9.7814088e-18
   3.3486228e+04  -3.4523758e-18
   3.3485879e+04   1.1329425e-18
   3.3485531e+04  -1.8753053e-19
   3.3485182e+04  -6.4307004e-20
   3.3484833e+04   9.5302604e-20
   3.3484484e+04  -2.3239834e-19
   3.3484135e+04   5.6738740e-20
   3.3483787e+04  -1.9823883e-19
   3.3483438e+04  -3.5803704e-20
   3.3483089e+04  -1.3394946e-19
   3.3482740e+04  -2.3789586e-20
   3.3482391e+04  -7.4927975e-20
   3.3482043e+04   4.8465746e-21
   3.3481694e+04  -2.7740329e-20
   3.3481345e+04   4.2139889e-20
   3.3480996e+04   4.0869340e-20
   3.3480647e+04   3.7057691e-20
   3.3480299e+04   6.7550878e-20
   3.3479950e+04   3.4146016e-20
   3.3479601e+04   2.1056710e-20
   3.3479252e+04   3.0522965e-20
   3.3478903e+04  -3.6586198e-21
   3.3478555e+04   5.3417579e-21
   3.3478206e+04   3.5996998e-22
   3.3477857e+04  -2.2076591e-22
   3.3477508e+04   1.8481414e-20
   3.3477159e+04   2.4281252e-21
   3.3476811e+04   9.3225232e-21
   3.3476462e+04   1.5556284e-20
   3.3476113e+04   4.4459732e-21
   3.3475764e+04   7.0588233e-23
   3.3475415e+04   9.0245405e-22
   3.3475067e+04  -1.4095158e-20
   3.3474718e+04  -1.8118564e-20
   3.3474369e+04  -1.8317087e-20
   3.3474020e+04  -5.1669010e-20
   3.3473671e+04  -6.5221537e-20
   3.3473323e+04  -6.2468680e-20
   3.3472974e+04  -5.3786592e-20
   3.3472625e+04  -7.2209559e-20
   3.3472276e+04  -1.1053780e-19
   3.3471927e+04  -5.2516043e-20
   3.3471579e+04  -1.9905274e-20
   3.3471230e+04   1.3023132e-20
   3.3470881e+04   2.5199230e-20
   3.3470532e+04   5.0821977e-20
   3.3470183e+04   6.2680438e-20
   3.3469835e+04   4.2351647e-20
   3.3469486e+04  -1.4399560e-20
   3.3469137e+04   2.6258021e-20
   3.3468788e+04   1.0164395e-20
   3.3468439e+04   2.6681538e-20
   3.3468091e+04   3.2822527e-20
   3.3467742e+04   2.8163845e-20
   3.3467393e+04   3.7481208e-20
   3.3467044e+04   1.3129011e-20
   3.3466695e+04   1.8634725e-20
   3.3466347e+04   2.6681538e-20
   3.3465998e+04   1.1646703e-20
   3.3465649e+04   1.7681813e-20
   3.3465300e+04   3.2451950e-20
   3.3464951e+04   2.4352197e-20
   3.3464603e+04   2.6469780e-21
   3.3464254e+04   1.7152417e-20
   3.3463905e+04  -8.5232690e-21
   3.3463556e+04  -3.1499038e-20
   3.3463207e+04  -3.3034285e-20
   3.3462859e+04  -5.1669010e-20
   3.3462510e+04  -6.4162746e-20
   3.3462161e+04  -7.6232965e-20
   3.3461812e+04  -6.7762636e-20
   3.3461463e+04  -6.7762636e-20
   3.3461115e+04  -6.6068570e-20
   3.3460766e+04  -4.9127911e-20
   3.3460417e+04  -2.3716923e-20
   3.3460068e+04  -2.2446373e-20
   3.3459719e+04   1.5246593e-20
   3.3459371e+04   3.1128461e-20
   3.3459022e+04   6.4586262e-20
   3.3458673e+04   2.5199230e-20
   3.3458324e+04  -6.3527471e-22
   3.3457975e+04   4.5104504e-20
   3.3457626e+04   4.1134038e-20
   3.3457278e+04   4.0194360e-20
   3.3456929e+04   3.0900159e-20
   3.3456580e+04   2.1158866e-20
   3.3456231e+04   3.8719866e-20
   3.3455882e+04   1.2334003e-20
   3.3455534e+04   4.5667936e-20
   3.3455185e+04   5.4425409e-20
   3.3454836e+04   3.4712928e-20
   3.3454487e+04   4.5228659e-20
   3.3454138e+04   3.5061416e-20
   3.3453790e+04   1.1262346e-20
   3.3453441e+04  -1.0846477e-20
   3.3453092e+04  -6.2981532e-21
   3.3452743e+04  -2.4908063e-20
   3.3452394e+04  -3.3471036e-20
   3.3452046e+04  -1.4611318e-20
   3.3451697e+04  -1.5670110e-20
   3.3451348e+04  -1.6093626e-20
   3.3450999e+04  -1.3764285e-20
   3.3450650e+04  -3.4304834e-20
   3.3450302e+04  -1.4187802e-20
   3.3449953e+04  -4.1928131e-20
   3.3449604e+04   1.1858461e-20
   3.3449255e+04  -3.8116483e-21
   3.3448906e+04   6.8821427e-21
   3.3448558e+04   8.6820877e-21
   3.3448209e+04   2.3716923e-20
   3.3447860e+04   2.8799120e-20
   3.3447511e+04   4.2351647e-20
   3.3447162e+04   3.4304834e-20
   3.3446814e+04   1.7575934e-20
   3.3446465e+04   2.4484546e-20
   3.3446116e+04   3.0787662e-20
   3.3445767e+04   4.7239768e-20
   3.3445418e+04   4.6247358e-20
   3.3445070e+04   6.2576606e-20
   3.3444721e+04   5.5280297e-20
   3.3444372e+04   6.8294079e-20
   3.3444023e+04   7.3703264e-20
   3.3443674e+04   5.8330044e-20
   3.3443326e+04   5.7961025e-20
   3.3442977e+04   4.6049625e-20
   3.3442628e+04   3.4050511e-20
   3.3442279e+04  -3.1908880e-21
   3.3441930e+04  -7.5770794e-21
   3.3441582e+04  -1.9854917e-20
   3.3441233e+04  -2.5154571e-20
   3.3440884e+04  -1.4835544e-20
   3.3440535e+04  -1.0412486e-20
   3.3440186e+04  -3.5406191e-20
   3.3439838e+04  -2.0038135e-20
   3.3439489e+04  -3.1207358e-20
   3.3439140e+04  -2.4696816e-20
   3.3438791e+04  -2.8691561e-21
   3.3438442e+04  -1.6552405e-20
   3.3438094e+04   1.0888896e-20
   3.3437745e+04   2.8941488e-20
   3.3437396e+04   6.4836308e-20
   3.3437047e+04   5.4210109e-20
   3.3436698e+04   6.7762636e-21
   3.3436350e+04   5.0821977e-20
   3.3436001e+04   3.3881318e-20
   3.3435652e+04   9.3173624e-21
   3.3435303e+04   2.3081648e-20
   3.3434954e+04   1.4452500e-20
   3.3434606e+04   2.8455013e-20
   3.3434257e+04   4.0001627e-20
   3.3433908e+04   4.7068386e-20
   3.3433559e+04   2.6109810e-20
   3.3433210e+04   3.0713952e-20
   3.3432862e+04   2.6940728e-20
   3.3432513e+04   1.2606710e-20
   3.3432164e+04   2.3923520e-20
   3.3431815e+04   3.8124429e-20
   3.3431466e+04   3.6635125e-20
   3.3431118e+04   2.5975668e-20
   3.3430769e+04   1.7521340e-20
   3.3430420e+04   9.2379531e-21
   3.3430071e+04   2.1069945e-20
   3.3429722e+04   3.5787142e-20
   3.3429374e+04   1.4399560e-20
   3.3429025e+04   1.1858461e-20
   3.3428676e+04  -2.0328791e-20
   3.3428327e+04   1.3552527e-20
   3.3427978e+04   1.3552527e-20
   3.3427629e+04  -4.0657581e-20
   3.3427281e+04   2.7105054e-20
   3.3426932e+04  -1.3552527e-20
   3.3426583e+04   4.0657581e-20
   3.3426234e+04   3.3881318e-20
   3.3425885e+04  -4.0657581e-20
   3.3425537e+04  -2.7105054e-20
   3.3425188e+04  -4.0657581e-20
   3.3424839e+04  -4.0657581e-20
   3.3424490e+04  -5.0821977e-20
   3.3424141e+04  -4.5739779e-20
   3.3423793e+04  -1.6940659e-20
   3.3423444e+04  -2.3716923e-20
   3.3423095e+04  -2.0487609e-20
   3.3422746e+04  -5.6380631e-21
   3.3422397e+04   8.8963275e-22
   3.3422049e+04   1.1525243e-20
   3.3421700e+04   1.0421301e-20
   3.3421351e+04   5.6899560e-21
   3.3421002e+04   1.1973156e-20
   3.3420653e+04   1.5293299e-20
   3.3420305e+04   1.1988740e-20
   3.3419956e+04   1.2674861e-20
   3.3419607e+04  -2.3719057e-21
   3.3419258e+04  -1.2921388e-20
   3.3418909e+04   2.6602128e-21
   3.3418561e+04   1.4942191e-20
   3.3418212e+04   5.7174724e-21
   3.3417863e+04  -8.4703295e-21
   3.3417514e+04  -1.2705494e-20
   3.3417165e+04  -1.0164395e-20
   3.3416817e+04   6.7762636e-21
   3.3416468e+04  -3.3881318e-20
   3.3416119e+04  -1.3552527e-20
   3.3415770e+04   0.0000000e+00
   3.3415421e+04  -4.0657581e-20
   3.3415073e+04   1.3552527e-20
   3.3414724e+04  -4.4045713e-20
   3.3414375e+04  -4.7433845e-20
   3.3414026e+04  -4.7433845e-20
   3.3413677e+04  -3.9810549e-20
   3.3413329e+04  -4.8280878e-20
   3.3412980e+04  -6.7021482e-20
   3.3412631e+04  -4.9419079e-20
   3.3412282e+04  -4.8790421e-20
   3.3411933e+04  -4.8554675e-20
   3.3411585e+04  -2.6120257e-20
   3.3411236e+04  -2.5251255e-20
   3.3410887e+04  -7.7519020e-22
   3.3410538e+04   1.3654864e-20
   3.3410189e+04   2.1403005e-20
   3.3409841e+04   1.8934087e-20
   3.3409492e+04   2.9630725e-20
   3.3409143e+04   3.8712598e-20
   3.3408794e+04   2.2069670e-20
   3.3408445e+04   2.1332988e-20
   3.3408097e+04   9.0261948e-21
   3.3407748e+04   3.3881318e-20
   3.3407399e+04   1.6728901e-20
   3.3407050e+04   1.1858461e-20
   3.3406701e+04   3.1340219e-20
   3.3406353e+04   6.7762636e-21
   3.3406004e+04  -1.6940659e-20
   3.3405655e+04  -5.4210109e-20
   3.3405306e+04  -7.4538899e-20
   3.3404957e+04  -1.3552527e-20
   3.3404609e+04  -6.7762636e-20
   3.3404260e+04   1.3552527e-20
   3.3403911e+04  -4.0657581e-20
   3.3403562e+04  -3.7269450e-20
   3.3403213e+04  -2.0328791e-20
   3.3402865e+04  -1.6517142e-20
   3.3402516e+04  -1.2493736e-20
   3.3402167e+04  -4.8969092e-20
   3.3401818e+04  -4.2914130e-20
   3.3401469e+04  -3.2594225e-20
   3.3401121e+04  -4.2652431e-20
   3.3400772e+04  -2.7190106e-20
   3.3400423e+04  -7.9839089e-21
   3.3400074e+04  -5.2231608e-21
   3.3399725e+04  -5.3666697e-22
   3.3399376e+04   2.0495685e-20
   3.3399028e+04   2.0828383e-21
   3.3398679e+04  -1.0807045e-20
   3.3398330e+04   3.6466018e-21
   3.3397981e+04   2.2334285e-20
   3.3397632e+04   7.7066160e-21
   3.3397284e+04  -4.9544826e-21
   3.3396935e+04  -8.0714734e-21
   3.3396586e+04  -3.1064135e-21
   3.3396237e+04  -1.7451446e-20
   3.3395888e+04  -1.0655412e-20
   3.3395540e+04   2.4129041e-20
   3.3395191e+04  -1.1547149e-20
   3.3394842e+04  -2.9521482e-21
   3.3394493e+04  -9.7077555e-21
   3.3394144e+04   1.4204364e-20
   3.3393796e+04   2.8493858e-20
   3.3393447e+04  -3.2961621e-20
   3.3393098e+04   4.6242399e-21
   3.3392749e+04   5.7413372e-21
   3.3392400e+04  -8.8938459e-21
   3.3392052e+04   1.5670110e-20
   3.3391703e+04  -7.6232965e-21
   3.3391354e+04  -1.7364175e-20
   3.3391005e+04  -3.5575384e-20
   3.3390656e+04  -1.9005302e-20
   3.3390308e+04  -2.3624278e-20
   3.3389959e+04  -3.3216265e-20
   3.3389610e+04  -2.8645265e-21
   3.3389261e+04   2.3552966e-20
   3.3388912e+04   2.2382827e-20
   3.3388564e+04   2.6460772e-20
   3.3388215e+04   3.6480864e-20
   3.3387866e+04   2.6780322e-20
   3.3387517e+04   1.3134171e-20
   3.3387168e+04   3.8002657e-20
   3.3386820e+04   2.5621797e-20
   3.3386471e+04   4.0092895e-20
   3.3386122e+04   3.2242673e-20
   3.3385773e+04   1.5974512e-20
   3.3385424e+04   2.8468248e-20
   3.3385076e+04  -3.1763736e-22
   3.3384727e+04   1.7575934e-20
   3.3384378e+04   2.1599340e-20
   3.3384029e+04   1.2917252e-20
   3.3383680e+04   2.2869890e-20
   3.3383332e+04   7.1997801e-21
   3.3382983e+04   9.1056042e-21
   3.3382634e+04   1.2281978e-20
   3.3382285e+04  -1.5246593e-20
   3.3381936e+04  -3.7057691e-21
   3.3381588e+04   9.7408789e-21
