   3.3738412e+04   2.0328791e-20
   3.3738064e+04  -6.7762636e-21
   3.3737715e+04  -3.5575384e-20
   3.3737366e+04  -5.9292306e-21
   3.3737017e+04   1.5246593e-20
   3.3736668e+04  -1.6940659e-21
   3.3736320e+04  -1.5246593e-20
   3.3735971e+04   4.2351647e-22
   3.3735622e+04   2.1811098e-20
   3.3735273e+04   2.9646153e-20
   3.3734924e+04   2.2658131e-20
   3.3734576e+04   3.0704944e-20
   3.3734227e+04   3.2187252e-20
   3.3733878e+04   1.0058516e-20
   3.3733529e+04   2.0011153e-20
   3.3733180e+04   1.4770137e-20
   3.3732832e+04   2.3293406e-21
   3.3732483e+04   1.4558379e-20
   3.3732134e+04   1.1117307e-20
   3.3731785e+04  -9.1056042e-21
   3.3731436e+04  -1.8105329e-20
   3.3731088e+04  -5.1880768e-21
   3.3730739e+04  -9.7408789e-21
   3.3730390e+04  -1.8634725e-20
   3.3730041e+04  -1.9481758e-20
   3.3729692e+04   3.3881318e-21
   3.3729344e+04   1.5246593e-20
   3.3728995e+04  -1.7787692e-20
   3.3728646e+04   4.4045713e-20
   3.3728297e+04   1.8634725e-20
   3.3727948e+04  -1.1858461e-20
   3.3727600e+04   1.0164395e-20
   3.3727251e+04   2.1175824e-21
   3.3726902e+04  -3.4728351e-20
   3.3726553e+04   4.6586812e-21
   3.3726204e+04   1.2705494e-21
   3.3725856e+04   2.0752307e-20
   3.3725507e+04   2.6840357e-20
   3.3725158e+04  -4.9895535e-21
   3.3724809e+04   1.4490550e-20
   3.3724460e+04   3.1237442e-20
   3.3724112e+04   2.2245767e-20
   3.3723763e+04   3.0087811e-20
   3.3723414e+04   2.8000564e-20
   3.3723065e+04   1.1006835e-20
   3.3722716e+04   3.7945643e-21
   3.3722368e+04   3.3209472e-20
   3.3722019e+04   1.3853848e-20
   3.3721670e+04   9.1213087e-21
   3.3721321e+04   1.4056838e-20
   3.3720972e+04   3.3748969e-21
   3.3720624e+04  -9.1089129e-21
   3.3720275e+04  -1.5696579e-20
   3.3719926e+04  -1.5352472e-20
   3.3719577e+04  -9.5291207e-21
   3.3719228e+04  -8.4703295e-21
   3.3718879e+04   1.0376154e-20
   3.3718531e+04   1.0164395e-20
   3.3718182e+04   8.0468130e-21
   3.3717833e+04  -4.6798570e-20
   3.3717484e+04   7.5597691e-20
   3.3717135e+04   2.3928681e-20
   3.3716787e+04  -4.2034010e-20
   3.3716438e+04   7.6444723e-20
   3.3716089e+04   1.6940659e-21
   3.3715740e+04  -8.4703295e-22
   3.3715391e+04   2.9646153e-21
   3.3715043e+04  -8.4703295e-22
   3.3714694e+04   8.3115108e-21
   3.3714345e+04   3.1042434e-20
   3.3713996e+04   7.4777127e-21
   3.3713647e+04   1.9409092e-20
   3.3713299e+04   2.8399469e-20
   3.3712950e+04   5.6209436e-21
   3.3712601e+04   1.2367109e-20
   3.3712252e+04   1.4430728e-20
   3.3711903e+04   1.0976166e-20
   3.3711555e+04   4.9109577e-21
   3.3711206e+04   4.6265355e-21
   3.3710857e+04   3.9165037e-21
   3.3710508e+04   5.2337591e-21
   3.3710159e+04   1.4652325e-20
   3.3709811e+04   5.5425809e-21
   3.3709462e+04   4.4080090e-21
   3.3709113e+04  -8.5673930e-21
   3.3708764e+04  -1.1770213e-20
   3.3708415e+04  -2.7952087e-20
   3.3708067e+04  -2.0449184e-21
   3.3707718e+04  -1.3438367e-20
   3.3707369e+04   9.9588707e-21
   3.3707020e+04  -1.4364298e-20
   3.3706671e+04  -3.7800893e-20
   3.3706323e+04   4.2046385e-20
   3.3705974e+04   1.3027868e-21
   3.3705625e+04  -5.2195980e-20
   3.3705276e+04   3.2948116e-21
   3.3704927e+04  -5.4210109e-20
   3.3704579e+04  -2.0328791e-20
   3.3704230e+04  -3.3881318e-21
   3.3703881e+04  -3.7269450e-20
   3.3703532e+04  -8.4703295e-22
   3.3703183e+04   2.2552252e-20
   3.3702835e+04   1.0905549e-20
   3.3702486e+04   2.9288811e-20
   3.3702137e+04   2.1556534e-20
   3.3701788e+04   7.2574762e-21
   3.3701439e+04   1.6837436e-20
   3.3701091e+04   1.4241983e-20
   3.3700742e+04   1.7382421e-20
   3.3700393e+04   1.2176335e-20
   3.3700044e+04   1.3158168e-20
   3.3699695e+04   1.7185152e-20
   3.3699347e+04   1.6829606e-20
   3.3698998e+04   5.1439115e-21
   3.3698649e+04  -3.6247054e-21
   3.3698300e+04   5.8994521e-21
   3.3697951e+04  -1.4161332e-20
   3.3697603e+04   6.3527471e-22
   3.3697254e+04  -1.3129011e-20
   3.3696905e+04   1.0164395e-20
   3.3696556e+04  -1.6940659e-20
   3.3696207e+04  -3.3881318e-20
   3.3695859e+04  -5.4210109e-20
   3.3695510e+04  -1.3552527e-20
   3.3695161e+04   4.7433845e-20
   3.3694812e+04  -3.3881318e-20
   3.3694463e+04  -2.7105054e-20
   3.3694115e+04  -4.0657581e-20
   3.3693766e+04   0.0000000e+00
   3.3693417e+04   1.3552527e-20
   3.3693068e+04   6.7762636e-20
   3.3692719e+04   4.0657581e-20
   3.3692371e+04   1.3552527e-20
   3.3692022e+04   3.2187252e-20
   3.3691673e+04   1.1011428e-20
   3.3691324e+04   2.3293406e-20
   3.3690975e+04   2.5252170e-20
   3.3690626e+04   8.6026784e-21
   3.3690278e+04   8.2517470e-21
   3.3689929e+04   5.7224646e-21
   3.3689580e+04   7.0964893e-21
   3.3689231e+04  -1.4036172e-20
   3.3688882e+04  -4.8266262e-21
   3.3688534e+04  -1.2221390e-20
   3.3688185e+04  -2.9566430e-21
   3.3687836e+04  -1.1571277e-20
   3.3687487e+04  -1.3842924e-20
   3.3687138e+04  -1.5654820e-20
   3.3686790e+04  -1.8516438e-20
   3.3686441e+04  -2.6125672e-20
   3.3686092e+04  -1.2705494e-20
   3.3685743e+04  -8.8938459e-21
   3.3685394e+04  -5.9292306e-21
   3.3685046e+04  -1.0164395e-20
   3.3684697e+04   1.0164395e-20
   3.3684348e+04   1.3552527e-20
   3.3683999e+04   2.7105054e-20
   3.3683650e+04  -6.7762636e-20
   3.3683302e+04   1.3552527e-20
   3.3682953e+04   2.7105054e-20
   3.3682604e+04   0.0000000e+00
   3.3682255e+04  -3.3881318e-20
   3.3681906e+04   0.0000000e+00
   3.3681558e+04   0.0000000e+00
   3.3681209e+04  -1.1858461e-20
   3.3680860e+04   1.1011428e-20
   3.3680511e+04   4.4469230e-21
   3.3680162e+04   2.5424223e-20
   3.3679814e+04  -2.5708773e-21
   3.3679465e+04   1.4600166e-20
   3.3679116e+04  -1.7805833e-20
   3.3678767e+04  -9.3658392e-21
   3.3678418e+04  -3.1335625e-20
   3.3678070e+04  -3.2805443e-20
   3.3677721e+04  -9.4925496e-21
   3.3677372e+04  -1.6289068e-20
   3.3677023e+04  -2.2746285e-22
   3.3676674e+04  -1.3527442e-20
   3.3676326e+04  -1.3539292e-20
   3.3675977e+04  -5.2939559e-21
   3.3675628e+04  -1.2705494e-21
   3.3675279e+04   1.0376154e-20
   3.3674930e+04  -1.2705494e-20
   3.3674582e+04  -8.4703295e-21
   3.3674233e+04   6.7762636e-21
   3.3673884e+04   6.7762636e-21
   3.3673535e+04   0.0000000e+00
   3.3673186e+04   1.3552527e-20
   3.3672838e+04   1.3552527e-20
   3.3672489e+04  -1.3552527e-20
   3.3672140e+04   1.3552527e-20
   3.3671791e+04  -4.7433845e-20
   3.3671442e+04  -1.6940659e-20
   3.3671094e+04   1.6940659e-21
   3.3670745e+04  -1.6940659e-21
   3.3670396e+04  -2.0328791e-20
   3.3670047e+04  -7.7291756e-21
   3.3669698e+04   8.0865177e-21
   3.3669350e+04  -1.2376276e-20
   3.3669001e+04  -2.1969659e-21
   3.3668652e+04  -6.0907538e-21
   3.3668303e+04   2.0320560e-20
   3.3667954e+04  -9.5349184e-21
   3.3667606e+04  -7.8354122e-23
   3.3667257e+04   7.8583883e-21
   3.3666908e+04   5.4060291e-21
   3.3666559e+04   8.4079877e-21
   3.3666210e+04  -2.5983850e-21
   3.3665862e+04   7.0538100e-21
   3.3665513e+04  -1.2834520e-20
   3.3665164e+04  -8.5500127e-21
   3.3664815e+04  -1.9898835e-21
   3.3664466e+04   2.0530081e-21
   3.3664118e+04   2.3092277e-20
   3.3663769e+04   1.0570192e-20
   3.3663420e+04  -1.2281674e-20
   3.3663071e+04  -6.2207409e-21
   3.3662722e+04  -2.7008190e-20
   3.3662374e+04   8.5381703e-22
   3.3662025e+04   3.1843792e-21
   3.3661676e+04  -2.2921530e-20
   3.3661327e+04  -3.6820113e-20
   3.3660978e+04   1.1081759e-20
   3.3660629e+04   2.1111349e-20
   3.3660281e+04  -1.2281978e-20
   3.3659932e+04   4.8704394e-21
   3.3659583e+04   2.3293406e-21
   3.3659234e+04  -2.3716923e-20
   3.3658885e+04  -1.2281978e-20
   3.3658537e+04   6.8821427e-22
   3.3658188e+04  -1.8647960e-20
   3.3657839e+04   2.3673909e-21
   3.3657490e+04  -1.4436163e-20
   3.3657141e+04   1.3918347e-20
   3.3656793e+04  -1.5908433e-21
   3.3656444e+04   3.9692252e-21
   3.3656095e+04  -1.2887954e-21
   3.3655746e+04  -1.2176335e-20
   3.3655397e+04   9.9234794e-21
   3.3655049e+04  -1.6209213e-21
   3.3654700e+04   4.7697346e-21
   3.3654351e+04   1.1902626e-20
   3.3654002e+04   9.3419710e-21
   3.3653653e+04   6.8060421e-21
   3.3653305e+04  -2.3822802e-22
   3.3652956e+04   1.2070219e-20
   3.3652607e+04  -6.7762636e-21
   3.3652258e+04  -8.4703295e-21
   3.3651909e+04  -1.0587912e-21
   3.3651561e+04  -1.5881868e-20
   3.3651212e+04  -7.4115383e-21
   3.3650863e+04   3.3669560e-20
   3.3650514e+04   6.3527471e-22
   3.3650165e+04  -4.0234065e-21
   3.3649817e+04   2.6469780e-21
   3.3649468e+04  -1.6305384e-20
   3.3649119e+04  -3.3881318e-21
   3.3648770e+04   2.7105054e-20
   3.3648421e+04  -1.0164395e-20
   3.3648073e+04   3.3881318e-21
   3.3647724e+04  -8.4703295e-21
   3.3647375e+04   2.5410988e-20
   3.3647026e+04  -3.3881318e-21
   3.3646677e+04  -1.5670110e-20
   3.3646329e+04  -1.2070219e-20
   3.3645980e+04  -5.0821977e-21
   3.3645631e+04   1.5881868e-20
   3.3645282e+04   1.4611318e-20
   3.3644933e+04   4.6586812e-21
   3.3644585e+04  -3.9175274e-21
   3.3644236e+04   3.1446098e-20
   3.3643887e+04   1.9852335e-20
   3.3643538e+04   1.6728901e-20
   3.3643189e+04   3.3193104e-20
   3.3642841e+04   2.6363900e-20
   3.3642492e+04   1.9693516e-20
   3.3642143e+04   1.8317087e-20
   3.3641794e+04  -3.4940109e-21
   3.3641445e+04   4.2351647e-22
   3.3641097e+04  -2.0328791e-20
   3.3640748e+04   5.9292306e-21
   3.3640399e+04   1.6940659e-21
   3.3640050e+04   5.0821977e-21
   3.3639701e+04  -1.3552527e-20
   3.3639353e+04   1.3552527e-20
   3.3639004e+04  -1.6940659e-21
   3.3638655e+04   5.2516043e-20
   3.3638306e+04  -1.3552527e-20
   3.3637957e+04   2.4140439e-20
   3.3637609e+04  -3.1763736e-21
   3.3637260e+04   1.2917252e-20
   3.3636911e+04  -8.4703295e-21
   3.3636562e+04  -1.8634725e-20
   3.3636213e+04  -1.1487884e-20
   3.3635865e+04   3.2690178e-21
   3.3635516e+04   9.0989867e-23
   3.3635167e+04  -1.5296431e-20
   3.3634818e+04  -3.3769799e-21
   3.3634469e+04   1.4417701e-20
   3.3634121e+04   4.7071580e-21
   3.3633772e+04   5.0776040e-21
   3.3633423e+04  -6.5815893e-21
   3.3633074e+04   2.0292220e-20
   3.3632725e+04   2.4653518e-20
   3.3632376e+04   9.5448252e-21
   3.3632028e+04   2.9726947e-20
   3.3631679e+04   3.0691709e-20
   3.3631330e+04   2.4348889e-20
   3.3630981e+04   4.6322114e-21
   3.3630632e+04  -6.2468680e-21
   3.3630284e+04   3.3881318e-21
   3.3629935e+04  -2.3716923e-20
   3.3629586e+04  -5.7174724e-21
   3.3629237e+04   6.3527471e-22
   3.3628888e+04  -1.2917252e-20
   3.3628540e+04  -3.8751757e-20
   3.3628191e+04  -4.1292856e-20
   3.3627842e+04  -4.8492636e-20
   3.3627493e+04   2.0646428e-20
   3.3627144e+04  -1.0799670e-20
   3.3626796e+04   2.0328791e-20
   3.3626447e+04  -3.3881318e-21
   3.3626098e+04   6.7762636e-21
   3.3625749e+04  -2.5410988e-21
   3.3625400e+04  -1.3446648e-20
   3.3625052e+04   3.6792994e-21
   3.3624703e+04   1.8780309e-20
   3.3624354e+04   1.5319256e-20
   3.3624005e+04   1.4375695e-20
   3.3623656e+04   1.6401913e-20
   3.3623308e+04   3.5913769e-20
   3.3622959e+04   2.0721139e-20
   3.3622610e+04   2.4599218e-20
   3.3622261e+04   3.1299701e-20
   3.3621912e+04   2.6078409e-20
   3.3621564e+04   1.2918276e-20
   3.3621215e+04   9.1658010e-21
   3.3620866e+04   2.2934762e-20
   3.3620517e+04   2.2621265e-20
   3.3620168e+04   1.2532650e-20
   3.3619820e+04  -1.5784804e-20
   3.3619471e+04  -7.4997862e-21
   3.3619122e+04  -5.5057142e-21
   3.3618773e+04  -2.8024751e-20
   3.3618424e+04  -1.1972621e-20
   3.3618076e+04   4.0171729e-21
   3.3617727e+04  -2.2058119e-20
   3.3617378e+04  -1.3868117e-20
   3.3617029e+04  -2.1717595e-20
   3.3616680e+04  -3.4203692e-21
   3.3616332e+04   2.5937959e-20
   3.3615983e+04  -1.3882723e-20
   3.3615634e+04   0.0000000e+00
   3.3615285e+04   1.3552527e-20
   3.3614936e+04  -6.7762636e-21
   3.3614588e+04  -6.7762636e-21
   3.3614239e+04  -2.0328791e-20
   3.3613890e+04  -1.5246593e-20
   3.3613541e+04  -2.7528571e-21
   3.3613192e+04  -1.7086243e-20
   3.3612844e+04  -5.1252111e-21
   3.3612495e+04  -3.9657102e-21
   3.3612146e+04   5.4024915e-21
   3.3611797e+04   5.7716537e-21
   3.3611448e+04   2.5852751e-20
   3.3611100e+04   4.5530383e-21
   3.3610751e+04   1.6122784e-20
   3.3610402e+04   7.8677893e-21
   3.3610053e+04  -3.0756688e-21
   3.3609704e+04   5.1439131e-21
   3.3609356e+04   1.7974635e-20
   3.3609007e+04   3.9704669e-22
   3.3608658e+04  -1.1646703e-20
   3.3608309e+04  -6.3527471e-21
   3.3607960e+04  -1.1858461e-20
   3.3607612e+04  -3.3881318e-20
   3.3607263e+04  -2.0328791e-20
   3.3606914e+04  -1.3552527e-20
   3.3606565e+04   0.0000000e+00
   3.3606216e+04  -2.7105054e-20
   3.3605868e+04  -2.7105054e-20
   3.3605519e+04   0.0000000e+00
   3.3605170e+04   2.7105054e-20
   3.3604821e+04  -4.0657581e-20
   3.3604472e+04   0.0000000e+00
   3.3604124e+04   0.0000000e+00
   3.3603775e+04   0.0000000e+00
   3.3603426e+04   0.0000000e+00
   3.3603077e+04  -2.0328791e-20
   3.3602728e+04   1.3552527e-20
   3.3602379e+04   1.5246593e-20
   3.3602031e+04   3.8116483e-21
   3.3601682e+04   1.4505439e-20
   3.3601333e+04   1.1143777e-20
   3.3600984e+04   8.2370645e-21
   3.3600635e+04   1.4281748e-20
   3.3600287e+04   7.6809116e-21
   3.3599938e+04   1.4021726e-20
   3.3599589e+04   2.7987884e-20
   3.3599240e+04   1.6524400e-20
   3.3598891e+04   2.1674586e-20
   3.3598543e+04   3.1029304e-20
   3.3598194e+04   1.6610554e-20
   3.3597845e+04  -1.0962625e-20
   3.3597496e+04  -2.7727094e-21
   3.3597147e+04  -1.2784904e-20
   3.3596799e+04  -2.1599340e-20
   3.3596450e+04  -3.3881318e-20
   3.3596101e+04  -2.2022857e-20
   3.3595752e+04  -2.7105054e-20
   3.3595403e+04  -2.0328791e-20
   3.3595055e+04  -5.4210109e-20
   3.3594706e+04  -2.7105054e-20
   3.3594357e+04  -2.7105054e-20
   3.3594008e+04   0.0000000e+00
   3.3593659e+04  -5.4210109e-20
   3.3593311e+04  -6.7762636e-20
   3.3592962e+04  -1.3552527e-20
   3.3592613e+04  -3.3881318e-21
   3.3592264e+04   1.6940659e-21
   3.3591915e+04  -2.7952087e-20
   3.3591567e+04   2.0011153e-20
   3.3591218e+04   1.2705494e-21
   3.3590869e+04   7.4247732e-21
   3.3590520e+04  -6.3823188e-21
   3.3590171e+04  -4.6698331e-21
   3.3589823e+04  -6.3708882e-21
   3.3589474e+04  -4.2836415e-21
   3.3589125e+04   1.2710088e-20
   3.3588776e+04   7.0051058e-21
   3.3588427e+04   3.0741515e-20
   3.3588079e+04   2.6909613e-20
   3.3587730e+04   2.1371877e-20
   3.3587381e+04   3.0518271e-20
   3.3587032e+04   1.3142246e-20
   3.3586683e+04   9.5324294e-21
   3.3586335e+04   2.9910851e-21
   3.3585986e+04  -1.3340769e-20
   3.3585637e+04  -1.6517142e-20
   3.3585288e+04  -3.2187252e-20
   3.3584939e+04   1.3552527e-20
   3.3584591e+04  -3.3881318e-20
   3.3584242e+04  -6.7762636e-21
   3.3583893e+04  -6.7762636e-20
   3.3583544e+04   4.0657581e-20
   3.3583195e+04  -4.0657581e-20
   3.3582847e+04   5.4210109e-20
   3.3582498e+04   0.0000000e+00
   3.3582149e+04   5.0821977e-21
   3.3581800e+04   1.7787692e-20
   3.3581451e+04   3.1763736e-20
   3.3581103e+04   4.0657581e-20
   3.3580754e+04  -9.2114833e-21
   3.3580405e+04   2.3247084e-20
   3.3580056e+04   3.0589139e-21
   3.3579707e+04  -2.0381956e-21
   3.3579359e+04   9.9024021e-21
   3.3579010e+04  -3.3799014e-21
   3.3578661e+04   1.8005248e-20
   3.3578312e+04   4.7370353e-21
   3.3577963e+04   1.3317435e-20
   3.3577615e+04   2.4875399e-20
   3.3577266e+04   3.5002451e-20
   3.3576917e+04   2.2821297e-20
   3.3576568e+04   2.5133442e-20
   3.3576219e+04   1.8234355e-20
   3.3575871e+04   1.9773199e-20
   3.3575522e+04   3.5024168e-20
   3.3575173e+04   3.5428200e-20
   3.3574824e+04   1.1847832e-20
   3.3574475e+04   2.9663873e-20
   3.3574126e+04   3.2186948e-20
   3.3573778e+04   3.7560960e-20
   3.3573429e+04   1.4726212e-20
   3.3573080e+04   7.1143983e-20
   3.3572731e+04   1.2909247e-20
   3.3572382e+04   6.0190980e-20
   3.3572034e+04  -2.5669192e-21
   3.3571685e+04   5.5833844e-20
   3.3571336e+04  -2.9001405e-21
   3.3570987e+04   8.8938459e-21
   3.3570638e+04  -1.7787692e-20
   3.3570290e+04  -2.1175824e-21
   3.3569941e+04  -3.1763736e-20
   3.3569592e+04  -2.6258021e-20
   3.3569243e+04  -9.6879393e-21
   3.3568894e+04  -2.0553784e-20
   3.3568546e+04  -2.5584696e-20
   3.3568197e+04  -3.1853278e-20
   3.3567848e+04  -3.8385937e-20
   3.3567499e+04   2.2208050e-21
   3.3567150e+04  -2.3835220e-21
   3.3566802e+04   1.1416699e-20
   3.3566453e+04   3.9280917e-20
   3.3566104e+04   4.1475457e-20
   3.3565755e+04   4.9836330e-20
   3.3565406e+04   5.0085997e-20
   3.3565058e+04   4.7901526e-20
   3.3564709e+04   2.9459004e-20
   3.3564360e+04   3.6875712e-20
   3.3564011e+04   4.2960452e-20
   3.3563662e+04  -5.0821977e-21
   3.3563314e+04   2.0964065e-20
   3.3562965e+04   3.1340219e-20
   3.3562616e+04   2.5622747e-20
   3.3562267e+04   2.9646153e-20
   3.3561918e+04   3.1763736e-20
   3.3561570e+04  -6.1409889e-21
   3.3561221e+04  -1.9270000e-20
   3.3560872e+04  -1.1646703e-20
   3.3560523e+04   2.9328516e-20
   3.3560174e+04  -3.3669560e-20
   3.3559826e+04  -3.3881318e-20
   3.3559477e+04  -2.7105054e-20
   3.3559128e+04  -1.1858461e-20
   3.3558779e+04   5.9292306e-21
   3.3558430e+04  -1.6940659e-21
   3.3558082e+04  -1.8634725e-20
   3.3557733e+04  -3.2187252e-20
   3.3557384e+04  -3.5151867e-20
   3.3557035e+04  -4.0869340e-20
   3.3556686e+04  -3.6422417e-20
   3.3556338e+04  -9.5291207e-21
   3.3555989e+04  -6.5645053e-21
   3.3555640e+04  -3.3881318e-21
   3.3555291e+04   2.1916978e-20
   3.3554942e+04   2.0011153e-20
   3.3554594e+04   2.1546401e-20
   3.3554245e+04   1.4187802e-20
   3.3553896e+04   1.7946511e-20
   3.3553547e+04   1.7893571e-20
   3.3553198e+04   2.6469780e-20
   3.3552850e+04   3.4410713e-20
   3.3552501e+04  -2.7210933e-20
   3.3552152e+04   1.3976044e-20
   3.3551803e+04   1.8634725e-20
   3.3551454e+04   7.6232965e-21
   3.3551106e+04   1.0164395e-20
   3.3550757e+04   2.5410988e-20
   3.3550408e+04  -2.9646153e-20
   3.3550059e+04  -1.6940659e-20
   3.3549710e+04   5.0821977e-21
   3.3549362e+04   2.8799120e-20
   3.3549013e+04   1.0164395e-20
   3.3548664e+04   4.6586812e-21
   3.3548315e+04   1.1011428e-20
   3.3547966e+04   4.2351647e-22
   3.3547618e+04   2.9646153e-21
   3.3547269e+04  -2.3293406e-20
   3.3546920e+04  -2.1440521e-20
   3.3546571e+04  -4.9895535e-21
   3.3546222e+04  -1.8543735e-20
   3.3545874e+04  -1.8737502e-20
   3.3545525e+04   1.0699431e-21
   3.3545176e+04   2.5852646e-20
   3.3544827e+04   2.5895756e-21
   3.3544478e+04  -8.5162664e-22
   3.3544129e+04   2.9475313e-21
   3.3543781e+04   5.6809013e-21
   3.3543432e+04   3.0132090e-22
   3.3543083e+04  -1.5442647e-20
   3.3542734e+04  -7.9660187e-21
   3.3542385e+04  -8.0600479e-21
   3.3542037e+04  -2.2661440e-20
   3.3541688e+04   5.4792444e-21
   3.3541339e+04  -4.4998625e-20
   3.3540990e+04  -9.1056042e-21
   3.3540641e+04  -1.9481758e-20
   3.3540293e+04  -2.3928681e-20
   3.3539944e+04  -8.4703295e-22
   3.3539595e+04  -1.3129011e-20
   3.3539246e+04   6.1409889e-21
   3.3538897e+04   1.9270000e-20
   3.3538549e+04   3.3669560e-20
   3.3538200e+04   4.3939834e-20
   3.3537851e+04   7.9409339e-20
   3.3537502e+04   4.2351647e-20
   3.3537153e+04   6.6915603e-20
   3.3536805e+04   4.3622197e-20
   3.3536456e+04   3.9810549e-20
   3.3536107e+04   8.3115108e-21
   3.3535758e+04   1.7489907e-20
   3.3535409e+04   1.7642108e-20
   3.3535061e+04   5.8565648e-21
   3.3534712e+04   4.6825461e-21
   3.3534363e+04  -1.1553199e-21
   3.3534014e+04  -4.5735501e-21
   3.3533665e+04  -2.6226853e-20
   3.3533317e+04  -2.6293284e-20
   3.3532968e+04  -1.2029701e-20
   3.3532619e+04  -2.9254782e-20
   3.3532270e+04   2.2224378e-21
   3.3531921e+04   2.7256616e-20
   3.3531573e+04   1.2958260e-20
   3.3531224e+04   3.8485150e-21
   3.3530875e+04  -1.2532650e-20
   3.3530526e+04   2.7007991e-20
   3.3530177e+04  -4.0569334e-20
   3.3529829e+04   2.2869890e-20
   3.3529480e+04  -5.2866895e-20
   3.3529131e+04   3.5689544e-20
   3.3528782e+04  -4.5945304e-20
   3.3528433e+04   6.6950865e-20
   3.3528085e+04  -5.1353420e-20
   3.3527736e+04   1.5046660e-19
   3.3527387e+04  -1.1982292e-19
   3.3527038e+04   2.2563083e-19
   3.3526689e+04  -2.1778079e-19
   3.3526341e+04   4.3368087e-19
   3.3525992e+04  -6.0986372e-19
   3.3525643e+04   9.1140745e-19
   3.3525294e+04  -1.4060747e-18
   3.3524945e+04   2.1540048e-18
   3.3524597e+04  -3.4943285e-18
   3.3524248e+04   5.6928026e-18
   3.3523899e+04  -9.6336631e-18
   3.3523550e+04   1.6877512e-17
   3.3523201e+04  -3.0828130e-17
   3.3522853e+04   5.9139737e-17
   3.3522504e+04  -1.1991715e-16
   3.3522155e+04   2.5947543e-16
   3.3521806e+04  -6.0670567e-16
   3.3521457e+04   1.5560356e-15
   3.3521109e+04  -4.4651932e-15
   3.3520760e+04   1.4713734e-14
   3.3520411e+04  -5.7696606e-14
   3.3520062e+04   2.8374659e-13
   3.3519713e+04  -1.9089640e-12
   3.3519365e+04   2.0995641e-11
   3.3519016e+04  -7.1578480e-10
   3.3518667e+04  -3.3286837e-08
   3.3518318e+04  -3.7022417e-07
   3.3517969e+04  -2.2505479e-06
   3.3517621e+04  -9.2276218e-06
   3.3517272e+04  -2.8162336e-05
   3.3516923e+04  -6.7721679e-05
   3.3516574e+04  -1.3304969e-04
   3.3516225e+04  -2.1877718e-04
   3.3515876e+04  -3.0594957e-04
   3.3515528e+04  -3.6755706e-04
   3.3515179e+04  -3.8133906e-04
   3.3514830e+04  -3.4202595e-04
   3.3514481e+04  -2.6438121e-04
   3.3514132e+04  -1.7480679e-04
   3.3513784e+04  -9.7606834e-05
   3.3513435e+04  -4.5129022e-05
   3.3513086e+04  -1.6776759e-05
   3.3512737e+04  -4.7943873e-06
   3.3512388e+04  -9.7877267e-07
   3.3512040e+04  -1.2434240e-07
   3.3511691e+04  -6.8636201e-09
   3.3511342e+04   5.7340418e-11
   3.3510993e+04  -6.4944433e-12
   3.3510644e+04   1.1078335e-12
   3.3510296e+04  -2.5427011e-13
   3.3509947e+04   7.7825915e-14
   3.3509598e+04  -1.9938897e-14
   3.3509249e+04  -2.9695396e-13
   3.3508900e+04   6.0941927e-12
   3.3508552e+04  -2.4772299e-10
   3.3508203e+04  -2.1109654e-08
   3.3507854e+04  -2.6766933e-07
   3.3507505e+04  -1.7536406e-06
   3.3507156e+04  -7.5808695e-06
   3.3506808e+04  -2.4110592e-05
   3.3506459e+04  -5.9990000e-05
   3.3506110e+04  -1.2138023e-04
   3.3505761e+04  -2.0490873e-04
   3.3505412e+04  -2.9359130e-04
   3.3505064e+04  -3.6093003e-04
   3.3504715e+04  -3.8298773e-04
   3.3504366e+04  -3.5136158e-04
   3.3504017e+04  -2.7801904e-04
   3.3503668e+04  -1.8844913e-04
   3.3503320e+04  -1.0812864e-04
   3.3502971e+04  -5.1558197e-05
   3.3502622e+04  -1.9872951e-05
   3.3502273e+04  -5.9377499e-06
   3.3501924e+04  -1.2854477e-06
   3.3501576e+04  -1.7822549e-07
   3.3501227e+04  -1.1745375e-08
   3.3500878e+04  -6.3573866e-12
   3.3500529e+04  -3.6839849e-12
   3.3500180e+04   8.0468882e-13
   3.3499832e+04  -2.1316478e-13
   3.3499483e+04   1.0770815e-13
   3.3499134e+04  -1.9334621e-13
   3.3498785e+04   6.8702286e-13
   3.3498436e+04  -2.6477749e-12
   3.3498088e+04  -2.9822374e-11
   3.3497739e+04  -1.2958116e-08
   3.3497390e+04  -1.9064607e-07
   3.3497041e+04  -1.3532068e-06
   3.3496692e+04  -6.1829513e-06
   3.3496344e+04  -2.0521773e-05
   3.3495995e+04  -5.2880150e-05
   3.3495646e+04  -1.1025740e-04
   3.3495297e+04  -1.9117027e-04
   3.3494948e+04  -2.8070489e-04
   3.3494600e+04  -3.5317994e-04
   3.3494251e+04  -3.8331022e-04
   3.3493902e+04  -3.5968007e-04
   3.3493553e+04  -2.9128318e-04
   3.3493204e+04  -2.0235053e-04
   3.3492856e+04  -1.1925759e-04
   3.3492507e+04  -5.8605881e-05
   3.3492158e+04  -2.3398674e-05
   3.3491809e+04  -7.2980232e-06
   3.3491460e+04  -1.6707417e-06
   3.3491112e+04  -2.5124244e-07
   3.3490763e+04  -1.9287155e-08
   3.3490414e+04  -1.9095953e-10
   3.3490065e+04   3.9615987e-12
   3.3489716e+04  -6.7401281e-14
   3.3489368e+04  -4.0034249e-14
   3.3489019e+04   1.8804204e-14
   3.3488670e+04  -7.4771111e-15
   3.3488321e+04   3.0330203e-15
   3.3487972e+04  -1.2964653e-15
   3.3487624e+04   5.8667106e-16
   3.3487275e+04  -2.8024989e-16
   3.3486926e+04   1.4048452e-16
   3.3486577e+04  -7.3864741e-17
   3.3486228e+04   4.0066904e-17
   3.3485879e+04  -2.2887318e-17
   3.3485531e+04   1.3131774e-17
   3.3485182e+04  -8.0862178e-18
   3.3484833e+04   4.7726074e-18
   3.3484484e+04  -3.2054642e-18
   3.3484135e+04   1.9067680e-18
   3.3483787e+04  -1.4136912e-18
   3.3483438e+04   7.9770128e-19
   3.3483089e+04  -6.1245646e-19
   3.3482740e+04   3.8669636e-19
   3.3482391e+04  -2.9554417e-19
   3.3482043e+04   2.8030343e-19
   3.3481694e+04  -6.2256922e-20
   3.3481345e+04   1.9502934e-19
   3.3480996e+04  -4.0234065e-21
   3.3480647e+04   9.0632525e-20
   3.3480299e+04   1.0587912e-20
   3.3479950e+04   4.3463378e-20
   3.3479601e+04   4.6454463e-21
   3.3479252e+04   4.1330906e-20
   3.3478903e+04   3.0033067e-20
   3.3478555e+04   7.8292851e-20
   3.3478206e+04   5.6007397e-20
   3.3477857e+04   7.2578894e-20
   3.3477508e+04   5.6309445e-20
   3.3477159e+04   3.3986961e-20
   3.3476811e+04  -5.3231137e-21
   3.3476462e+04  -1.3902899e-20
   3.3476113e+04  -4.4358176e-20
   3.3475764e+04  -5.3318911e-20
   3.3475415e+04  -4.9950335e-20
   3.3475067e+04  -3.9780770e-20
   3.3474718e+04  -5.0213172e-20
   3.3474369e+04  -1.5458351e-20
   3.3474020e+04  -6.7762636e-21
   3.3473671e+04  -2.4563955e-20
   3.3473323e+04  -9.1056042e-21
   3.3472974e+04  -1.9058241e-21
   3.3472625e+04  -1.1223187e-20
   3.3472276e+04   4.7645603e-20
   3.3471927e+04   2.6469780e-20
   3.3471579e+04   2.7740329e-20
   3.3471230e+04   2.2552252e-20
   3.3470881e+04   6.3739229e-20
   3.3470532e+04   1.6940659e-20
   3.3470183e+04   6.7762636e-21
   3.3469835e+04   3.3881318e-21
   3.3469486e+04  -3.0493186e-20
   3.3469137e+04   8.4703295e-21
   3.3468788e+04  -1.8634725e-20
   3.3468439e+04  -3.3881318e-21
   3.3468091e+04   8.0468130e-21
   3.3467742e+04   3.1763736e-21
   3.3467393e+04   8.4703295e-21
   3.3467044e+04  -4.4469230e-21
   3.3466695e+04  -9.1056042e-21
   3.3466347e+04   1.2705494e-21
   3.3465998e+04  -2.2234615e-21
   3.3465649e+04  -9.2114833e-21
   3.3465300e+04  -4.7645603e-22
   3.3464951e+04  -2.0540549e-20
   3.3464603e+04  -2.4405137e-20
   3.3464254e+04  -1.0905549e-20
   3.3463905e+04  -2.2658131e-20
   3.3463556e+04  -3.5893021e-20
   3.3463207e+04  -2.2128736e-20
   3.3462859e+04  -9.7408789e-21
   3.3462510e+04  -6.7762636e-21
   3.3462161e+04  -3.1340219e-20
   3.3461812e+04  -1.6940659e-21
   3.3461463e+04  -1.8634725e-20
   3.3461115e+04   3.3881318e-20
   3.3460766e+04  -1.3552527e-20
   3.3460417e+04   5.0821977e-21
   3.3460068e+04  -1.5246593e-20
   3.3459719e+04  -6.7762636e-21
   3.3459371e+04   2.3293406e-20
   3.3459022e+04   1.3340769e-20
   3.3458673e+04   1.9270000e-20
   3.3458324e+04  -8.4703295e-22
   3.3457975e+04   1.2705494e-20
   3.3457626e+04  -5.2939559e-23
   3.3457278e+04   3.6925343e-21
   3.3456929e+04   1.1949451e-20
   3.3456580e+04  -5.5555518e-21
   3.3456231e+04   3.3992837e-21
   3.3455882e+04  -9.2992212e-21
   3.3455534e+04   7.2482568e-21
   3.3455185e+04   1.8630131e-20
   3.3454836e+04   3.8734673e-20
   3.3454487e+04   2.5374417e-20
   3.3454138e+04   2.6771100e-20
   3.3453790e+04   1.1238891e-20
   3.3453441e+04   1.0245190e-20
   3.3453092e+04   1.5445116e-20
   3.3452743e+04   1.3337460e-20
   3.3452394e+04  -6.3792169e-21
   3.3452046e+04   1.4505439e-20
   3.3451697e+04  -3.3881318e-21
   3.3451348e+04  -8.4703295e-22
   3.3450999e+04  -1.1223187e-20
   3.3450650e+04  -3.7057691e-20
   3.3450302e+04  -9.1056042e-21
   3.3449953e+04   3.8751757e-20
   3.3449604e+04  -1.2917252e-20
   3.3449255e+04   3.1551977e-20
   3.3448906e+04   1.0905549e-20
   3.3448558e+04  -9.5291207e-21
   3.3448209e+04   2.3716923e-20
   3.3447860e+04  -5.0821977e-21
   3.3447511e+04   2.2022857e-20
   3.3447162e+04   1.7787692e-20
   3.3446814e+04   2.0434670e-20
   3.3446465e+04  -3.0837293e-21
   3.3446116e+04  -3.2425480e-21
   3.3445767e+04   5.1548603e-21
   3.3445418e+04  -7.6471612e-21
   3.3445070e+04   9.6256494e-21
   3.3444721e+04   5.4205831e-21
   3.3444372e+04   3.9355864e-20
   3.3444023e+04   4.1539877e-20
   3.3443674e+04   5.5016623e-20
   3.3443326e+04   3.7936870e-20
   3.3442977e+04   3.1553001e-20
   3.3442628e+04   4.7282284e-20
   3.3442279e+04   1.7852564e-20
   3.3441930e+04   3.1091594e-20
   3.3441582e+04   1.1685617e-20
   3.3441233e+04   1.3861349e-20
   3.3440884e+04  -4.1116544e-21
   3.3440535e+04   4.2351647e-22
   3.3440186e+04  -2.2095521e-20
   3.3439838e+04  -2.8066247e-20
   3.3439489e+04  -2.5628980e-20
   3.3439140e+04  -6.8115260e-21
   3.3438791e+04   1.3784758e-21
   3.3438442e+04  -1.3888040e-21
   3.3438094e+04   4.0625344e-20
   3.3437745e+04   4.1184552e-20
   3.3437396e+04   7.2514637e-20
   3.3437047e+04   2.7105054e-20
   3.3436698e+04  -6.7762636e-21
   3.3436350e+04   4.0657581e-20
   3.3436001e+04   2.7105054e-20
   3.3435652e+04   3.5575384e-20
   3.3435303e+04   1.0164395e-20
   3.3434954e+04  -6.2468680e-21
   3.3434606e+04   2.3571339e-20
   3.3434257e+04   1.1815448e-20
   3.3433908e+04   2.9915608e-20
   3.3433559e+04   2.4037216e-20
   3.3433210e+04   3.9652972e-20
   3.3432862e+04   3.9405278e-20
   3.3432513e+04   5.0292817e-20
   3.3432164e+04   3.3063443e-20
   3.3431815e+04   7.8677893e-21
   3.3431466e+04   3.7581913e-20
   3.3431118e+04   1.7557797e-21
   3.3430769e+04   4.4221076e-21
   3.3430420e+04  -6.3792169e-21
   3.3430071e+04   1.2070219e-20
   3.3429722e+04   4.0234065e-21
   3.3429374e+04  -4.2351647e-21
   3.3429025e+04   5.0821977e-21
   3.3428676e+04   6.7762636e-21
   3.3428327e+04   2.0328791e-20
   3.3427978e+04   2.7105054e-20
   3.3427629e+04   4.0657581e-20
   3.3427281e+04   1.3552527e-20
   3.3426932e+04   1.3552527e-20
   3.3426583e+04   4.0657581e-20
   3.3426234e+04   2.0328791e-20
   3.3425885e+04   2.7105054e-20
   3.3425537e+04   1.3552527e-20
   3.3425188e+04  -1.3552527e-20
   3.3424839e+04   0.0000000e+00
   3.3424490e+04   1.3552527e-20
   3.3424141e+04  -5.0821977e-21
   3.3423793e+04  -2.7952087e-20
   3.3423444e+04  -8.0468130e-21
   3.3423095e+04  -1.3181950e-20
   3.3422746e+04   1.5948042e-20
   3.3422397e+04   4.0447064e-21
   3.3422049e+04   2.0870119e-20
   3.3421700e+04   1.3071396e-20
   3.3421351e+04   2.6000581e-20
   3.3421002e+04   8.2227740e-21
   3.3420653e+04   4.5455449e-21
   3.3420305e+04   6.7010176e-21
   3.3419956e+04  -1.9125466e-21
   3.3419607e+04   2.2359288e-21
   3.3419258e+04   4.6098905e-21
   3.3418909e+04   1.3996723e-20
   3.3418561e+04   1.5961277e-20
   3.3418212e+04   2.4034560e-20
   3.3417863e+04   3.3034285e-20
   3.3417514e+04   5.9292306e-21
   3.3417165e+04   1.6940659e-20
   3.3416817e+04  -3.3881318e-21
   3.3416468e+04   2.7105054e-20
   3.3416119e+04   2.7105054e-20
   3.3415770e+04  -1.3552527e-20
   3.3415421e+04   1.3552527e-20
   3.3415073e+04   0.0000000e+00
   3.3414724e+04  -1.3552527e-20
   3.3414375e+04  -3.3881318e-20
   3.3414026e+04  -2.3716923e-20
   3.3413677e+04  -5.2516043e-20
   3.3413329e+04  -8.4703295e-22
   3.3412980e+04  -2.7422692e-20
   3.3412631e+04  -3.5998900e-20
   3.3412282e+04  -4.0009072e-20
   3.3411933e+04  -3.6875505e-20
   3.3411585e+04  -1.4834228e-20
   3.3411236e+04  -1.6535284e-20
   3.3410887e+04  -2.5895756e-21
   3.3410538e+04  -9.3127687e-21
   3.3410189e+04   1.5475435e-20
   3.3409841e+04   1.0953622e-21
   3.3409492e+04   1.5051151e-20
   3.3409143e+04   1.3748581e-20
   3.3408794e+04   2.3742008e-20
   3.3408445e+04   2.9235872e-20
   3.3408097e+04   1.8849792e-20
   3.3407748e+04   3.6872403e-20
   3.3407399e+04   2.0540549e-20
   3.3407050e+04   2.0752307e-20
   3.3406701e+04   4.2351647e-20
   3.3406353e+04  -1.3552527e-20
   3.3406004e+04  -1.3552527e-20
   3.3405655e+04  -6.7762636e-21
   3.3405306e+04  -4.0657581e-20
   3.3404957e+04  -3.3881318e-20
   3.3404609e+04  -3.3881318e-20
   3.3404260e+04   0.0000000e+00
   3.3403911e+04  -4.0657581e-20
   3.3403562e+04  -8.4703295e-21
   3.3403213e+04  -4.9974944e-20
   3.3402865e+04  -8.8938459e-21
   3.3402516e+04  -6.7762636e-20
   3.3402167e+04  -2.2764010e-20
   3.3401818e+04  -3.0963025e-20
   3.3401469e+04  -4.0986799e-20
   3.3401121e+04  -2.9143250e-20
   3.3400772e+04  -3.4143311e-20
   3.3400423e+04  -1.0156165e-20
   3.3400074e+04  -1.9264202e-20
   3.3399725e+04   1.8289562e-20
   3.3399376e+04   3.1530400e-21
   3.3399028e+04   1.4711003e-20
   3.3398679e+04   1.1211329e-21
   3.3398330e+04   7.5747035e-21
   3.3397981e+04   1.3274981e-20
   3.3397632e+04   9.7640255e-21
   3.3397284e+04   2.4855397e-20
   3.3396935e+04  -2.2452813e-21
   3.3396586e+04   3.2409478e-21
   3.3396237e+04  -1.6951288e-20
   3.3395888e+04  -7.6055762e-21
   3.3395540e+04   8.4700254e-21
   3.3395191e+04  -1.4955083e-20
   3.3394842e+04  -2.7625435e-20
   3.3394493e+04  -3.3949159e-21
   3.3394144e+04  -7.4195439e-21
   3.3393796e+04  -7.9539228e-22
   3.3393447e+04   5.0563773e-21
   3.3393098e+04   1.5176263e-20
   3.3392749e+04  -7.1353052e-21
   3.3392400e+04   1.1434945e-20
   3.3392052e+04  -5.9292306e-21
   3.3391703e+04  -2.6681538e-20
   3.3391354e+04  -2.3293406e-20
   3.3391005e+04  -2.6258021e-20
   3.3390656e+04  -1.0534972e-20
   3.3390308e+04  -3.7494443e-20
   3.3389959e+04  -2.8125795e-20
   3.3389610e+04  -5.1305877e-22
   3.3389261e+04   1.8365270e-20
   3.3388912e+04   1.4926299e-20
   3.3388564e+04   3.6579994e-20
   3.3388215e+04   3.6827687e-20
   3.3387866e+04   3.1657620e-20
   3.3387517e+04   1.0558754e-20
   3.3387168e+04   1.9343144e-20
   3.3386820e+04   3.2298305e-20
   3.3386471e+04   3.2654933e-20
   3.3386122e+04   2.8188454e-20
   3.3385773e+04   2.6711316e-20
   3.3385424e+04   2.3478695e-20
   3.3385076e+04   1.6093626e-20
   3.3384727e+04   2.4775714e-20
   3.3384378e+04   2.0328791e-20
   3.3384029e+04   1.5034835e-20
   3.3383680e+04   1.5246593e-20
   3.3383332e+04   1.3976044e-20
   3.3382983e+04  -7.4115383e-21
   3.3382634e+04   5.7174724e-21
   3.3382285e+04   1.4823077e-21
   3.3381936e+04  -3.3775439e-20
   3.3381588e+04  -4.0869340e-20
