0 3.14159265358979 0 0.02
1.38230076757951 2.85779854438147 0.879645943005142 0.02 
2.76460153515902 2.73887681200913 1.75929188601028 0.02 
4.14690230273853 2.6466585272489 2.63893782901543 0.02 
5.52920307031804 2.5680795491667 3.51858377202057 0.02 
0.628318530717959 2.49809154479651 4.39822971502571 0.02 
2.01061929829747 2.43410944181045 5.27787565803085 0.02 
3.39292006587698 2.37459864572793 6.15752160103599 0.02 
4.77522083345649 2.31855896145482 0.75398223686155 0.02 
6.15752160103599 2.26529459242145 1.63362817986669 0.02 
1.25663706143592 2.21429743558818 2.51327412287183 0.02 
2.63893782901543 2.16518212679596 3.39292006587698 0.02 
4.02123859659494 2.11764727749084 4.27256600888212 0.02 
5.40353936417444 2.07145103919948 5.15221195188726 0.02 
0.502654824574367 2.02639500019072 6.0318578948924 0.02 
1.88495559215388 1.98231317286238 0.628318530717959 0.02 
3.26725635973338 1.93906422023154 1.5079644737231 0.02 
4.64955712731289 1.89652581408953 2.38761041672824 0.02 
6.0318578948924 1.85459043600322 3.26725635973338 0.02 
1.13097335529233 1.81316217783386 4.14690230273853 0.02 
2.51327412287183 1.77215424758523 5.02654824574367 0.02 
3.89557489045134 1.73148697974681 5.90619418874881 0.02 
5.27787565803085 1.69108620918968 0.502654824574367 0.02 
0.376991118430775 1.65088190682856 1.38230076757951 0.02 
1.75929188601028 1.61080700114889 2.26194671058465 0.02 
3.14159265358979 1.5707963267949 3.14159265358979 0.02 
4.5238934211693 1.53078565244091 4.02123859659494 0.02 
5.90619418874881 1.49071074676124 4.90088453960008 0.02 
1.00530964914873 1.45050644440011 5.78053048260522 0.02 
2.38761041672824 1.41010567384299 0.376991118430775 0.02 
3.76991118430775 1.36943840600457 1.25663706143592 0.02 
5.15221195188726 1.32843047575593 2.13628300444106 0.02 
0.251327412287183 1.28700221758657 3.0159289474462 0.02 
1.63362817986669 1.24506683950027 3.89557489045134 0.02 
3.0159289474462 1.20252843335826 4.77522083345649 0.02 
4.39822971502571 1.15927948072741 5.65486677646163 0.02 
5.78053048260522 1.11519765339907 0.251327412287183 0.02 
0.879645943005142 1.07014161439031 1.13097335529233 0.02 
2.26194671058465 1.02394537609895 2.01061929829747 0.02 
3.64424747816416 0.976410526793834 2.89026524130261 0.02 
5.02654824574367 0.927295218001612 3.76991118430775 0.02 
0.125663706143592 0.876298061168341 4.64955712731289 0.02 
1.5079644737231 0.823033692134976 5.52920307031804 0.02 
2.89026524130261 0.766994007861867 0.125663706143592 0.02 
4.27256600888212 0.707483211779343 1.00530964914873 0.02 
5.65486677646163 0.643501108793284 1.88495559215388 0.02 
0.75398223686155 0.573513104423097 2.76460153515902 0.02 
2.13628300444106 0.494934126340896 3.64424747816416 0.02 
3.51858377202057 0.402715841580662 4.5238934211693 0.02 
4.90088453960008 0.283794109208328 5.40353936417444 0.02
