   3.3807047e+04  -2.1879720e-13
   3.3806873e+04  -2.1165014e-13
   3.3806699e+04  -2.4083513e-13
   3.3806525e+04  -2.1860291e-13
   3.3806350e+04  -2.2877533e-13
   3.3806176e+04  -2.3545055e-13
   3.3806002e+04  -2.6090241e-13
   3.3805827e+04  -2.2444546e-13
   3.3805653e+04  -2.1456448e-13
   3.3805479e+04  -2.4749647e-13
   3.3805304e+04  -2.5984770e-13
   3.3805130e+04  -2.2237767e-13
   3.3804956e+04  -2.6159630e-13
   3.3804781e+04  -2.3117619e-13
   3.3804607e+04  -2.5825175e-13
   3.3804433e+04  -2.3278601e-13
   3.3804258e+04  -2.7119973e-13
   3.3804084e+04  -2.5177083e-13
   3.3803910e+04  -2.4232005e-13
   3.3803735e+04  -2.8742980e-13
   3.3803561e+04  -2.1568858e-13
   3.3803387e+04  -3.3116565e-13
   3.3803213e+04  -2.2806756e-13
   3.3803038e+04  -2.7644553e-13
   3.3802864e+04  -2.4620583e-13
   3.3802690e+04  -3.0185576e-13
   3.3802515e+04  -2.7605696e-13
   3.3802341e+04  -2.8450853e-13
   3.3802167e+04  -2.8191338e-13
   3.3801992e+04  -2.6728619e-13
   3.3801818e+04  -3.1816216e-13
   3.3801644e+04  -2.6553759e-13
   3.3801469e+04  -3.0053737e-13
   3.3801295e+04  -2.9759528e-13
   3.3801121e+04  -2.8503588e-13
   3.3800946e+04  -3.0550562e-13
   3.3800772e+04  -2.9620750e-13
   3.3800598e+04  -2.8899105e-13
   3.3800423e+04  -3.3689718e-13
   3.3800249e+04  -2.9845570e-13
   3.3800075e+04  -2.7955416e-13
   3.3799901e+04  -3.4910963e-13
   3.3799726e+04  -2.6467717e-13
   3.3799552e+04  -3.5554892e-13
   3.3799378e+04  -2.8235747e-13
   3.3799203e+04  -2.8513303e-13
   3.3799029e+04  -3.7128634e-13
   3.3798855e+04  -2.9695690e-13
   3.3798680e+04  -3.3374692e-13
   3.3798506e+04  -3.3670289e-13
   3.3798332e+04  -3.1108449e-13
   3.3798157e+04  -3.2840397e-13
   3.3797983e+04  -3.1263880e-13
   3.3797809e+04  -3.5957348e-13
   3.3797634e+04  -3.5646486e-13
   3.3797460e+04  -3.3739678e-13
   3.3797286e+04  -3.5788733e-13
   3.3797111e+04  -3.8619108e-13
   3.3796937e+04  -3.0422886e-13
   3.3796763e+04  -3.6975978e-13
   3.3796588e+04  -3.8230530e-13
   3.3796414e+04  -3.3234526e-13
   3.3796240e+04  -4.2925385e-13
   3.3796066e+04  -3.0141167e-13
   3.3795891e+04  -4.1744386e-13
   3.3795717e+04  -3.4416914e-13
   3.3795543e+04  -3.9301895e-13
   3.3795368e+04  -3.6792791e-13
   3.3795194e+04  -3.8502534e-13
   3.3795020e+04  -3.8347103e-13
   3.3794845e+04  -4.2343906e-13
   3.3794671e+04  -3.6826098e-13
   3.3794497e+04  -3.6481929e-13
   3.3794322e+04  -4.3753889e-13
   3.3794148e+04  -3.6237680e-13
   3.3793974e+04  -4.1056047e-13
   3.3793799e+04  -3.6670667e-13
   3.3793625e+04  -4.1944226e-13
   3.3793451e+04  -4.3998138e-13
   3.3793276e+04  -4.1266990e-13
   3.3793102e+04  -3.9046544e-13
   3.3792928e+04  -4.7117865e-13
   3.3792754e+04  -3.6726178e-13
   3.3792579e+04  -4.7661874e-13
   3.3792405e+04  -3.4772185e-13
   3.3792231e+04  -5.2635674e-13
   3.3792056e+04  -4.0889514e-13
   3.3791882e+04  -4.3637316e-13
   3.3791708e+04  -4.6102011e-13
   3.3791533e+04  -4.5130566e-13
   3.3791359e+04  -4.7373216e-13
   3.3791185e+04  -4.1805448e-13
   3.3791010e+04  -4.9804605e-13
   3.3790836e+04  -4.2665871e-13
   3.3790662e+04  -5.5089266e-13
   3.3790487e+04  -4.2787995e-13
   3.3790313e+04  -4.5718984e-13
   3.3790139e+04  -4.5496940e-13
   3.3789964e+04  -5.5111471e-13
   3.3789790e+04  -4.9960036e-13
   3.3789616e+04  -4.8006044e-13
   3.3789442e+04  -4.8983040e-13
   3.3789267e+04  -5.3690385e-13
   3.3789093e+04  -5.2935434e-13
   3.3788919e+04  -4.8849813e-13
   3.3788744e+04  -5.5955240e-13
   3.3788570e+04  -4.9649174e-13
   3.3788396e+04  -5.4800608e-13
   3.3788221e+04  -5.3246296e-13
   3.3788047e+04  -5.5688787e-13
   3.3787873e+04  -5.6843419e-13
   3.3787698e+04  -5.2202687e-13
   3.3787524e+04  -5.6132876e-13
   3.3787350e+04  -5.5477845e-13
   3.3787175e+04  -5.3379523e-13
   3.3787001e+04  -6.1778360e-13
   3.3786827e+04  -5.3432259e-13
   3.3786652e+04  -6.2416045e-13
   3.3786478e+04  -6.1201044e-13
   3.3786304e+04  -5.5691562e-13
   3.3786130e+04  -5.9571618e-13
   3.3785955e+04  -6.2177260e-13
   3.3785781e+04  -5.8186615e-13
   3.3785607e+04  -6.0774823e-13
   3.3785432e+04  -6.7617179e-13
   3.3785258e+04  -5.6971355e-13
   3.3785084e+04  -6.7048363e-13
   3.3784909e+04  -6.2108912e-13
   3.3784735e+04  -6.3749006e-13
   3.3784561e+04  -6.3637984e-13
   3.3784386e+04  -6.6169466e-13
   3.3784212e+04  -6.7829076e-13
   3.3784038e+04  -6.8667294e-13
   3.3783863e+04  -7.0154993e-13
   3.3783689e+04  -6.5346339e-13
   3.3783515e+04  -7.1487261e-13
   3.3783340e+04  -7.0043971e-13
   3.3783166e+04  -7.1154194e-13
   3.3782992e+04  -7.1076478e-13
   3.3782818e+04  -7.2952755e-13
   3.3782643e+04  -7.4551476e-13
   3.3782469e+04  -7.3019368e-13
   3.3782295e+04  -7.8753670e-13
   3.3782120e+04  -6.9511064e-13
   3.3781946e+04  -7.9131146e-13
   3.3781772e+04  -7.7066131e-13
   3.3781597e+04  -7.5947582e-13
   3.3781423e+04  -8.1978868e-13
   3.3781249e+04  -7.3296924e-13
   3.3781074e+04  -8.6208818e-13
   3.3780900e+04  -7.8093088e-13
   3.3780726e+04  -7.6882944e-13
   3.3780551e+04  -8.4099394e-13
   3.3780377e+04  -8.0291329e-13
   3.3780203e+04  -8.3288931e-13
   3.3780028e+04  -8.5020879e-13
   3.3779854e+04  -8.5298435e-13
   3.3779680e+04  -8.2911455e-13
   3.3779506e+04  -9.1771035e-13
   3.3779331e+04  -8.5731422e-13
   3.3779157e+04  -8.8196117e-13
   3.3778983e+04  -9.1127106e-13
   3.3778808e+04  -8.7441165e-13
   3.3778634e+04  -9.5634611e-13
   3.3778460e+04  -9.1215924e-13
   3.3778285e+04  -8.8595797e-13
   3.3778111e+04  -9.9498187e-13
   3.3777937e+04  -9.3591801e-13
   3.3777762e+04  -9.6656017e-13
   3.3777588e+04  -9.7077901e-13
   3.3777414e+04  -9.8143715e-13
   3.3777239e+04  -9.7655217e-13
   3.3777065e+04  -1.0484946e-12
   3.3776891e+04  -9.5790043e-13
   3.3776716e+04  -1.0391688e-12
   3.3776542e+04  -1.0542678e-12
   3.3776368e+04  -1.0094148e-12
   3.3776194e+04  -1.0880186e-12
   3.3776019e+04  -1.1017853e-12
   3.3775845e+04  -1.1064483e-12
   3.3775671e+04  -1.0459411e-12
   3.3775496e+04  -1.1736723e-12
   3.3775322e+04  -1.1285139e-12
   3.3775148e+04  -1.0820234e-12
   3.3774973e+04  -1.1983747e-12
   3.3774799e+04  -1.1244339e-12
   3.3774625e+04  -1.2074786e-12
   3.3774450e+04  -1.1950441e-12
   3.3774276e+04  -1.2625456e-12
   3.3774102e+04  -1.1728396e-12
   3.3773927e+04  -1.3149482e-12
   3.3773753e+04  -1.1999290e-12
   3.3773579e+04  -1.2378432e-12
   3.3773404e+04  -1.3050672e-12
   3.3773230e+04  -1.2528312e-12
   3.3773056e+04  -1.3604673e-12
   3.3772882e+04  -1.3011814e-12
   3.3772707e+04  -1.3521406e-12
   3.3772533e+04  -1.3608559e-12
   3.3772359e+04  -1.3318513e-12
   3.3772184e+04  -1.3866130e-12
   3.3772010e+04  -1.3971879e-12
   3.3771836e+04  -1.4321877e-12
   3.3771661e+04  -1.3661294e-12
   3.3771487e+04  -1.5138168e-12
   3.3771313e+04  -1.4248602e-12
   3.3771138e+04  -1.5201174e-12
   3.3770964e+04  -1.4839519e-12
   3.3770790e+04  -1.5091262e-12
   3.3770615e+04  -1.5401014e-12
   3.3770441e+04  -1.5257240e-12
   3.3770267e+04  -1.6442958e-12
   3.3770092e+04  -1.5170643e-12
   3.3769918e+04  -1.7043034e-12
   3.3769744e+04  -1.6024404e-12
   3.3769570e+04  -1.6320278e-12
   3.3769395e+04  -1.7094937e-12
   3.3769221e+04  -1.7127966e-12
   3.3769047e+04  -1.7243845e-12
   3.3768872e+04  -1.7162660e-12
   3.3768698e+04  -1.8055002e-12
   3.3768524e+04  -1.7386093e-12
   3.3768349e+04  -1.8480772e-12
   3.3768175e+04  -1.7909563e-12
   3.3768001e+04  -1.8767210e-12
   3.3767826e+04  -1.8509638e-12
   3.3767652e+04  -1.9294427e-12
   3.3767478e+04  -1.9730051e-12
   3.3767303e+04  -1.9513072e-12
   3.3767129e+04  -1.9582704e-12
   3.3766955e+04  -2.0114049e-12
   3.3766780e+04  -2.0752289e-12
   3.3766606e+04  -2.0568235e-12
   3.3766432e+04  -2.0963509e-12
   3.3766258e+04  -2.1287416e-12
   3.3766083e+04  -2.1531110e-12
   3.3765909e+04  -2.1818658e-12
   3.3765735e+04  -2.1819213e-12
   3.3765560e+04  -2.2437607e-12
   3.3765386e+04  -2.2695179e-12
   3.3765212e+04  -2.2982172e-12
   3.3765037e+04  -2.3421265e-12
   3.3764863e+04  -2.3610558e-12
   3.3764689e+04  -2.3895330e-12
   3.3764514e+04  -2.3974156e-12
   3.3764340e+04  -2.5170699e-12
   3.3764166e+04  -2.4384661e-12
   3.3763991e+04  -2.5350000e-12
   3.3763817e+04  -2.5708324e-12
   3.3763643e+04  -2.6222219e-12
   3.3763468e+04  -2.5884850e-12
   3.3763294e+04  -2.6874059e-12
   3.3763120e+04  -2.7082780e-12
   3.3762946e+04  -2.7321478e-12
   3.3762771e+04  -2.8421709e-12
   3.3762597e+04  -2.7811087e-12
   3.3762423e+04  -2.8496788e-12
   3.3762248e+04  -2.9321545e-12
   3.3762074e+04  -2.9309888e-12
   3.3761900e+04  -3.0174752e-12
   3.3761725e+04  -3.0122571e-12
   3.3761551e+04  -3.0460634e-12
   3.3761377e+04  -3.1606939e-12
   3.3761202e+04  -3.1328273e-12
   3.3761028e+04  -3.2165381e-12
   3.3760854e+04  -3.2502889e-12
   3.3760679e+04  -3.3395509e-12
   3.3760505e+04  -3.3133496e-12
   3.3760331e+04  -3.4574565e-12
   3.3760156e+04  -3.4395820e-12
   3.3759982e+04  -3.5549341e-12
   3.3759808e+04  -3.5068615e-12
   3.3759634e+04  -3.6852743e-12
   3.3759459e+04  -3.6849412e-12
   3.3759285e+04  -3.7334302e-12
   3.3759111e+04  -3.8462011e-12
   3.3758936e+04  -3.8021253e-12
   3.3758762e+04  -3.9928616e-12
   3.3758588e+04  -3.9573345e-12
   3.3758413e+04  -4.0491499e-12
   3.3758239e+04  -4.0856901e-12
   3.3758065e+04  -4.2354453e-12
   3.3757890e+04  -4.2118531e-12
   3.3757716e+04  -4.3305359e-12
   3.3757542e+04  -4.4027004e-12
   3.3757367e+04  -4.4319548e-12
   3.3757193e+04  -4.5365378e-12
   3.3757019e+04  -4.6083970e-12
   3.3756844e+04  -4.6441462e-12
   3.3756670e+04  -4.7538917e-12
   3.3756496e+04  -4.8526044e-12
   3.3756321e+04  -4.8923435e-12
   3.3756147e+04  -4.9853455e-12
   3.3755973e+04  -5.0789095e-12
   3.3755799e+04  -5.1698090e-12
   3.3755624e+04  -5.2727822e-12
   3.3755450e+04  -5.3052007e-12
   3.3755276e+04  -5.4845573e-12
   3.3755101e+04  -5.4961730e-12
   3.3754927e+04  -5.6271376e-12
   3.3754753e+04  -5.7190364e-12
   3.3754578e+04  -5.8345551e-12
   3.3754404e+04  -5.9514615e-12
   3.3754230e+04  -6.0380034e-12
   3.3754055e+04  -6.1226024e-12
   3.3753881e+04  -6.2953531e-12
   3.3753707e+04  -6.3289374e-12
   3.3753532e+04  -6.5033534e-12
   3.3753358e+04  -6.5663031e-12
   3.3753184e+04  -6.7599260e-12
   3.3753009e+04  -6.8074435e-12
   3.3752835e+04  -6.9930173e-12
   3.3752661e+04  -7.1009656e-12
   3.3752487e+04  -7.2739037e-12
   3.3752312e+04  -7.3300255e-12
   3.3752138e+04  -7.5026652e-12
   3.3751964e+04  -7.6689766e-12
   3.3751789e+04  -7.8126949e-12
   3.3751615e+04  -7.9689588e-12
   3.3751441e+04  -8.0653834e-12
   3.3751266e+04  -8.2301943e-12
   3.3751092e+04  -8.4636742e-12
   3.3750918e+04  -8.5966789e-12
   3.3750743e+04  -8.7477803e-12
   3.3750569e+04  -8.9080687e-12
   3.3750395e+04  -9.0809582e-12
   3.3750220e+04  -9.3531849e-12
   3.3750046e+04  -9.4297903e-12
   3.3749872e+04  -9.6743724e-12
   3.3749697e+04  -9.8898112e-12
   3.3749523e+04  -1.0093315e-11
   3.3749349e+04  -1.0225792e-11
   3.3749175e+04  -1.0491261e-11
   3.3749000e+04  -1.0757811e-11
   3.3748826e+04  -1.0947077e-11
   3.3748652e+04  -1.1155479e-11
   3.3748477e+04  -1.1402254e-11
   3.3748303e+04  -1.1659118e-11
   3.3748129e+04  -1.1920777e-11
   3.3747954e+04  -1.2181894e-11
   3.3747780e+04  -1.2368565e-11
   3.3747606e+04  -1.2736465e-11
   3.3747431e+04  -1.3022930e-11
   3.3747257e+04  -1.3223617e-11
   3.3747083e+04  -1.3555337e-11
   3.3746908e+04  -1.3965773e-11
   3.3746734e+04  -1.4171150e-11
   3.3746560e+04  -1.4556509e-11
   3.3746385e+04  -1.4775514e-11
   3.3746211e+04  -1.5239671e-11
   3.3746037e+04  -1.5645985e-11
   3.3745863e+04  -1.5866641e-11
   3.3745688e+04  -1.6225465e-11
   3.3745514e+04  -1.6769586e-11
   3.3745340e+04  -1.7182922e-11
   3.3745165e+04  -1.7501646e-11
   3.3744991e+04  -1.7781623e-11
   3.3744817e+04  -1.8442525e-11
   3.3744642e+04  -1.8991003e-11
   3.3744468e+04  -1.9219668e-11
   3.3744294e+04  -1.9619396e-11
   3.3744119e+04  -2.0407672e-11
   3.3743945e+04  -2.0940416e-11
   3.3743771e+04  -2.1332935e-11
   3.3743596e+04  -2.1665059e-11
   3.3743422e+04  -2.2561952e-11
   3.3743248e+04  -2.3320512e-11
   3.3743073e+04  -2.3583635e-11
   3.3742899e+04  -2.4030999e-11
   3.3742725e+04  -2.5102698e-11
   3.3742551e+04  -2.6052410e-11
   3.3742376e+04  -2.6203817e-11
   3.3742202e+04  -2.6692537e-11
   3.3742028e+04  -2.8060443e-11
   3.3741853e+04  -2.9191982e-11
   3.3741679e+04  -2.9256042e-11
   3.3741505e+04  -2.9675262e-11
   3.3741330e+04  -3.1539243e-11
   3.3741156e+04  -3.2877923e-11
   3.3740982e+04  -3.2787328e-11
   3.3740807e+04  -3.3141823e-11
   3.3740633e+04  -3.5545900e-11
   3.3740459e+04  -3.7384651e-11
   3.3740284e+04  -3.6797287e-11
   3.3740110e+04  -3.7008688e-11
   3.3739936e+04  -4.0299285e-11
   3.3739761e+04  -4.2763210e-11
   3.3739587e+04  -4.1516221e-11
   3.3739413e+04  -4.1390669e-11
   3.3739239e+04  -4.6017769e-11
   3.3739064e+04  -4.9415166e-11
   3.3738890e+04  -4.6948861e-11
   3.3738716e+04  -4.6229021e-11
   3.3738541e+04  -5.3026777e-11
   3.3738367e+04  -5.7794325e-11
   3.3738193e+04  -5.3290705e-11
   3.3738018e+04  -5.1404214e-11
   3.3737844e+04  -6.1626371e-11
   3.3737670e+04  -6.8834050e-11
   3.3737495e+04  -6.0491737e-11
   3.3737321e+04  -5.6480348e-11
   3.3737147e+04  -7.2662154e-11
   3.3736972e+04  -8.3799190e-11
   3.3736798e+04  -6.8543615e-11
   3.3736624e+04  -6.0350662e-11
   3.3736449e+04  -8.7394175e-11
   3.3736275e+04  -1.0525686e-10
   3.3736101e+04  -7.6768369e-11
   3.3735927e+04  -6.0907390e-11
   3.3735752e+04  -1.0802317e-10
   3.3735578e+04  -1.3826260e-10
   3.3735404e+04  -8.3461793e-11
   3.3735229e+04  -5.2557569e-11
   3.3735055e+04  -1.3939855e-10
   3.3734881e+04  -1.9338151e-10
   3.3734706e+04  -8.3430124e-11
   3.3734532e+04  -2.2106039e-11
   3.3734358e+04  -1.9329571e-10
   3.3734183e+04  -2.9386671e-10
   3.3734009e+04  -6.1528449e-11
   3.3733835e+04   6.3107519e-11
   3.3733660e+04  -2.9994832e-10
   3.3733486e+04  -4.9731202e-10
   3.3733312e+04   2.9150182e-11
   3.3733137e+04   2.9009406e-10
   3.3732963e+04  -5.5070271e-10
   3.3732789e+04  -9.5631936e-10
   3.3732615e+04   3.4735392e-10
   3.3732440e+04   9.0764934e-10
   3.3732266e+04  -1.2606429e-09
   3.3732092e+04  -2.1176633e-09
   3.3731917e+04   1.5015862e-09
   3.3731743e+04   2.6949639e-09
   3.3731569e+04  -3.7143839e-09
   3.3731394e+04  -5.4276972e-09
   3.3731220e+04   6.2606200e-09
   3.3731046e+04   8.3159001e-09
   3.3730871e+04  -1.4346488e-08
   3.3730697e+04  -1.5943363e-08
   3.3730523e+04   3.0454649e-08
   3.3730348e+04   2.6986705e-08
   3.3730174e+04  -7.5618822e-08
   3.3730000e+04  -4.8250099e-08
   3.3729825e+04   1.9922034e-07
   3.3729651e+04   6.2920295e-08
   3.3729477e+04  -6.0455685e-07
   3.3729303e+04   6.9523469e-08
   3.3729128e+04   2.1320288e-06
   3.3728954e+04  -1.8284259e-06
   3.3728780e+04  -9.2104467e-06
   3.3728605e+04   2.5175027e-05
   3.3728431e+04   4.1651559e-05
   3.3728257e+04  -9.5278686e-04
   3.3728082e+04  -6.9738526e-03
   3.3727908e+04  -2.8320784e-02
   3.3727734e+04  -8.4381357e-02
   3.3727559e+04  -2.0282078e-01
   3.3727385e+04  -4.1213651e-01
   3.3727211e+04  -7.2754392e-01
   3.3727036e+04  -1.1351045e+00
   3.3726862e+04  -1.5828194e+00
   3.3726688e+04  -1.9866760e+00
   3.3726513e+04  -2.2534159e+00
   3.3726339e+04  -2.3128941e+00
   3.3726165e+04  -2.1463558e+00
   3.3725991e+04  -1.7968382e+00
   3.3725816e+04  -1.3548981e+00
   3.3725642e+04  -9.2411571e-01
   3.3725468e+04  -5.8130094e-01
   3.3725293e+04  -3.5067728e-01
   3.3725119e+04  -2.0589683e-01
   3.3724945e+04  -9.9204331e-02
   3.3724770e+04  -2.1674711e-04
   3.3724596e+04   8.1407010e-02
   3.3724422e+04   1.0652425e-01
   3.3724247e+04   4.4711305e-02
   3.3724073e+04  -8.7440406e-02
   3.3723899e+04  -2.1923244e-01
   3.3723724e+04  -2.6108077e-01
   3.3723550e+04  -1.6203622e-01
   3.3723376e+04   4.9238707e-02
   3.3723201e+04   2.7028546e-01
   3.3723027e+04   3.7732639e-01
   3.3722853e+04   2.9406589e-01
   3.3722679e+04   3.7036056e-02
   3.3722504e+04  -2.8701166e-01
   3.3722330e+04  -5.2908439e-01
   3.3722156e+04  -5.6696900e-01
   3.3721981e+04  -3.6358279e-01
   3.3721807e+04   1.1077705e-02
   3.3721633e+04   4.0547424e-01
   3.3721458e+04   6.5119794e-01
   3.3721284e+04   6.3927911e-01
   3.3721110e+04   3.7108749e-01
   3.3720935e+04  -4.3763928e-02
   3.3720761e+04  -4.4217107e-01
   3.3720587e+04  -6.8380546e-01
   3.3720412e+04  -7.0582911e-01
   3.3720238e+04  -5.2996325e-01
   3.3720064e+04  -2.2942058e-01
   3.3719889e+04   1.1258787e-01
   3.3719715e+04   4.2432358e-01
   3.3719541e+04   6.4372248e-01
   3.3719367e+04   7.1330742e-01
   3.3719192e+04   5.9232967e-01
   3.3719018e+04   2.8527875e-01
   3.3718844e+04  -1.3662007e-01
   3.3718669e+04  -5.4639503e-01
   3.3718495e+04  -8.0870347e-01
   3.3718321e+04  -8.3959422e-01
   3.3718146e+04  -6.4302306e-01
   3.3717972e+04  -3.0234714e-01
   3.3717798e+04   6.6122679e-02
   3.3717623e+04   3.6741903e-01
   3.3717449e+04   5.5808522e-01
   3.3717275e+04   6.3926505e-01
   3.3717100e+04   6.2568353e-01
   3.3716926e+04   5.1863024e-01
   3.3716752e+04   3.0557409e-01
   3.3716577e+04  -1.2984109e-02
   3.3716403e+04  -3.9177502e-01
   3.3716229e+04  -7.3340560e-01
   3.3716055e+04  -9.1931332e-01
   3.3715880e+04  -8.6554883e-01
   3.3715706e+04  -5.7039297e-01
   3.3715532e+04  -1.2383559e-01
   3.3715357e+04   3.2784179e-01
   3.3715183e+04   6.4288230e-01
   3.3715009e+04   7.3907701e-01
   3.3714834e+04   6.1921863e-01
   3.3714660e+04   3.6049588e-01
   3.3714486e+04   7.6369422e-02
   3.3714311e+04  -1.3262566e-01
   3.3714137e+04  -2.1995592e-01
   3.3713963e+04  -2.0813690e-01
   3.3713788e+04  -1.6840315e-01
   3.3713614e+04  -1.7304751e-01
   3.3713440e+04  -2.4692796e-01
   3.3713265e+04  -3.4941074e-01
   3.3713091e+04  -4.0071696e-01
   3.3712917e+04  -3.3640243e-01
   3.3712742e+04  -1.5287780e-01
   3.3712568e+04   8.7258545e-02
   3.3712394e+04   2.9233868e-01
   3.3712220e+04   3.9378772e-01
   3.3712045e+04   3.7806553e-01
   3.3711871e+04   2.8125565e-01
   3.3711697e+04   1.5701954e-01
   3.3711522e+04   4.4395960e-02
   3.3711348e+04  -4.3985013e-02
   3.3711174e+04  -1.1203313e-01
   3.3710999e+04  -1.6335578e-01
   3.3710825e+04  -1.9349114e-01
   3.3710651e+04  -1.9589113e-01
   3.3710476e+04  -1.7324009e-01
   3.3710302e+04  -1.4145521e-01
   3.3710128e+04  -1.2080772e-01
   3.3709953e+04  -1.2054011e-01
   3.3709779e+04  -1.3004992e-01
   3.3709605e+04  -1.2523773e-01
   3.3709430e+04  -8.6148488e-02
   3.3709256e+04  -1.1989349e-02
   3.3709082e+04   7.8700716e-02
   3.3708908e+04   1.6205099e-01
   3.3708733e+04   2.2349620e-01
   3.3708559e+04   2.5921910e-01
   3.3708385e+04   2.6427528e-01
   3.3708210e+04   2.2241991e-01
   3.3708036e+04   1.1355791e-01
   3.3707862e+04  -6.1791343e-02
   3.3707687e+04  -2.6143426e-01
   3.3707513e+04  -4.0786553e-01
   3.3707339e+04  -4.2710370e-01
   3.3707164e+04  -2.9765471e-01
   3.3706990e+04  -7.4584781e-02
   3.3706816e+04   1.3228305e-01
   3.3706641e+04   2.1608439e-01
   3.3706467e+04   1.3201394e-01
   3.3706293e+04  -7.7289834e-02
   3.3706118e+04  -3.0310187e-01
   3.3705944e+04  -4.2421144e-01
   3.3705770e+04  -3.6341251e-01
   3.3705596e+04  -1.2127918e-01
   3.3705421e+04   2.2346626e-01
   3.3705247e+04   5.4322633e-01
   3.3705073e+04   7.0869263e-01
   3.3704898e+04   6.3911592e-01
   3.3704724e+04   3.3933323e-01
   3.3704550e+04  -9.2389219e-02
   3.3704375e+04  -4.9501594e-01
   3.3704201e+04  -7.0825546e-01
   3.3704027e+04  -6.4506485e-01
   3.3703852e+04  -3.3877313e-01
   3.3703678e+04   6.3001374e-02
   3.3703504e+04   3.6171551e-01
   3.3703329e+04   4.0254450e-01
   3.3703155e+04   1.5437558e-01
   3.3702981e+04  -2.6774212e-01
   3.3702806e+04  -6.5342873e-01
   3.3702632e+04  -7.9831901e-01
   3.3702458e+04  -6.0453610e-01
   3.3702284e+04  -1.2802146e-01
   3.3702109e+04   4.5037461e-01
   3.3701935e+04   9.1079811e-01
   3.3701761e+04   1.0889647e+00
   3.3701586e+04   9.3297264e-01
   3.3701412e+04   5.0467574e-01
   3.3701238e+04  -5.9093614e-02
   3.3701063e+04  -5.9594129e-01
   3.3700889e+04  -9.5830771e-01
   3.3700715e+04  -1.0443932e+00
   3.3700540e+04  -8.2767167e-01
   3.3700366e+04  -3.8355898e-01
   3.3700192e+04   1.0465557e-01
   3.3700017e+04   3.8320115e-01
   3.3699843e+04   2.1416079e-01
   3.3699669e+04  -5.1478908e-01
   3.3699494e+04  -1.7080575e+00
   3.3699320e+04  -3.0581057e+00
   3.3699146e+04  -4.1395017e+00
   3.3698972e+04  -4.5716327e+00
   3.3698797e+04  -4.1798194e+00
   3.3698623e+04  -3.0776941e+00
   3.3698449e+04  -1.6284640e+00
   3.3698274e+04  -3.0137896e-01
   3.3698100e+04   5.1077754e-01
   3.3697926e+04   6.3367842e-01
   3.3697751e+04   1.5843190e-01
   3.3697577e+04  -6.1632511e-01
   3.3697403e+04  -1.3164853e+00
   3.3697228e+04  -1.6441867e+00
   3.3697054e+04  -1.4896673e+00
   3.3696880e+04  -9.5766011e-01
   3.3696705e+04  -2.9667784e-01
   3.3696531e+04   2.3391450e-01
   3.3696357e+04   4.8817635e-01
   3.3696182e+04   4.8071009e-01
   3.3696008e+04   3.3563754e-01
   3.3695834e+04   1.8089148e-01
   3.3695660e+04   6.5979158e-02
   3.3695485e+04  -4.1142046e-02
   3.3695311e+04  -1.8557802e-01
   3.3695137e+04  -3.4801059e-01
   3.3694962e+04  -4.2634248e-01
   3.3694788e+04  -2.9820677e-01
   3.3694614e+04   7.6286523e-02
   3.3694439e+04   5.8572605e-01
   3.3694265e+04   9.8939388e-01
   3.3694091e+04   1.0311172e+00
   3.3693916e+04   5.8652303e-01
   3.3693742e+04  -2.4194929e-01
   3.3693568e+04  -1.1451812e+00
   3.3693393e+04  -1.7431378e+00
   3.3693219e+04  -1.7691800e+00
   3.3693045e+04  -1.2040219e+00
   3.3692870e+04  -2.8620425e-01
   3.3692696e+04   6.0472048e-01
   3.3692522e+04   1.1262785e+00
   3.3692348e+04   1.1190178e+00
   3.3692173e+04   6.5454873e-01
   3.3691999e+04  -2.1463113e-02
   3.3691825e+04  -6.0836815e-01
   3.3691650e+04  -8.7194679e-01
   3.3691476e+04  -7.2271508e-01
   3.3691302e+04  -2.3233653e-01
   3.3691127e+04   4.0714132e-01
   3.3690953e+04   9.6048040e-01
   3.3690779e+04   1.2328518e+00
   3.3690604e+04   1.1293846e+00
   3.3690430e+04   6.7192780e-01
   3.3690256e+04  -2.5055704e-02
   3.3690081e+04  -7.9960155e-01
   3.3689907e+04  -1.4847472e+00
   3.3689733e+04  -1.9360685e+00
   3.3689558e+04  -2.0474398e+00
   3.3689384e+04  -1.7654431e+00
   3.3689210e+04  -1.1076025e+00
   3.3689036e+04  -1.7793694e-01
   3.3688861e+04   8.3486028e-01
   3.3688687e+04   1.6893667e+00
   3.3688513e+04   2.1539170e+00
   3.3688338e+04   2.0828662e+00
   3.3688164e+04   1.4769765e+00
   3.3687990e+04   4.9851905e-01
   3.3687815e+04  -5.7197943e-01
   3.3687641e+04  -1.4247290e+00
   3.3687467e+04  -1.8215489e+00
   3.3687292e+04  -1.6699476e+00
   3.3687118e+04  -1.0452313e+00
   3.3686944e+04  -1.5834849e-01
   3.3686769e+04   7.1320660e-01
   3.3686595e+04   1.3057784e+00
   3.3686421e+04   1.4385940e+00
   3.3686246e+04   1.0576669e+00
   3.3686072e+04   2.4903278e-01
   3.3685898e+04  -7.7969630e-01
   3.3685724e+04  -1.7481052e+00
   3.3685549e+04  -2.3759165e+00
   3.3685375e+04  -2.4642607e+00
   3.3685201e+04  -1.9593285e+00
   3.3685026e+04  -9.7183578e-01
   3.3684852e+04   2.5890262e-01
   3.3684678e+04   1.4419272e+00
   3.3684503e+04   2.3189552e+00
   3.3684329e+04   2.7233753e+00
   3.3684155e+04   2.6008244e+00
   3.3683980e+04   2.0001152e+00
   3.3683806e+04   1.0512452e+00
   3.3683632e+04  -6.0234265e-02
   3.3683457e+04  -1.1237447e+00
   3.3683283e+04  -1.9418894e+00
   3.3683109e+04  -2.3716673e+00
   3.3682934e+04  -2.3571172e+00
   3.3682760e+04  -1.9425723e+00
   3.3682586e+04  -1.2619343e+00
   3.3682412e+04  -5.0493245e-01
   3.3682237e+04   1.3486564e-01
   3.3682063e+04   5.1926469e-01
   3.3681889e+04   6.1153823e-01
   3.3681714e+04   4.8530862e-01
   3.3681540e+04   2.8442029e-01
   3.3681366e+04   1.4899763e-01
   3.3681191e+04   1.4701637e-01
   3.3681017e+04   2.5139220e-01
   3.3680843e+04   3.7515271e-01
   3.3680668e+04   4.3938903e-01
   3.3680494e+04   4.2722470e-01
   3.3680320e+04   3.8718665e-01
   3.3680145e+04   3.8406857e-01
   3.3679971e+04   4.3175241e-01
   3.3679797e+04   4.5738585e-01
   3.3679622e+04   3.2961751e-01
   3.3679448e+04  -5.6869352e-02
   3.3679274e+04  -6.8952597e-01
   3.3679100e+04  -1.4023658e+00
   3.3678925e+04  -1.9329167e+00
   3.3678751e+04  -2.0504039e+00
   3.3678577e+04  -1.6826433e+00
   3.3678402e+04  -9.6257283e-01
   3.3678228e+04  -1.6293932e-01
   3.3678054e+04   4.4158789e-01
   3.3677879e+04   7.0180221e-01
   3.3677705e+04   6.4108949e-01
   3.3677531e+04   4.0959978e-01
   3.3677356e+04   1.8915411e-01
   3.3677182e+04   1.1000987e-01
   3.3677008e+04   2.1555549e-01
   3.3676833e+04   4.7167500e-01
   3.3676659e+04   7.9555253e-01
   3.3676485e+04   1.0832726e+00
   3.3676310e+04   1.2317790e+00
   3.3676136e+04   1.1591201e+00
   3.3675962e+04   8.2271943e-01
   3.3675788e+04   2.2946416e-01
   3.3675613e+04  -5.6550417e-01
   3.3675439e+04  -1.4651545e+00
   3.3675265e+04  -2.3335409e+00
   3.3675090e+04  -2.9980084e+00
   3.3674916e+04  -3.2676053e+00
   3.3674742e+04  -2.9834009e+00
   3.3674567e+04  -2.0929636e+00
   3.3674393e+04  -7.1213719e-01
   3.3674219e+04   8.7070280e-01
   3.3674044e+04   2.2676493e+00
   3.3673870e+04   3.1186182e+00
   3.3673696e+04   3.2194390e+00
   3.3673521e+04   2.5962425e+00
   3.3673347e+04   1.4954933e+00
   3.3673173e+04   2.9031606e-01
   3.3672998e+04  -6.6803461e-01
   3.3672824e+04  -1.2008342e+00
   3.3672650e+04  -1.3874580e+00
   3.3672476e+04  -1.5301045e+00
   3.3672301e+04  -1.9926138e+00
   3.3672127e+04  -2.9830828e+00
   3.3671953e+04  -4.4012393e+00
   3.3671778e+04  -5.8518490e+00
   3.3671604e+04  -6.8323734e+00
   3.3671430e+04  -6.9927988e+00
   3.3671255e+04  -6.3152691e+00
   3.3671081e+04  -5.1090724e+00
   3.3670907e+04  -3.8306371e+00
   3.3670732e+04  -2.8411070e+00
   3.3670558e+04  -2.2413566e+00
   3.3670384e+04  -1.8673879e+00
   3.3670209e+04  -1.4322649e+00
   3.3670035e+04  -7.2382780e-01
   3.3669861e+04   2.5235572e-01
   3.3669686e+04   1.2570349e+00
   3.3669512e+04   1.9305823e+00
   3.3669338e+04   1.9727582e+00
   3.3669163e+04   1.2966655e+00
   3.3668989e+04   8.3005646e-02
   3.3668815e+04  -1.2855985e+00
   3.3668641e+04  -2.3726218e+00
   3.3668466e+04  -2.8489571e+00
   3.3668292e+04  -2.6039326e+00
   3.3668118e+04  -1.7719188e+00
   3.3667943e+04  -6.7306604e-01
   3.3667769e+04   3.0851109e-01
   3.3667595e+04   8.6761752e-01
   3.3667420e+04   8.8833994e-01
   3.3667246e+04   4.7233547e-01
   3.3667072e+04  -1.3255381e-01
   3.3666897e+04  -6.6783118e-01
   3.3666723e+04  -9.8630562e-01
   3.3666549e+04  -1.0877661e+00
   3.3666374e+04  -1.0537703e+00
   3.3666200e+04  -9.3989864e-01
   3.3666026e+04  -7.1483315e-01
   3.3665851e+04  -2.9687337e-01
   3.3665677e+04   3.4160877e-01
   3.3665503e+04   1.0885554e+00
   3.3665329e+04   1.6999550e+00
   3.3665154e+04   1.9043145e+00
   3.3664980e+04   1.5360993e+00
   3.3664806e+04   6.1502369e-01
   3.3664631e+04  -6.6541987e-01
   3.3664457e+04  -2.0135296e+00
   3.3664283e+04  -3.1247995e+00
   3.3664108e+04  -3.7441449e+00
   3.3663934e+04  -3.7093146e+00
   3.3663760e+04  -2.9916494e+00
   3.3663585e+04  -1.7279603e+00
   3.3663411e+04  -2.1136425e-01
   3.3663237e+04   1.1845433e+00
   3.3663062e+04   2.1317045e+00
   3.3662888e+04   2.4641805e+00
   3.3662714e+04   2.2210915e+00
   3.3662539e+04   1.5936909e+00
   3.3662365e+04   8.1256796e-01
   3.3662191e+04   4.3622767e-02
   3.3662017e+04  -6.5151623e-01
   3.3661842e+04  -1.2803496e+00
   3.3661668e+04  -1.8454675e+00
   3.3661494e+04  -2.2874402e+00
   3.3661319e+04  -2.4861517e+00
   3.3661145e+04  -2.3238279e+00
   3.3660971e+04  -1.7723714e+00
   3.3660796e+04  -9.4769900e-01
   3.3660622e+04  -8.8397451e-02
   3.3660448e+04   5.4011155e-01
   3.3660273e+04   7.6675779e-01
   3.3660099e+04   5.9187976e-01
   3.3659925e+04   1.7418928e-01
   3.3659750e+04  -2.6401490e-01
   3.3659576e+04  -5.5535606e-01
   3.3659402e+04  -6.5962420e-01
   3.3659227e+04  -6.5259389e-01
   3.3659053e+04  -6.4836339e-01
   3.3658879e+04  -7.1125830e-01
   3.3658705e+04  -8.1391801e-01
   3.3658530e+04  -8.6380005e-01
   3.3658356e+04  -7.7590442e-01
   3.3658182e+04  -5.4265188e-01
   3.3658007e+04  -2.5608248e-01
   3.3657833e+04  -6.7360113e-02
   3.3657659e+04  -1.0568603e-01
   3.3657484e+04  -4.0278525e-01
   3.3657310e+04  -8.6716093e-01
   3.3657136e+04  -1.3247348e+00
   3.3656961e+04  -1.6040934e+00
   3.3656787e+04  -1.6180180e+00
   3.3656613e+04  -1.3955668e+00
   3.3656438e+04  -1.0500004e+00
   3.3656264e+04  -7.0725370e-01
   3.3656090e+04  -4.4144218e-01
   3.3655915e+04  -2.5470605e-01
   3.3655741e+04  -1.0696940e-01
   3.3655567e+04   3.0580712e-02
   3.3655393e+04   1.3658634e-01
   3.3655218e+04   1.4117858e-01
   3.3655044e+04  -3.2370788e-02
   3.3654870e+04  -4.1128598e-01
   3.3654695e+04  -9.3728501e-01
   3.3654521e+04  -1.4759817e+00
   3.3654347e+04  -1.8715824e+00
   3.3654172e+04  -2.0195178e+00
   3.3653998e+04  -1.9163029e+00
   3.3653824e+04  -1.6562899e+00
   3.3653649e+04  -1.3749355e+00
   3.3653475e+04  -1.1703511e+00
   3.3653301e+04  -1.0491515e+00
   3.3653126e+04  -9.2955059e-01
   3.3652952e+04  -7.0175168e-01
   3.3652778e+04  -3.1219513e-01
   3.3652603e+04   1.7682576e-01
   3.3652429e+04   5.8908260e-01
   3.3652255e+04   7.0281579e-01
   3.3652081e+04   3.5513970e-01
   3.3651906e+04  -4.6822688e-01
   3.3651732e+04  -1.6027103e+00
   3.3651558e+04  -2.7502086e+00
   3.3651383e+04  -3.5803129e+00
   3.3651209e+04  -3.8439002e+00
   3.3651035e+04  -3.4544676e+00
   3.3650860e+04  -2.5111455e+00
   3.3650686e+04  -1.2628100e+00
   3.3650512e+04  -3.2261179e-02
   3.3650337e+04   8.7259076e-01
   3.3650163e+04   1.2356257e+00
   3.3649989e+04   9.8028787e-01
   3.3649814e+04   1.8077409e-01
   3.3649640e+04  -9.6169746e-01
   3.3649466e+04  -2.1696821e+00
   3.3649291e+04  -3.1569127e+00
   3.3649117e+04  -3.7004034e+00
   3.3648943e+04  -3.7016804e+00
   3.3648769e+04  -3.2168349e+00
   3.3648594e+04  -2.4371056e+00
   3.3648420e+04  -1.6183187e+00
   3.3648246e+04  -9.8529204e-01
   3.3648071e+04  -6.5785305e-01
   3.3647897e+04  -6.3761684e-01
   3.3647723e+04  -8.5672143e-01
   3.3647548e+04  -1.2461867e+00
   3.3647374e+04  -1.7682960e+00
   3.3647200e+04  -2.3898166e+00
   3.3647025e+04  -3.0277662e+00
   3.3646851e+04  -3.5302197e+00
   3.3646677e+04  -3.7308503e+00
   3.3646502e+04  -3.5525868e+00
   3.3646328e+04  -3.0846888e+00
   3.3646154e+04  -2.5645978e+00
   3.3645979e+04  -2.2609507e+00
   3.3645805e+04  -2.3284922e+00
   3.3645631e+04  -2.7307880e+00
   3.3645457e+04  -3.2815238e+00
   3.3645282e+04  -3.7730716e+00
   3.3645108e+04  -4.1029138e+00
   3.3644934e+04  -4.3159484e+00
   3.3644759e+04  -4.5452080e+00
   3.3644585e+04  -4.9053718e+00
   3.3644411e+04  -5.4203006e+00
   3.3644236e+04  -6.0313599e+00
   3.3644062e+04  -6.6673813e+00
   3.3643888e+04  -7.3114268e+00
   3.3643713e+04  -8.0075635e+00
   3.3643539e+04  -8.8029972e+00
   3.3643365e+04  -9.6736607e+00
   3.3643190e+04  -1.0493310e+01
   3.3643016e+04  -1.1071043e+01
   3.3642842e+04  -1.1231258e+01
   3.3642667e+04  -1.0883622e+01
   3.3642493e+04  -1.0044206e+01
   3.3642319e+04  -8.8051307e+00
   3.3642145e+04  -7.2787758e+00
   3.3641970e+04  -5.5481968e+00
   3.3641796e+04  -3.6440192e+00
   3.3641622e+04  -1.5539802e+00
   3.3641447e+04   7.3918562e-01
   3.3641273e+04   3.2054376e+00
   3.3641099e+04   5.7243969e+00
   3.3640924e+04   8.0782440e+00
   3.3640750e+04   9.9950637e+00
   3.3640576e+04   1.1231863e+01
   3.3640401e+04   1.1662252e+01
   3.3640227e+04   1.1326923e+01
   3.3640053e+04   1.0421341e+01
   3.3639878e+04   9.2255388e+00
   3.3639704e+04   8.0087226e+00
   3.3639530e+04   6.9517695e+00
   3.3639355e+04   6.1187661e+00
   3.3639181e+04   5.4815887e+00
   3.3639007e+04   4.9744820e+00
   3.3638833e+04   4.5440685e+00
   3.3638658e+04   4.1700661e+00
   3.3638484e+04   3.8551141e+00
   3.3638310e+04   3.6018464e+00
   3.3638135e+04   3.3987533e+00
   3.3637961e+04   3.2237686e+00
   3.3637787e+04   3.0581860e+00
   3.3637612e+04   2.8967134e+00
   3.3637438e+04   2.7457073e+00
   3.3637264e+04   2.6131788e+00
   3.3637089e+04   2.5003325e+00
   3.3636915e+04   2.4010652e+00
   3.3636741e+04   2.3077835e+00
   3.3636566e+04   2.2170400e+00
   3.3636392e+04   2.1303004e+00
   3.3636218e+04   2.0505282e+00
   3.3636043e+04   1.9786320e+00
   3.3635869e+04   1.9128259e+00
   3.3635695e+04   1.8509075e+00
   3.3635521e+04   1.7940055e+00
   3.3635346e+04   1.7513421e+00
   3.3635172e+04   1.7465272e+00
   3.3634998e+04   1.8242493e+00
   3.3634823e+04   2.0525879e+00
   3.3634649e+04   2.5144021e+00
   3.3634475e+04   3.2848929e+00
   3.3634300e+04   4.4008870e+00
   3.3634126e+04   5.8354113e+00
   3.3633952e+04   7.4923615e+00
   3.3633777e+04   9.2280262e+00
   3.3633603e+04   1.0892578e+01
   3.3633429e+04   1.2373192e+01
   3.3633254e+04   1.3618053e+01
   3.3633080e+04   1.4628986e+01
   3.3632906e+04   1.5425791e+01
   3.3632731e+04   1.6000239e+01
   3.3632557e+04   1.6284925e+01
   3.3632383e+04   1.6157446e+01
   3.3632209e+04   1.5484333e+01
   3.3632034e+04   1.4188206e+01
   3.3631860e+04   1.2306381e+01
   3.3631686e+04   1.0009412e+01
   3.3631511e+04   7.5659446e+00
   3.3631337e+04   5.2670822e+00
   3.3631163e+04   3.3438787e+00
   3.3630988e+04   1.9134203e+00
   3.3630814e+04   9.7194650e-01
   3.3630640e+04   4.2895282e-01
   3.3630465e+04   1.5905640e-01
   3.3630291e+04   4.6665619e-02
   3.3630117e+04   9.4447892e-03
   3.3629942e+04   7.2141712e-04
   3.3629768e+04  -2.0577670e-04
   3.3629594e+04  -2.6818646e-05
   3.3629419e+04   2.2787886e-05
   3.3629245e+04   2.0798108e-06
   3.3629071e+04  -4.0721551e-06
   3.3628897e+04  -1.6108410e-07
   3.3628722e+04   9.5803871e-07
   3.3628548e+04  -1.6256289e-08
   3.3628374e+04  -2.7263719e-07
   3.3628199e+04   1.9431673e-08
   3.3628025e+04   8.7804550e-08
   3.3627851e+04  -1.2266298e-08
   3.3627676e+04  -3.2278360e-08
   3.3627502e+04   5.7928862e-09
   3.3627328e+04   1.1976207e-08
   3.3627153e+04  -3.6898407e-09
   3.3626979e+04  -5.5097723e-09
   3.3626805e+04   1.4410499e-09
   3.3626630e+04   1.9189329e-09
   3.3626456e+04  -1.3017779e-09
   3.3626282e+04  -1.3005158e-09
   3.3626107e+04   3.1002410e-10
   3.3625933e+04   2.1924221e-10
   3.3625759e+04  -5.8718450e-10
   3.3625584e+04  -4.5024232e-10
   3.3625410e+04   3.1402519e-12
   3.3625236e+04  -9.4778345e-11
   3.3625062e+04  -3.3088224e-10
   3.3624887e+04  -2.3260242e-10
   3.3624713e+04  -7.9673851e-11
   3.3624539e+04  -1.3949053e-10
   3.3624364e+04  -2.1840084e-10
   3.3624190e+04  -1.5835989e-10
   3.3624016e+04  -9.6456898e-11
   3.3623841e+04  -1.2949943e-10
   3.3623667e+04  -1.5907151e-10
   3.3623493e+04  -1.2296364e-10
   3.3623318e+04  -9.3061336e-11
   3.3623144e+04  -1.1080595e-10
   3.3622970e+04  -1.2293544e-10
   3.3622795e+04  -1.0070930e-10
   3.3622621e+04  -8.3949750e-11
   3.3622447e+04  -9.3253155e-11
   3.3622272e+04  -9.8560493e-11
   3.3622098e+04  -8.4466989e-11
   3.3621924e+04  -7.3890172e-11
   3.3621750e+04  -7.8608536e-11
   3.3621575e+04  -8.0916274e-11
   3.3621401e+04  -7.1695261e-11
   3.3621227e+04  -6.4505845e-11
   3.3621052e+04  -6.6649852e-11
   3.3620878e+04  -6.7594069e-11
   3.3620704e+04  -6.1366606e-11
   3.3620529e+04  -5.6119970e-11
   3.3620355e+04  -5.6979893e-11
   3.3620181e+04  -5.7159791e-11
   3.3620006e+04  -5.2854637e-11
   3.3619832e+04  -4.8924975e-11
   3.3619658e+04  -4.9020898e-11
   3.3619483e+04  -4.8912319e-11
   3.3619309e+04  -4.5676768e-11
   3.3619135e+04  -4.2726628e-11
   3.3618960e+04  -4.2429338e-11
   3.3618786e+04  -4.2167832e-11
   3.3618612e+04  -3.9743819e-11
   3.3618438e+04  -3.7498088e-11
   3.3618263e+04  -3.6898318e-11
   3.3618089e+04  -3.6609438e-11
   3.3617915e+04  -3.4817982e-11
   3.3617740e+04  -3.2912437e-11
   3.3617566e+04  -3.2346778e-11
   3.3617392e+04  -3.1986858e-11
   3.3617217e+04  -3.0561775e-11
   3.3617043e+04  -2.9058533e-11
   3.3616869e+04  -2.8446578e-11
   3.3616694e+04  -2.8089975e-11
   3.3616520e+04  -2.6936231e-11
   3.3616346e+04  -2.5744740e-11
   3.3616171e+04  -2.5200952e-11
   3.3615997e+04  -2.4787061e-11
   3.3615823e+04  -2.3891555e-11
   3.3615648e+04  -2.2874147e-11
   3.3615474e+04  -2.2309044e-11
   3.3615300e+04  -2.2008395e-11
   3.3615126e+04  -2.1220359e-11
   3.3614951e+04  -2.0422330e-11
   3.3614777e+04  -1.9838575e-11
   3.3614603e+04  -1.9589219e-11
   3.3614428e+04  -1.8983481e-11
   3.3614254e+04  -1.8225421e-11
   3.3614080e+04  -1.7798429e-11
   3.3613905e+04  -1.7494894e-11
   3.3613731e+04  -1.6950552e-11
   3.3613557e+04  -1.6399215e-11
   3.3613382e+04  -1.5975443e-11
   3.3613208e+04  -1.5685675e-11
   3.3613034e+04  -1.5230928e-11
   3.3612859e+04  -1.4713675e-11
   3.3612685e+04  -1.4413692e-11
   3.3612511e+04  -1.4085177e-11
   3.3612336e+04  -1.3738566e-11
   3.3612162e+04  -1.3285595e-11
   3.3611988e+04  -1.2978507e-11
   3.3611814e+04  -1.2726264e-11
   3.3611639e+04  -1.2394086e-11
   3.3611465e+04  -1.2063239e-11
   3.3611291e+04  -1.1688428e-11
   3.3611116e+04  -1.1511680e-11
   3.3610942e+04  -1.1240786e-11
   3.3610768e+04  -1.0939694e-11
   3.3610593e+04  -1.0633272e-11
   3.3610419e+04  -1.0423662e-11
   3.3610245e+04  -1.0208723e-11
   3.3610070e+04  -9.9351638e-12
   3.3609896e+04  -9.6749275e-12
   3.3609722e+04  -9.4910746e-12
   3.3609547e+04  -9.2832408e-12
   3.3609373e+04  -9.0096819e-12
   3.3609199e+04  -8.8320462e-12
   3.3609024e+04  -8.6579632e-12
   3.3608850e+04  -8.4769969e-12
   3.3608676e+04  -8.2664986e-12
   3.3608502e+04  -8.0614959e-12
   3.3608327e+04  -7.9465601e-12
   3.3608153e+04  -7.6736534e-12
   3.3607979e+04  -7.5728868e-12
   3.3607804e+04  -7.3885897e-12
   3.3607630e+04  -7.2471213e-12
   3.3607456e+04  -7.1063650e-12
   3.3607281e+04  -6.9174545e-12
   3.3607107e+04  -6.7652706e-12
   3.3606933e+04  -6.6238499e-12
   3.3606758e+04  -6.5893376e-12
   3.3606584e+04  -6.2723516e-12
   3.3606410e+04  -6.2836238e-12
   3.3606235e+04  -6.0913496e-12
   3.3606061e+04  -6.0278449e-12
   3.3605887e+04  -5.8586157e-12
   3.3605712e+04  -5.7374105e-12
   3.3605538e+04  -5.6170624e-12
   3.3605364e+04  -5.5234706e-12
   3.3605190e+04  -5.4051763e-12
   3.3605015e+04  -5.3072546e-12
   3.3604841e+04  -5.1856297e-12
   3.3604667e+04  -5.1130211e-12
   3.3604492e+04  -5.0184301e-12
   3.3604318e+04  -4.8812066e-12
   3.3604144e+04  -4.8183679e-12
   3.3603969e+04  -4.6673776e-12
   3.3603795e+04  -4.6268545e-12
   3.3603621e+04  -4.5443649e-12
   3.3603446e+04  -4.4708681e-12
   3.3603272e+04  -4.3484105e-12
   3.3603098e+04  -4.2730819e-12
   3.3602923e+04  -4.2321702e-12
   3.3602749e+04  -4.1227022e-12
   3.3602575e+04  -4.0363268e-12
   3.3602400e+04  -4.0143444e-12
   3.3602226e+04  -3.8680170e-12
   3.3602052e+04  -3.8595793e-12
   3.3601878e+04  -3.7481129e-12
   3.3601703e+04  -3.7494452e-12
   3.3601529e+04  -3.6077807e-12
   3.3601355e+04  -3.6235459e-12
   3.3601180e+04  -3.4758862e-12
   3.3601006e+04  -3.4539038e-12
   3.3600832e+04  -3.3868464e-12
   3.3600657e+04  -3.3271164e-12
   3.3600483e+04  -3.2356340e-12
   3.3600309e+04  -3.2591707e-12
   3.3600134e+04  -3.1716851e-12
   3.3599960e+04  -3.0704328e-12
   3.3599786e+04  -3.0362379e-12
   3.3599611e+04  -3.0686564e-12
   3.3599437e+04  -2.9363179e-12
   3.3599263e+04  -2.8443914e-12
   3.3599088e+04  -2.9301006e-12
   3.3598914e+04  -2.7631231e-12
   3.3598740e+04  -2.7498004e-12
   3.3598566e+04  -2.6894043e-12
   3.3598391e+04  -2.6947333e-12
   3.3598217e+04  -2.6290081e-12
   3.3598043e+04  -2.5934810e-12
   3.3597868e+04  -2.5259794e-12
   3.3597694e+04  -2.5464075e-12
   3.3597520e+04  -2.3456792e-12
   3.3597345e+04  -2.4695801e-12
   3.3597171e+04  -2.3736568e-12
   3.3596997e+04  -2.3047120e-12
   3.3596822e+04  -2.3102076e-12
   3.3596648e+04  -2.2146729e-12
   3.3596474e+04  -2.2675195e-12
   3.3596299e+04  -2.2062352e-12
   3.3596125e+04  -2.1165292e-12
   3.3595951e+04  -2.1840307e-12
   3.3595776e+04  -2.0321522e-12
   3.3595602e+04  -2.1520563e-12
   3.3595428e+04  -2.0312640e-12
   3.3595254e+04  -1.9753088e-12
   3.3595079e+04  -1.9272917e-12
   3.3594905e+04  -1.9960700e-12
   3.3594731e+04  -1.8988144e-12
   3.3594556e+04  -1.8838264e-12
   3.3594382e+04  -1.8496316e-12
   3.3594208e+04  -1.8494095e-12
   3.3594033e+04  -1.7423840e-12
   3.3593859e+04  -1.8240964e-12
   3.3593685e+04  -1.7141288e-12
   3.3593510e+04  -1.7761903e-12
   3.3593336e+04  -1.6609492e-12
   3.3593162e+04  -1.6414647e-12
   3.3592987e+04  -1.6799062e-12
   3.3592813e+04  -1.6158741e-12
   3.3592639e+04  -1.6536772e-12
   3.3592464e+04  -1.5328849e-12
   3.3592290e+04  -1.5829560e-12
   3.3592116e+04  -1.5689672e-12
   3.3591942e+04  -1.4440116e-12
   3.3591767e+04  -1.5291657e-12
   3.3591593e+04  -1.4757084e-12
   3.3591419e+04  -1.4459545e-12
   3.3591244e+04  -1.4254153e-12
   3.3591070e+04  -1.3861134e-12
   3.3590896e+04  -1.3818530e-12
   3.3590721e+04  -1.3952173e-12
   3.3590547e+04  -1.3226920e-12
   3.3590373e+04  -1.3665735e-12
   3.3590198e+04  -1.2478907e-12
   3.3590024e+04  -1.3471446e-12
   3.3589850e+04  -1.2624346e-12
   3.3589675e+04  -1.2163603e-12
   3.3589501e+04  -1.2723156e-12
   3.3589327e+04  -1.1983747e-12
   3.3589152e+04  -1.2196077e-12
   3.3588978e+04  -1.2060075e-12
   3.3588804e+04  -1.1350088e-12
   3.3588630e+04  -1.2017574e-12
   3.3588455e+04  -1.1662754e-12
   3.3588281e+04  -1.1358692e-12
   3.3588107e+04  -1.1063130e-12
   3.3587932e+04  -1.1284029e-12
   3.3587758e+04  -1.0683676e-12
   3.3587584e+04  -1.1038948e-12
   3.3587409e+04  -1.0458301e-12
   3.3587235e+04  -1.0413892e-12
   3.3587061e+04  -1.0614842e-12
   3.3586886e+04  -9.8654418e-13
   3.3586712e+04  -1.0236256e-12
   3.3586538e+04  -9.9698028e-13
   3.3586363e+04  -9.9475983e-13
   3.3586189e+04  -1.0197398e-12
   3.3586015e+04  -9.4990682e-13
   3.3585840e+04  -9.4771413e-13
   3.3585666e+04  -9.0275010e-13
   3.3585492e+04  -9.8498987e-13
   3.3585318e+04  -8.8401508e-13
   3.3585143e+04  -9.3974828e-13
   3.3584969e+04  -8.9628305e-13
   3.3584795e+04  -8.7396756e-13
   3.3584620e+04  -8.7996277e-13
   3.3584446e+04  -9.2148511e-13
   3.3584272e+04  -8.0579987e-13
   3.3584097e+04  -8.4288132e-13
   3.3583923e+04  -8.1773477e-13
   3.3583749e+04  -8.3882901e-13
   3.3583574e+04  -8.1457063e-13
   3.3583400e+04  -7.8115292e-13
   3.3583226e+04  -7.8781426e-13
   3.3583051e+04  -7.9636298e-13
   3.3582877e+04  -7.7404749e-13
   3.3582703e+04  -7.9447560e-13
   3.3582528e+04  -7.2608586e-13
   3.3582354e+04  -7.5228712e-13
   3.3582180e+04  -7.1587181e-13
   3.3582005e+04  -7.0166095e-13
   3.3581831e+04  -7.4606987e-13
   3.3581657e+04  -7.0032868e-13
   3.3581483e+04  -7.4606987e-13
   3.3581308e+04  -6.5059069e-13
   3.3581134e+04  -7.0565775e-13
   3.3580960e+04  -6.9999562e-13
   3.3580785e+04  -6.3626882e-13
   3.3580611e+04  -6.9194650e-13
   3.3580437e+04  -6.5791816e-13
   3.3580262e+04  -6.7723605e-13
   3.3580088e+04  -6.3138383e-13
   3.3579914e+04  -6.9000361e-13
   3.3579739e+04  -6.1010919e-13
   3.3579565e+04  -6.2805317e-13
   3.3579391e+04  -6.8989259e-13
   3.3579216e+04  -5.7931437e-13
   3.3579042e+04  -6.0307315e-13
   3.3578868e+04  -6.3393735e-13
   3.3578693e+04  -5.7720495e-13
   3.3578519e+04  -5.8122951e-13
   3.3578345e+04  -6.0734751e-13
   3.3578171e+04  -5.2957638e-13
   3.3577996e+04  -6.0670913e-13
   3.3577822e+04  -5.2359506e-13
   3.3577648e+04  -5.6854521e-13
   3.3577473e+04  -5.9557914e-13
   3.3577299e+04  -4.9726889e-13
   3.3577125e+04  -5.5289107e-13
   3.3576950e+04  -5.2824412e-13
   3.3576776e+04  -5.6982197e-13
   3.3576602e+04  -5.2324811e-13
   3.3576427e+04  -5.2716165e-13
   3.3576253e+04  -5.0648374e-13
   3.3576079e+04  -5.3690385e-13
   3.3575904e+04  -5.2313709e-13
   3.3575730e+04  -5.1747495e-13
   3.3575556e+04  -4.7256643e-13
   3.3575381e+04  -5.0759397e-13
   3.3575207e+04  -4.6895821e-13
   3.3575033e+04  -5.3224092e-13
   3.3574859e+04  -4.0722981e-13
   3.3574684e+04  -4.8938631e-13
   3.3574510e+04  -4.6274096e-13
   3.3574336e+04  -4.8150373e-13
   3.3574161e+04  -4.5248527e-13
   3.3573987e+04  -3.7669867e-13
   3.3573813e+04  -5.2691185e-13
   3.3573638e+04  -4.1078252e-13
   3.3573464e+04  -4.8583360e-13
   3.3573290e+04  -4.3687276e-13
   3.3573115e+04  -4.3909321e-13
   3.3572941e+04  -4.2428908e-13
   3.3572767e+04  -4.2521542e-13
   3.3572592e+04  -4.5963233e-13
   3.3572418e+04  -3.9346304e-13
   3.3572244e+04  -4.3165471e-13
   3.3572069e+04  -3.9671044e-13
   3.3571895e+04  -4.3520743e-13
   3.3571721e+04  -3.7159165e-13
   3.3571547e+04  -4.6673776e-13
   3.3571372e+04  -3.4150460e-13
   3.3571198e+04  -4.2366111e-13
   3.3571024e+04  -3.7159165e-13
   3.3570849e+04  -3.7464476e-13
   3.3570675e+04  -3.7850278e-13
   3.3570501e+04  -3.5188519e-13
   3.3570326e+04  -4.2404968e-13
   3.3570152e+04  -3.0672687e-13
   3.3569978e+04  -3.7056469e-13
   3.3569803e+04  -3.8517800e-13
   3.3569629e+04  -3.1223635e-13
   3.3569455e+04  -3.7159165e-13
   3.3569280e+04  -3.4466874e-13
   3.3569106e+04  -3.6648462e-13
   3.3568932e+04  -3.6259884e-13
   3.3568757e+04  -3.5080272e-13
   3.3568583e+04  -2.8960168e-13
   3.3568409e+04  -3.6914916e-13
   3.3568235e+04  -3.6448622e-13
   3.3568060e+04  -3.4144909e-13
   3.3567886e+04  -3.1369352e-13
   3.3567712e+04  -3.3784087e-13
   3.3567537e+04  -3.3995029e-13
   3.3567363e+04  -3.1119551e-13
   3.3567189e+04  -3.2662761e-13
   3.3567014e+04  -3.1041836e-13
   3.3566840e+04  -3.0531133e-13
   3.3566666e+04  -2.7190750e-13
   3.3566491e+04  -3.0470071e-13
   3.3566317e+04  -3.4633407e-13
   3.3566143e+04  -2.6134650e-13
   3.3565968e+04  -3.0261904e-13
   3.3565794e+04  -2.7368385e-13
   3.3565620e+04  -3.2219366e-13
   3.3565445e+04  -2.3453461e-13
   3.3565271e+04  -2.9781733e-13
   3.3565097e+04  -2.6179059e-13
   3.3564923e+04  -2.6889602e-13
   3.3564748e+04  -3.2551739e-13
   3.3564574e+04  -2.2781776e-13
   3.3564400e+04  -2.8144154e-13
   3.3564225e+04  -2.5429658e-13
   3.3564051e+04  -2.7378100e-13
   3.3563877e+04  -2.7489122e-13
   3.3563702e+04  -2.6001423e-13
   3.3563528e+04  -2.8776981e-13
   3.3563354e+04  -2.2915003e-13
   3.3563179e+04  -2.8732572e-13
   3.3563005e+04  -2.0494717e-13
   3.3562831e+04  -2.8765879e-13
   3.3562656e+04  -2.6334490e-13
   3.3562482e+04  -2.0206059e-13
   3.3562308e+04  -2.7888802e-13
   3.3562133e+04  -2.6778579e-13
   3.3561959e+04  -2.1782576e-13
   3.3561785e+04  -2.6378899e-13
   3.3561611e+04  -2.1509183e-13
   3.3561436e+04  -2.8325953e-13
   3.3561262e+04  -2.1294078e-13
   3.3561088e+04  -2.1149749e-13
   3.3560913e+04  -2.6478819e-13
   3.3560739e+04  -2.2765817e-13
   3.3560565e+04  -2.1177504e-13
   3.3560390e+04  -2.3464564e-13
   3.3560216e+04  -2.0317081e-13
   3.3560042e+04  -2.5524027e-13
   3.3559867e+04  -2.0405899e-13
   3.3559693e+04  -2.1294078e-13
   3.3559519e+04  -2.3081537e-13
   3.3559344e+04  -2.0339286e-13
   3.3559170e+04  -2.3558933e-13
   3.3558996e+04  -1.9900748e-13
   3.3558821e+04  -2.0694557e-13
   3.3558647e+04  -2.0849988e-13
   3.3558473e+04  -1.7941204e-13
   3.3558299e+04  -2.3081537e-13
   3.3558124e+04  -2.1150443e-13
   3.3557950e+04  -2.0811131e-13
   3.3557776e+04  -2.2098989e-13
   3.3557601e+04  -1.6808777e-13
   3.3557427e+04  -2.0972113e-13
   3.3557253e+04  -2.0103363e-13
   3.3557078e+04  -2.0450308e-13
   3.3556904e+04  -1.5820678e-13
   3.3556730e+04  -2.1649349e-13
   3.3556555e+04  -1.5204504e-13
   3.3556381e+04  -2.1518898e-13
   3.3556207e+04  -1.8418600e-13
   3.3556032e+04  -2.0283775e-13
   3.3555858e+04  -1.5520918e-13
   3.3555684e+04  -2.2248869e-13
   3.3555509e+04  -1.3811174e-13
   3.3555335e+04  -2.5979219e-13
   3.3555161e+04  -1.8959834e-13
   3.3554987e+04  -1.5559776e-13
   3.3554812e+04  -2.0616842e-13
   3.3554638e+04  -1.3966606e-13
   3.3554464e+04  -2.5757174e-13
   3.3554289e+04  -1.2267964e-13
   3.3554115e+04  -2.1338487e-13
   3.3553941e+04  -1.4727108e-13
   3.3553766e+04  -2.1560531e-13
   3.3553592e+04  -1.8562929e-13
   3.3553418e+04  -1.6198154e-13
   3.3553243e+04  -1.6608936e-13
   3.3553069e+04  -1.3677948e-13
   3.3552895e+04  -1.5670798e-13
   3.3552720e+04  -1.8163249e-13
   3.3552546e+04  -1.8030022e-13
   3.3552372e+04  -1.7141844e-13
   3.3552197e+04  -1.8665625e-13
   3.3552023e+04  -1.7064128e-13
   3.3551849e+04  -1.6808777e-13
   3.3551675e+04  -1.4499513e-13
   3.3551500e+04  -2.2071234e-13
   3.3551326e+04  -1.1612933e-13
   3.3551152e+04  -2.3148150e-13
   3.3550977e+04  -1.6242563e-13
   3.3550803e+04  -1.7663648e-13
   3.3550629e+04  -1.5276669e-13
   3.3550454e+04  -1.7011392e-13
   3.3550280e+04  -1.9127755e-13
   3.3550106e+04  -1.2298496e-13
   3.3549931e+04  -1.6817103e-13
   3.3549757e+04  -1.4332979e-13
   3.3549583e+04  -1.7605362e-13
   3.3549408e+04  -1.2328333e-13
   3.3549234e+04  -1.5090706e-13
   3.3549060e+04  -1.5987212e-13
   3.3548885e+04  -1.5959456e-13
   3.3548711e+04  -1.1557422e-13
   3.3548537e+04  -1.7780222e-13
   3.3548363e+04  -1.4055423e-13
   3.3548188e+04  -1.8829382e-13
   3.3548014e+04  -1.4027668e-13
   3.3547840e+04  -1.3417045e-13
   3.3547665e+04  -1.7369439e-13
   3.3547491e+04  -9.3147712e-14
   3.3547317e+04  -1.5193402e-13
   3.3547142e+04  -1.7738588e-13
   3.3546968e+04  -1.7486013e-13
   3.3546794e+04  -1.3247736e-13
   3.3546619e+04  -1.2972956e-13
   3.3546445e+04  -1.3500312e-13
   3.3546271e+04  -2.0350388e-13
   3.3546096e+04  -1.1178558e-13
   3.3545922e+04  -1.1221579e-13
   3.3545748e+04  -1.7097435e-13
   3.3545573e+04  -1.3566925e-13
   3.3545399e+04  -1.3788970e-13
   3.3545225e+04  -1.2778667e-13
   3.3545051e+04  -1.2421314e-13
   3.3544876e+04  -1.4566126e-13
   3.3544702e+04  -1.0719203e-13
   3.3544528e+04  -1.3711254e-13
   3.3544353e+04  -1.3961055e-13
   3.3544179e+04  -9.8004937e-14
   3.3544005e+04  -1.8085533e-13
   3.3543830e+04  -7.4273920e-14
   3.3543656e+04  -1.2950752e-13
   3.3543482e+04  -1.1701751e-13
   3.3543307e+04  -1.2334578e-13
   3.3543133e+04  -1.3500312e-13
   3.3542959e+04  -1.1146639e-13
   3.3542784e+04  -1.3500312e-13
   3.3542610e+04  -1.0436096e-13
   3.3542436e+04  -1.1168844e-13
   3.3542261e+04  -1.1723955e-13
   3.3542087e+04  -1.2254087e-13
   3.3541913e+04  -1.0180745e-13
   3.3541739e+04  -1.3233858e-13
   3.3541564e+04  -7.9089513e-14
   3.3541390e+04  -1.3927748e-13
   3.3541216e+04  -8.1712415e-14
   3.3541041e+04  -1.0647039e-13
   3.3540867e+04  -1.1779466e-13
   3.3540693e+04  -1.0230705e-13
   3.3540518e+04  -9.8920871e-14
   3.3540344e+04  -1.2510826e-13
   3.3540170e+04  -1.2481682e-13
   3.3539995e+04  -9.0899510e-14
   3.3539821e+04  -1.3036794e-13
   3.3539647e+04  -1.0012824e-13
   3.3539472e+04  -1.1777385e-13
   3.3539298e+04  -1.0164092e-13
   3.3539124e+04  -1.1302070e-13
   3.3538949e+04  -1.1907142e-13
   3.3538775e+04  -1.0552670e-13
   3.3538601e+04  -9.8809849e-14
   3.3538426e+04  -1.0336176e-13
   3.3538252e+04  -7.3024919e-14
   3.3538078e+04  -1.3310186e-13
   3.3537904e+04  -8.7096996e-14
   3.3537729e+04  -9.7921671e-14
   3.3537555e+04  -1.0386136e-13
   3.3537381e+04  -8.8651309e-14
   3.3537206e+04  -1.2312373e-13
   3.3537032e+04  -1.1354806e-13
   3.3536858e+04  -7.5495166e-14
   3.3536683e+04  -1.1035617e-13
   3.3536509e+04  -9.6866959e-14
   3.3536335e+04  -5.3568261e-14
   3.3536160e+04  -9.4868557e-14
   3.3535986e+04  -1.4244855e-13
   3.3535812e+04  -7.5703332e-14
   3.3535637e+04  -8.8137830e-14
   3.3535463e+04  -1.0477730e-13
   3.3535289e+04  -6.6974204e-14
   3.3535114e+04  -1.2154167e-13
   3.3534940e+04  -5.6649130e-14
   3.3534766e+04  -8.4598994e-14
   3.3534592e+04  -6.3282712e-14
   3.3534417e+04  -1.1113332e-13
   3.3534243e+04  -1.1342316e-13
   3.3534069e+04  -6.3740679e-14
   3.3533894e+04  -1.1285417e-13
   3.3533720e+04  -4.8988591e-14
   3.3533546e+04  -1.1182721e-13
   3.3533371e+04  -9.9253938e-14
   3.3533197e+04  -8.3988372e-14
   3.3533023e+04  -8.7041485e-14
   3.3532848e+04  -1.3114509e-13
   3.3532674e+04  -4.9363291e-14
   3.3532500e+04  -1.4005463e-13
   3.3532325e+04  -6.2949645e-14
   3.3532151e+04  -7.8284601e-14
   3.3531977e+04  -8.8720697e-14
   3.3531802e+04  -1.1096679e-13
   3.3531628e+04  -8.5154106e-14
   3.3531454e+04  -1.0164092e-13
   3.3531280e+04  -8.2378548e-14
   3.3531105e+04  -7.7660101e-14
   3.3530931e+04  -8.7527208e-14
   3.3530757e+04  -8.2489571e-14
   3.3530582e+04  -9.0510932e-14
   3.3530408e+04  -1.0608181e-13
   3.3530234e+04  -8.3322238e-14
   3.3530059e+04  -1.1865509e-13
   3.3529885e+04  -1.7708057e-14
   3.3529711e+04  -1.2538581e-13
   3.3529536e+04  -9.1655850e-14
   3.3529362e+04  -5.8647531e-14
   3.3529188e+04  -7.1442852e-14
   3.3529013e+04  -1.1521339e-13
   3.3528839e+04  -8.7985175e-14
   3.3528665e+04  -9.9031894e-14
   3.3528490e+04  -8.7332919e-14
   3.3528316e+04  -9.6964103e-14
   3.3528142e+04  -8.2850393e-14
   3.3527968e+04  -6.5294992e-14
   3.3527793e+04  -8.2545082e-14
   3.3527619e+04  -1.4535595e-13
   3.3527445e+04  -3.2321368e-14
   3.3527270e+04  -8.0893625e-14
   3.3527096e+04  -7.9942997e-14
   3.3526922e+04  -1.1021045e-13
   3.3526747e+04  -2.6922908e-14
   3.3526573e+04  -9.1870955e-14
   3.3526399e+04  -5.1514348e-14
   3.3526224e+04  -7.6272322e-14
   3.3526050e+04  -7.5384143e-14
   3.3525876e+04  -1.1746160e-13
   3.3525701e+04  -3.0864200e-14
   3.3525527e+04  -7.3274720e-14
   3.3525353e+04  -8.9039887e-14
   3.3525178e+04  -4.8405724e-14
   3.3525004e+04  -9.2259533e-14
   3.3524830e+04  -9.0372154e-14
   3.3524656e+04  -9.6589403e-14
   3.3524481e+04  -8.1129548e-14
   3.3524307e+04  -6.5059069e-14
   3.3524133e+04  -6.0479399e-14
   3.3523958e+04  -1.2531642e-13
   3.3523784e+04  -4.2431336e-14
   3.3523610e+04  -7.8451134e-14
   3.3523435e+04  -7.6855189e-14
   3.3523261e+04  -4.6629367e-14
   3.3523087e+04  -1.1976531e-13
   3.3522912e+04  -2.1982416e-14
   3.3522738e+04  -1.2276291e-13
   3.3522564e+04  -4.2160719e-14
   3.3522389e+04  -5.5899729e-14
   3.3522215e+04  -9.9642516e-14
   3.3522041e+04  -4.6657123e-14
   3.3521866e+04  -7.4579232e-14
   3.3521692e+04  -1.0935697e-13
   3.3521518e+04  -8.7707619e-15
   3.3521344e+04  -1.0641488e-13
   3.3521169e+04  -7.7493567e-14
   3.3520995e+04  -3.7247982e-14
   3.3520821e+04  -1.0969003e-13
   3.3520646e+04  -5.9729999e-14
   3.3520472e+04  -1.1646240e-13
   3.3520298e+04  -8.0602192e-14
   3.3520123e+04  -4.3409720e-14
   3.3519949e+04  -7.9047879e-14
   3.3519775e+04  -6.1950445e-14
   3.3519600e+04  -6.4726002e-14
   3.3519426e+04  -9.8254738e-14
   3.3519252e+04  -3.2321368e-14
   3.3519077e+04  -7.1248563e-14
   3.3518903e+04  -9.3397512e-14
   3.3518729e+04  -5.2902127e-14
   3.3518554e+04  -8.0546680e-14
   3.3518380e+04  -1.1729506e-13
   3.3518206e+04  -2.3980817e-14
   3.3518032e+04  -8.0532803e-14
   3.3517857e+04  -6.0784711e-14
   3.3517683e+04  -1.2517765e-13
   3.3517509e+04  -5.1902926e-14
   3.3517334e+04  -7.9602991e-14
   3.3517160e+04  -9.2093000e-14
   3.3516986e+04  -6.2769234e-14
   3.3516811e+04  -5.2687021e-14
   3.3516637e+04  -1.2045920e-13
   3.3516463e+04  -7.4037998e-14
   3.3516288e+04  -5.4040106e-14
   3.3516114e+04  -1.0673754e-13
   3.3515940e+04  -4.3270942e-14
   3.3515765e+04  -1.2287393e-13
   3.3515591e+04  -4.1855408e-14
   3.3515417e+04  -6.5586425e-14
   3.3515242e+04  -7.6050277e-14
   3.3515068e+04  -8.8262730e-14
   3.3514894e+04  -7.7271523e-14
   3.3514720e+04  -1.0791368e-13
   3.3514545e+04  -2.5091040e-14
   3.3514371e+04  -9.6408992e-14
   3.3514197e+04  -6.2422290e-14
   3.3514022e+04  -7.6216811e-14
   3.3513848e+04  -8.3155705e-14
   3.3513674e+04  -7.8825835e-14
   3.3513499e+04  -8.9990515e-14
   3.3513325e+04  -4.7267745e-14
   3.3513151e+04  -6.8556272e-14
   3.3512976e+04  -8.7041485e-14
   3.3512802e+04  -8.2489571e-14
   3.3512628e+04  -4.6906923e-15
   3.3512453e+04  -1.1221579e-13
   3.3512279e+04  -5.0737192e-14
   3.3512105e+04  -5.8231198e-14
   3.3511930e+04  -1.0874635e-13
   3.3511756e+04  -3.1502578e-14
   3.3511582e+04  -9.4618757e-14
   3.3511408e+04  -7.5439655e-14
   3.3511233e+04  -7.8159701e-14
   3.3511059e+04  -5.6843419e-14
   3.3510885e+04  -8.7485574e-14
   3.3510710e+04  -7.6272322e-14
   3.3510536e+04  -4.1161519e-14
   3.3510362e+04  -6.8889339e-14
   3.3510187e+04  -7.9103391e-14
   3.3510013e+04  -7.6050277e-14
   3.3509839e+04  -4.1855408e-14
   3.3509664e+04  -8.0713214e-14
   3.3509490e+04  -5.2069460e-14
   3.3509316e+04  -8.0324636e-14
   3.3509141e+04  -5.2680083e-14
   3.3508967e+04  -1.0169643e-13
   3.3508793e+04  -4.8905324e-14
   3.3508618e+04  -6.5336625e-14
   3.3508444e+04  -5.0182081e-14
   3.3508270e+04  -1.1829426e-13
   3.3508096e+04  -5.5067062e-14
   3.3507921e+04  -6.7279515e-14
   3.3507747e+04  -6.1839422e-14
   3.3507573e+04  -9.2127694e-14
   3.3507398e+04  -8.5154106e-14
   3.3507224e+04  -9.2148511e-14
   3.3507050e+04  -3.1419312e-14
   3.3506875e+04  -1.0680345e-13
   3.3506701e+04  -4.0634163e-14
   3.3506527e+04  -1.1113332e-13
   3.3506352e+04  -6.3504757e-14
   3.3506178e+04  -3.2751579e-14
   3.3506004e+04  -1.2112533e-13
   3.3505829e+04  -5.2291504e-14
   3.3505655e+04  -6.4392935e-14
   3.3505481e+04  -6.9277917e-14
   3.3505306e+04  -9.6811448e-14
   3.3505132e+04  -2.3953062e-14
   3.3504958e+04  -1.3111734e-13
   3.3504784e+04  -2.1094237e-14
   3.3504609e+04  -1.2922996e-13
   3.3504435e+04  -3.1641356e-14
   3.3504261e+04  -5.1569859e-14
   3.3504086e+04  -6.5558670e-14
   3.3503912e+04  -8.1185059e-14
   3.3503738e+04  -8.4404705e-14
   3.3503563e+04  -8.4848795e-14
   3.3503389e+04  -4.9016347e-14
   3.3503215e+04  -1.0290380e-13
   3.3503040e+04  -5.2416405e-14
   3.3502866e+04  -7.9963813e-14
   3.3502692e+04  -6.9895478e-14
   3.3502517e+04  -7.5051076e-14
   3.3502343e+04  -8.0727092e-14
   3.3502169e+04  -7.8506646e-14
   3.3501994e+04  -3.4042213e-14
   3.3501820e+04  -8.2961416e-14
   3.3501646e+04  -1.0504098e-13
   3.3501472e+04  -9.1315844e-15
   3.3501297e+04  -1.2558010e-13
   3.3501123e+04  -1.0727530e-14
   3.3500949e+04  -1.1973755e-13
   3.3500774e+04  -4.7822857e-14
   3.3500600e+04  -6.0562666e-14
   3.3500426e+04  -1.2811974e-13
   3.3500251e+04  -6.5503158e-14
   3.3500077e+04  -3.5749181e-14
   3.3499903e+04  -1.0957901e-13
   3.3499728e+04  -7.9818097e-14
   3.3499554e+04  -6.6655015e-14
   3.3499380e+04  -7.2775119e-14
   3.3499205e+04  -5.7925886e-14
   3.3499031e+04  -1.2521928e-13
   3.3498857e+04  -3.7587988e-14
   3.3498682e+04  -7.5477818e-14
   3.3498508e+04  -6.9416695e-14
   3.3498334e+04  -4.6518345e-14
   3.3498160e+04  -1.0064172e-13
   3.3497985e+04  -5.7953642e-14
   3.3497811e+04  -1.0397239e-13
   3.3497637e+04  -4.3021142e-14
   3.3497462e+04  -1.2612134e-13
   3.3497288e+04  -1.7069679e-14
   3.3497114e+04  -7.8742568e-14
   3.3496939e+04  -4.7073456e-14
   3.3496765e+04  -9.5368158e-14
   3.3496591e+04  -5.9729999e-14
   3.3496416e+04  -7.8159701e-14
   3.3496242e+04  -6.4281913e-14
   3.3496068e+04  -1.0580425e-13
   3.3495893e+04  -5.5649929e-14
   3.3495719e+04  -7.0277117e-14
   3.3495545e+04  -8.0380147e-14
   3.3495370e+04  -1.0069723e-13
   3.3495196e+04  -2.8532732e-14
   3.3495022e+04  -9.1371355e-14
   3.3494847e+04  -8.8429264e-14
   3.3494673e+04  -6.1048389e-14
   3.3494499e+04  -4.8572257e-14
   3.3494325e+04  -9.5923269e-14
   3.3494150e+04  -6.4170891e-14
   3.3493976e+04  -4.7184479e-14
   3.3493802e+04  -5.7454042e-14
   3.3493627e+04  -7.4718010e-14
   3.3493453e+04  -7.8381746e-14
   3.3493279e+04  -4.2188475e-14
   3.3493104e+04  -5.5511151e-14
   3.3492930e+04  -6.3948846e-14
   3.3492756e+04  -1.0302870e-13
   3.3492581e+04  -3.7969627e-14
   3.3492407e+04  -1.1934898e-13
   3.3492233e+04  -2.1316282e-14
   3.3492058e+04  -9.9809050e-14
   3.3491884e+04  -6.9277917e-14
   3.3491710e+04  -6.6502359e-14
   3.3491535e+04  -8.6902707e-14
   3.3491361e+04  -4.3964832e-14
   3.3491187e+04  -1.1529666e-13
   3.3491013e+04  -2.3925306e-14
   3.3490838e+04  -1.1096679e-13
   3.3490664e+04  -8.0990770e-14
   3.3490490e+04  -6.4649675e-14
   3.3490315e+04  -7.9547480e-14
   3.3490141e+04  -6.9166894e-14
   3.3489967e+04  -6.3282712e-14
   3.3489792e+04  -8.7485574e-14
   3.3489618e+04  -8.8540286e-14
   3.3489444e+04  -8.4932061e-14
   3.3489269e+04  -1.2331802e-13
   3.3489095e+04  -2.8171909e-14
   3.3488921e+04  -9.3619557e-14
   3.3488746e+04  -8.4501850e-14
   3.3488572e+04  -4.3125226e-14
   3.3488398e+04  -9.2870156e-14
   3.3488223e+04  -4.1550097e-14
   3.3488049e+04  -1.3206103e-13
   3.3487875e+04  -5.2291504e-14
   3.3487701e+04  -8.1379348e-14
   3.3487526e+04  -7.5994766e-14
   3.3487352e+04  -6.3823946e-14
   3.3487178e+04  -8.8345997e-14
   3.3487003e+04  -6.1561867e-14
   3.3486829e+04  -5.1625371e-14
   3.3486655e+04  -1.0158541e-13
   3.3486480e+04  -6.7446049e-14
   3.3486306e+04  -1.1562973e-13
   3.3486132e+04  -3.7525538e-14
   3.3485957e+04  -6.0840222e-14
   3.3485783e+04  -6.8722805e-14
   3.3485609e+04  -8.8151708e-14
   3.3485434e+04  -6.4170891e-14
   3.3485260e+04  -4.6629367e-14
   3.3485086e+04  -1.4238610e-13
   3.3484911e+04  -4.1099069e-14
   3.3484737e+04  -1.1274315e-13
   3.3484563e+04  -4.6518345e-14
   3.3484389e+04  -7.1942452e-14
   3.3484214e+04  -1.1124435e-13
   3.3484040e+04  -2.9698466e-14
   3.3483866e+04  -9.1537888e-14
   3.3483691e+04  -1.2339262e-13
   3.3483517e+04  -5.9008354e-14
   3.3483343e+04  -8.7374552e-14
   3.3483168e+04  -8.9539487e-14
   3.3482994e+04  -7.5939255e-14
   3.3482820e+04  -7.8603790e-14
   3.3482645e+04  -5.7620575e-14
   3.3482471e+04  -8.8984375e-14
   3.3482297e+04  -1.2431722e-13
   3.3482122e+04  -5.4428684e-14
   3.3481948e+04  -5.8869576e-14
   3.3481774e+04  -7.3274720e-14
   3.3481599e+04  -1.2073675e-13
   3.3481425e+04  -6.7890138e-14
   3.3481251e+04  -9.8032693e-14
   3.3481077e+04  -4.8627768e-14
   3.3480902e+04  -1.5162871e-13
   3.3480728e+04  -1.0091927e-13
   3.3480554e+04  -2.4980018e-14
   3.3480379e+04  -1.5493162e-13
   3.3480205e+04  -5.4900529e-14
   3.3480031e+04  -9.1260333e-14
   3.3479856e+04  -7.3552275e-14
   3.3479682e+04  -1.3811174e-13
   3.3479508e+04  -4.1411319e-14
   3.3479333e+04  -1.4800661e-13
   3.3479159e+04  -5.0195959e-14
   3.3478985e+04  -1.0429158e-13
   3.3478810e+04  -5.9369176e-14
   3.3478636e+04  -9.8865360e-14
   3.3478462e+04  -9.2259533e-14
   3.3478287e+04  -7.2386541e-14
   3.3478113e+04  -1.2928547e-13
   3.3477939e+04  -2.6201263e-14
   3.3477765e+04  -1.4205304e-13
   3.3477590e+04  -1.1195211e-13
   3.3477416e+04  -6.6585626e-14
   3.3477242e+04  -1.1415868e-13
   3.3477067e+04  -1.0466281e-13
   3.3476893e+04  -4.9807380e-14
   3.3476719e+04  -1.5001889e-13
   3.3476544e+04  -6.7428702e-14
   3.3476370e+04  -1.1626811e-13
   3.3476196e+04  -8.3322238e-14
   3.3476021e+04  -7.9103391e-14
   3.3475847e+04  -1.1063372e-13
   3.3475673e+04  -1.4266366e-13
   3.3475498e+04  -6.5059069e-14
   3.3475324e+04  -1.0758061e-13
   3.3475150e+04  -1.2229107e-13
   3.3474975e+04  -7.6161299e-14
   3.3474801e+04  -1.0275114e-13
   3.3474627e+04  -2.3203661e-14
   3.3474453e+04  -1.5848434e-13
   3.3474278e+04  -1.0438872e-13
   3.3474104e+04  -9.3008934e-14
   3.3473930e+04  -1.1465828e-13
   3.3473755e+04  -1.1668444e-13
   3.3473581e+04  -8.0060958e-14
   3.3473407e+04  -9.4785291e-14
   3.3473232e+04  -8.3599794e-14
   3.3473058e+04  -1.4233059e-13
   3.3472884e+04  -1.2534418e-13
   3.3472709e+04  -8.9261931e-14
   3.3472535e+04  -1.1901591e-13
   3.3472361e+04  -1.4144241e-13
   3.3472186e+04  -8.4043883e-14
   3.3472012e+04  -1.0781133e-13
   3.3471838e+04  -1.3972157e-13
   3.3471663e+04  -8.3488771e-14
   3.3471489e+04  -1.1946000e-13
   3.3471315e+04  -1.1550483e-13
   3.3471141e+04  -9.6811448e-14
   3.3470966e+04  -1.1601831e-13
   3.3470792e+04  -1.2068124e-13
   3.3470618e+04  -1.2856383e-13
   3.3470443e+04  -9.4924069e-14
   3.3470269e+04  -1.6842083e-13
   3.3470095e+04  -8.7152507e-14
   3.3469920e+04  -1.2129187e-13
   3.3469746e+04  -8.6708418e-14
   3.3469572e+04  -1.8729462e-13
   3.3469397e+04  -7.9714013e-14
   3.3469223e+04  -1.3364310e-13
   3.3469049e+04  -7.9825035e-14
   3.3468874e+04  -1.6020518e-13
   3.3468700e+04  -1.2112533e-13
   3.3468526e+04  -1.0103030e-13
   3.3468351e+04  -1.3977708e-13
   3.3468177e+04  -1.1690648e-13
   3.3468003e+04  -1.7008617e-13
   3.3467829e+04  -1.0080825e-13
   3.3467654e+04  -9.5923269e-14
   3.3467480e+04  -1.4310775e-13
   3.3467306e+04  -1.6431301e-13
   3.3467131e+04  -1.3034018e-13
   3.3466957e+04  -6.9499961e-14
   3.3466783e+04  -2.0050628e-13
   3.3466608e+04  -1.0658141e-13
   3.3466434e+04  -1.0080825e-13
   3.3466260e+04  -1.6409096e-13
   3.3466085e+04  -1.2745360e-13
   3.3465911e+04  -2.1715962e-13
   3.3465737e+04  -5.1736393e-14
   3.3465562e+04  -1.5254464e-13
   3.3465388e+04  -1.6808777e-13
   3.3465214e+04  -7.5495166e-14
   3.3465039e+04  -1.6253665e-13
   3.3464865e+04  -1.1413093e-13
   3.3464691e+04  -2.1183055e-13
   3.3464517e+04  -1.0436096e-13
   3.3464342e+04  -4.7961635e-14
   3.3464168e+04  -2.1671553e-13
   3.3463994e+04  -1.4610535e-13
   3.3463819e+04  -2.0516921e-13
   3.3463645e+04  -9.7255537e-14
   3.3463471e+04  -8.9483976e-14
   3.3463296e+04  -1.9506619e-13
   3.3463122e+04  -1.3883339e-13
   3.3462948e+04  -1.0499934e-13
   3.3462773e+04  -2.0650148e-13
   3.3462599e+04  -1.6986412e-13
   3.3462425e+04  -1.7319479e-13
   3.3462250e+04  -9.4591002e-14
   3.3462076e+04  -2.3403501e-13
   3.3461902e+04  -5.4622973e-14
   3.3461727e+04  -1.5498713e-13
   3.3461553e+04  -1.5498713e-13
   3.3461379e+04  -1.3500312e-13
   3.3461205e+04  -1.7141844e-13
   3.3461030e+04  -1.8429702e-13
   3.3460856e+04  -1.4654944e-13
   3.3460682e+04  -1.1524115e-13
   3.3460507e+04  -1.5409896e-13
   3.3460333e+04  -1.3566925e-13
   3.3460159e+04  -2.7955416e-13
   3.3459984e+04  -7.9825035e-14
   3.3459810e+04  -1.9029223e-13
   3.3459636e+04  -1.2734258e-13
   3.3459461e+04  -1.9295676e-13
   3.3459287e+04  -1.4233059e-13
   3.3459113e+04  -1.5487611e-13
   3.3458938e+04  -1.9984014e-13
   3.3458764e+04  -1.0957901e-13
   3.3458590e+04  -2.4524827e-13
   3.3458415e+04  -1.4976909e-13
   3.3458241e+04  -1.5387691e-13
   3.3458067e+04  -1.6675550e-13
   3.3457893e+04  -1.3844481e-13
   3.3457718e+04  -2.3980817e-13
   3.3457544e+04  -1.1934898e-13
   3.3457370e+04  -2.2326585e-13
   3.3457195e+04  -1.0808021e-13
   3.3457021e+04  -2.4086289e-13
   3.3456847e+04  -1.3178347e-13
   3.3456672e+04  -1.7419399e-13
   3.3456498e+04  -1.8146595e-13
   3.3456324e+04  -1.7919000e-13
   3.3456149e+04  -1.7152946e-13
   3.3455975e+04  -1.8585133e-13
   3.3455801e+04  -1.5076829e-13
   3.3455626e+04  -1.5076829e-13
   3.3455452e+04  -2.0095037e-13
   3.3455278e+04  -1.6742163e-13
   3.3455103e+04  -1.9406698e-13
   3.3454929e+04  -1.8696156e-13
   3.3454755e+04  -1.8074431e-13
   3.3454581e+04  -1.8074431e-13
   3.3454406e+04  -2.1493918e-13
   3.3454232e+04  -1.5809576e-13
   3.3454058e+04  -2.2204460e-13
   3.3453883e+04  -1.7141844e-13
   3.3453709e+04  -2.3714364e-13
   3.3453535e+04  -1.5321078e-13
   3.3453360e+04  -2.4602542e-13
   3.3453186e+04  -1.9539925e-13
   3.3453012e+04  -2.0627944e-13
   3.3452837e+04  -2.1405100e-13
   3.3452663e+04  -2.2104540e-13
   3.3452489e+04  -1.5243362e-13
   3.3452314e+04  -2.4252822e-13
   3.3452140e+04  -1.7305601e-13
   3.3451966e+04  -2.7158137e-13
   3.3451791e+04  -1.9555191e-13
   3.3451617e+04  -2.2420954e-13
   3.3451443e+04  -2.2391290e-13
   3.3451268e+04  -2.1735825e-13
   3.3451094e+04  -1.7685679e-13
   3.3450920e+04  -2.7065676e-13
   3.3450746e+04  -2.0286117e-13
   3.3450571e+04  -2.0472599e-13
   3.3450397e+04  -2.5268069e-13
   3.3450223e+04  -2.1029792e-13
